0.000000000000000000e+00	3.602830000000000155e+02	3.224490000000000123e+02	2.875899999999999750e+02	2.527769999999999868e+02	2.229770000000000039e+02	1.988750000000000000e+02	1.781850000000000023e+02	1.619799999999999898e+02	1.484759999999999991e+02	1.373290000000000077e+02	1.289749999999999943e+02	1.217879999999999967e+02	1.157909999999999968e+02	1.104129999999999967e+02	1.055370000000000061e+02	1.016919999999999931e+02	9.809900000000000375e+01	9.505500000000000682e+01	9.217100000000000648e+01	8.905800000000000693e+01	8.587600000000000477e+01	8.299299999999999500e+01	7.985699999999999932e+01	7.653799999999999670e+01	7.431799999999999784e+01	7.234999999999999432e+01	7.033499999999999375e+01	6.859600000000000364e+01	6.726800000000000068e+01	6.617000000000000171e+01	6.500199999999999534e+01	6.406399999999999295e+01	6.298799999999999955e+01	6.230199999999999960e+01	6.191299999999999670e+01	6.145499999999999829e+01	6.097399999999999665e+01	6.065400000000000347e+01	6.014999999999999858e+01	6.005899999999999750e+01	5.976100000000000279e+01	5.918900000000000006e+01	5.893699999999999761e+01	5.886800000000000210e+01	5.870799999999999841e+01	5.886800000000000210e+01	5.882300000000000040e+01	5.879999999999999716e+01	5.859400000000000119e+01	5.861699999999999733e+01	5.866199999999999903e+01	5.870799999999999841e+01	5.889099999999999824e+01	5.882300000000000040e+01	5.886800000000000210e+01	5.873100000000000165e+01	5.914300000000000068e+01	5.898299999999999699e+01	5.923499999999999943e+01	5.953199999999999648e+01	5.980700000000000216e+01	5.987500000000000000e+01	6.003600000000000136e+01	6.008100000000000307e+01	6.026500000000000057e+01	6.053900000000000148e+01	6.067699999999999960e+01	6.095100000000000051e+01	6.117999999999999972e+01	6.140899999999999892e+01	6.145499999999999829e+01	6.170700000000000074e+01	6.186699999999999733e+01	6.214099999999999824e+01	6.234700000000000131e+01	6.266799999999999926e+01	6.241599999999999682e+01	6.120300000000000296e+01	6.143200000000000216e+01	6.168399999999999750e+01	6.221000000000000085e+01	6.243900000000000006e+01	6.253099999999999881e+01	6.275900000000000034e+01	6.321699999999999875e+01	6.324000000000000199e+01	6.360600000000000165e+01	6.285099999999999909e+01	6.310300000000000153e+01	6.321699999999999875e+01	6.326299999999999812e+01	6.333200000000000074e+01	6.346900000000000119e+01	6.362899999999999778e+01	6.378900000000000148e+01	6.378900000000000148e+01	6.395000000000000284e+01	6.413299999999999557e+01	6.447599999999999909e+01	6.452200000000000557e+01	6.454500000000000171e+01	6.468200000000000216e+01	6.481900000000000261e+01	6.502500000000000568e+01	6.516299999999999670e+01	6.548300000000000409e+01	6.564300000000000068e+01	6.568899999999999295e+01	6.589499999999999602e+01	6.612399999999999523e+01	6.626099999999999568e+01	6.648999999999999488e+01	6.674200000000000443e+01	6.694799999999999329e+01	6.701699999999999591e+01	6.701699999999999591e+01	6.733700000000000330e+01	6.768000000000000682e+01	6.914499999999999602e+01	6.939700000000000557e+01	6.967199999999999704e+01	7.006100000000000705e+01	7.033499999999999375e+01	7.058700000000000330e+01	7.060999999999999943e+01	7.088500000000000512e+01	7.145699999999999363e+01	7.161700000000000443e+01	7.191500000000000625e+01	7.209799999999999898e+01	7.230400000000000205e+01	7.257800000000000296e+01	7.289900000000000091e+01	7.315099999999999625e+01	7.342499999999999716e+01	7.335699999999999932e+01	7.370000000000000284e+01	7.397499999999999432e+01	7.420300000000000296e+01	7.454699999999999704e+01	7.541700000000000159e+01	7.585099999999999909e+01	7.617199999999999704e+01	7.637800000000000011e+01	7.653799999999999670e+01	7.672100000000000364e+01	7.692700000000000671e+01	7.717900000000000205e+01	7.731600000000000250e+01	7.759099999999999397e+01	7.781999999999999318e+01	7.825499999999999545e+01	7.852899999999999636e+01	7.882699999999999818e+01	7.905599999999999739e+01	7.928499999999999659e+01	7.951399999999999579e+01	7.960500000000000398e+01	7.987999999999999545e+01	8.013200000000000500e+01	8.035999999999999943e+01	8.052100000000000080e+01	8.075000000000000000e+01	8.102400000000000091e+01	8.127599999999999625e+01	8.132200000000000273e+01	8.125300000000000011e+01	8.116100000000000136e+01	8.113899999999999579e+01	8.118399999999999750e+01	8.125300000000000011e+01	8.134499999999999886e+01	8.139000000000000057e+01	8.129900000000000659e+01	8.118399999999999750e+01	8.116100000000000136e+01	8.097799999999999443e+01	8.102400000000000091e+01	8.086400000000000432e+01	8.090999999999999659e+01	8.086400000000000432e+01	8.100100000000000477e+01	8.152800000000000580e+01	8.161899999999999977e+01	8.166500000000000625e+01	8.166500000000000625e+01	8.189400000000000546e+01	8.175700000000000500e+01	8.175700000000000500e+01
0.000000000000000000e+00	2.134089999999999918e+02	1.934509999999999934e+02	1.750260000000000105e+02	1.580660000000000025e+02	1.433720000000000141e+02	1.301419999999999959e+02	1.196370000000000005e+02	1.117399999999999949e+02	1.061550000000000011e+02	1.019210000000000065e+02	9.853400000000000603e+01	9.596999999999999886e+01	9.363599999999999568e+01	9.187300000000000466e+01	9.017900000000000205e+01	8.848600000000000421e+01	8.773000000000000398e+01	8.699800000000000466e+01	8.621999999999999886e+01	8.580800000000000693e+01	8.528100000000000591e+01	8.473199999999999932e+01	8.438899999999999579e+01	8.415999999999999659e+01	8.372499999999999432e+01	8.354200000000000159e+01	8.358799999999999386e+01	8.326699999999999591e+01	8.326699999999999591e+01	8.317600000000000193e+01	8.290099999999999625e+01	8.315300000000000580e+01	8.312999999999999545e+01	8.308400000000000318e+01	8.331300000000000239e+01	8.345000000000000284e+01	8.340500000000000114e+01	8.367900000000000205e+01	8.393099999999999739e+01	8.400000000000000000e+01	8.434300000000000352e+01	8.461799999999999500e+01	8.466299999999999670e+01	8.503000000000000114e+01	8.532699999999999818e+01	8.546399999999999864e+01	8.580800000000000693e+01	8.608199999999999363e+01	8.624299999999999500e+01	8.660899999999999466e+01	8.683799999999999386e+01	8.718099999999999739e+01	8.740999999999999659e+01	8.773000000000000398e+01	8.793600000000000705e+01	8.823399999999999466e+01	8.839400000000000546e+01	8.862300000000000466e+01	8.882899999999999352e+01	8.928700000000000614e+01	8.951600000000000534e+01	8.981300000000000239e+01	9.056900000000000261e+01	9.063700000000000045e+01	9.125499999999999545e+01	9.153000000000000114e+01	9.159900000000000375e+01	9.187300000000000466e+01	9.212500000000000000e+01	9.244499999999999318e+01	9.285699999999999932e+01	9.310899999999999466e+01	9.333799999999999386e+01	9.384199999999999875e+01	9.384199999999999875e+01	9.402500000000000568e+01	9.429900000000000659e+01	9.455100000000000193e+01	9.466599999999999682e+01	9.491700000000000159e+01	9.503199999999999648e+01	9.535200000000000387e+01	9.553499999999999659e+01	9.574099999999999966e+01	9.668000000000000682e+01	9.704600000000000648e+01	9.715999999999999659e+01	9.734300000000000352e+01	9.764100000000000534e+01	9.773300000000000409e+01	9.787000000000000455e+01	9.816700000000000159e+01	9.873999999999999488e+01	9.887699999999999534e+01	9.921999999999999886e+01	9.944899999999999807e+01	9.949500000000000455e+01	1.000439999999999969e+02	1.003419999999999987e+02	1.003880000000000052e+02	1.005480000000000018e+02	1.016919999999999931e+02	1.020360000000000014e+02	1.022420000000000044e+02	1.024479999999999933e+02	1.027909999999999968e+02	1.030199999999999960e+02	1.032939999999999969e+02	1.033859999999999957e+02	1.036380000000000052e+02	1.037750000000000057e+02	1.037980000000000018e+02	1.041179999999999950e+02	1.045529999999999973e+02	1.047819999999999965e+02	1.051029999999999944e+02	1.052399999999999949e+02	1.052860000000000014e+02	1.054689999999999941e+02	1.056520000000000010e+02	1.057660000000000053e+02	1.059950000000000045e+02	1.061550000000000011e+02	1.062009999999999934e+02	1.065439999999999969e+02	1.067960000000000065e+02	1.070019999999999953e+02	1.072999999999999972e+02	1.075520000000000067e+02	1.075739999999999981e+02	1.078949999999999960e+02	1.081009999999999991e+02	1.081470000000000056e+02	1.084899999999999949e+02	1.092000000000000028e+02	1.093829999999999956e+02	1.096340000000000003e+02	1.097489999999999952e+02	1.097489999999999952e+02	1.097950000000000017e+02	1.099090000000000060e+02	1.099320000000000022e+02	1.101610000000000014e+02	1.102750000000000057e+02	1.106189999999999998e+02	1.107330000000000041e+02	1.108469999999999942e+02	1.108700000000000045e+02	1.110310000000000059e+02	1.111680000000000064e+02	1.111680000000000064e+02	1.113509999999999991e+02	1.114200000000000017e+02	1.113280000000000030e+02	1.115109999999999957e+02	1.115799999999999983e+02	1.114879999999999995e+02	1.115799999999999983e+02	1.116490000000000009e+02	1.115340000000000060e+02	1.117630000000000052e+02	1.118550000000000040e+02	1.118089999999999975e+02	1.119459999999999980e+02	1.119689999999999941e+02	1.120150000000000006e+02	1.119689999999999941e+02	1.119230000000000018e+02	1.119000000000000057e+02	1.121520000000000010e+02	1.121059999999999945e+02	1.120379999999999967e+02	1.122210000000000036e+02	1.121749999999999972e+02	1.122210000000000036e+02	1.123349999999999937e+02	1.123119999999999976e+02	1.123349999999999937e+02	1.124270000000000067e+02	1.124270000000000067e+02	1.123119999999999976e+02	1.124500000000000028e+02	1.124729999999999990e+02	1.123810000000000002e+02	1.124729999999999990e+02	1.125870000000000033e+02	1.126099999999999994e+02	1.126790000000000020e+02	1.127699999999999960e+02
1.000000000000000000e+00	2.161560000000000059e+02	1.979139999999999873e+02	1.812059999999999889e+02	1.663280000000000030e+02	1.529159999999999968e+02	1.443789999999999907e+02	1.326829999999999927e+02	1.248550000000000040e+02	1.173020000000000067e+02	1.102750000000000057e+02	1.054689999999999941e+02	9.993000000000000682e+01	9.622199999999999420e+01	9.333799999999999386e+01	9.061400000000000432e+01	8.839400000000000546e+01	8.651699999999999591e+01	8.576200000000000045e+01	8.409099999999999397e+01	8.276399999999999579e+01	8.166500000000000625e+01	8.070399999999999352e+01	7.997100000000000364e+01	7.926200000000000045e+01	7.894100000000000250e+01	7.852899999999999636e+01	7.827800000000000580e+01	7.802599999999999625e+01	7.781999999999999318e+01	7.788800000000000523e+01	7.763700000000000045e+01	7.759099999999999397e+01	7.768200000000000216e+01	7.772799999999999443e+01	7.781999999999999318e+01	7.795699999999999363e+01	7.800300000000000011e+01	7.823199999999999932e+01	7.829999999999999716e+01	7.827800000000000580e+01	7.841500000000000625e+01	7.850600000000000023e+01	7.873499999999999943e+01	7.898699999999999477e+01	7.971999999999999886e+01	7.990300000000000580e+01	8.024599999999999511e+01	8.054399999999999693e+01	8.079500000000000171e+01	8.102400000000000091e+01	8.118399999999999750e+01	8.152800000000000580e+01	8.175700000000000500e+01	8.207699999999999818e+01	8.242000000000000171e+01	8.278700000000000614e+01	8.301500000000000057e+01	8.356499999999999773e+01	8.383899999999999864e+01	8.418300000000000693e+01	8.450300000000000011e+01	8.470900000000000318e+01	8.505200000000000671e+01	8.539600000000000080e+01	8.567000000000000171e+01	8.594499999999999318e+01	8.649399999999999977e+01	8.695199999999999818e+01	8.729600000000000648e+01	8.756999999999999318e+01	8.805100000000000193e+01	8.846299999999999386e+01	8.898900000000000432e+01	8.951600000000000534e+01	9.006499999999999773e+01	9.070600000000000307e+01	9.130100000000000193e+01	9.203300000000000125e+01	9.287999999999999545e+01	9.379600000000000648e+01	9.468800000000000239e+01	9.617600000000000193e+01	9.725199999999999534e+01	9.869400000000000261e+01	1.003880000000000052e+02	1.021269999999999953e+02	1.040040000000000049e+02	1.060870000000000033e+02	1.084440000000000026e+02	1.107789999999999964e+02	1.134339999999999975e+02	1.158829999999999956e+02	1.192019999999999982e+02	1.220400000000000063e+02	1.257930000000000064e+02	1.292949999999999875e+02	1.328660000000000139e+02	1.365049999999999955e+02	1.407620000000000005e+02	1.426160000000000139e+02	1.457520000000000095e+02	1.514279999999999973e+02	1.519780000000000086e+02	1.548160000000000025e+02	1.579739999999999895e+02	1.603319999999999936e+02	1.627580000000000098e+02	1.655500000000000114e+02	1.676330000000000098e+02	1.698990000000000009e+02	1.709290000000000020e+02	1.724399999999999977e+02	1.740190000000000055e+02	1.751169999999999902e+02	1.759410000000000025e+02	1.777500000000000000e+02	1.784360000000000070e+02	1.793520000000000039e+02	1.804499999999999886e+02	1.816639999999999873e+02	1.831049999999999898e+02	1.844329999999999927e+02	1.853029999999999973e+02	1.850049999999999955e+02	1.860809999999999889e+02	1.861719999999999970e+02	1.874770000000000039e+02	1.886440000000000055e+02	1.892849999999999966e+02	1.894910000000000139e+02	1.901779999999999973e+02	1.907500000000000000e+02	1.908189999999999884e+02	1.898350000000000080e+02	1.899259999999999877e+02	1.907729999999999961e+02	1.912309999999999945e+02	1.912990000000000066e+02	1.924670000000000130e+02	1.915279999999999916e+02	1.918029999999999973e+02	1.919629999999999939e+02	1.926959999999999980e+02	1.928329999999999984e+02	1.931529999999999916e+02	1.945500000000000114e+02	1.944809999999999945e+02	1.953050000000000068e+02	1.945039999999999907e+02	1.959459999999999980e+02	1.966090000000000089e+02	1.962199999999999989e+02	1.981430000000000007e+02	1.975939999999999941e+02	1.975250000000000057e+02	1.971589999999999918e+02	1.980970000000000084e+02	1.977309999999999945e+02	1.976390000000000100e+02	1.980970000000000084e+02	1.974559999999999889e+02	1.976390000000000100e+02	1.979370000000000118e+02	1.971359999999999957e+02	1.971819999999999879e+02	1.969989999999999952e+02	1.972729999999999961e+02	1.975709999999999980e+02	1.977769999999999868e+02	1.973880000000000052e+02	1.988530000000000086e+02	1.988979999999999961e+02	1.994480000000000075e+02	1.990360000000000014e+02	1.988300000000000125e+02	1.984410000000000025e+02	1.983950000000000102e+02	1.985550000000000068e+02	1.982119999999999891e+02	1.981659999999999968e+02	1.978230000000000075e+02	1.979830000000000041e+02	1.975020000000000095e+02	1.971129999999999995e+02	1.974110000000000014e+02	1.983489999999999895e+02	1.981659999999999968e+02	1.977769999999999868e+02	1.977309999999999945e+02
1.000000000000000000e+00	2.350159999999999911e+02	2.125629999999999882e+02	1.917110000000000127e+02	1.727369999999999948e+02	1.549530000000000030e+02	1.395490000000000066e+02	1.259989999999999952e+02	1.159740000000000038e+02	1.053769999999999953e+02	9.651900000000000546e+01	8.972199999999999420e+01	8.329000000000000625e+01	7.974200000000000443e+01	7.601200000000000045e+01	7.253300000000000125e+01	6.976300000000000523e+01	6.713100000000000023e+01	6.493399999999999750e+01	6.294299999999999784e+01	6.120300000000000296e+01	5.971500000000000341e+01	5.866199999999999903e+01	5.726599999999999824e+01	5.641899999999999693e+01	5.541199999999999903e+01	5.493200000000000216e+01	5.424499999999999744e+01	5.376400000000000290e+01	5.332900000000000063e+01	5.287199999999999989e+01	5.257399999999999807e+01	5.241400000000000148e+01	5.220799999999999841e+01	5.211599999999999966e+01	5.190999999999999659e+01	5.193299999999999983e+01	5.186500000000000199e+01	5.184199999999999875e+01	5.184199999999999875e+01	5.177300000000000324e+01	5.197899999999999920e+01	5.138400000000000034e+01	5.190999999999999659e+01	5.195600000000000307e+01	5.202499999999999858e+01	5.218500000000000227e+01	5.232200000000000273e+01	5.257399999999999807e+01	5.255100000000000193e+01	5.273400000000000176e+01	5.291700000000000159e+01	5.273400000000000176e+01	5.296300000000000097e+01	5.307800000000000296e+01	5.316899999999999693e+01	5.346699999999999875e+01	5.362700000000000244e+01	5.367300000000000182e+01	5.394700000000000273e+01	5.415299999999999869e+01	5.433700000000000330e+01	5.454299999999999926e+01	5.472599999999999909e+01	5.493200000000000216e+01	5.470300000000000296e+01	5.495499999999999829e+01	5.520600000000000307e+01	5.536699999999999733e+01	5.550399999999999778e+01	5.571000000000000085e+01	5.541199999999999903e+01	5.609899999999999665e+01	5.632800000000000296e+01	5.644200000000000017e+01	5.664800000000000324e+01	5.694599999999999795e+01	5.657999999999999829e+01	5.721999999999999886e+01	5.738100000000000023e+01	5.767799999999999727e+01	5.777000000000000313e+01	5.799900000000000233e+01	5.809000000000000341e+01	5.829599999999999937e+01	5.847899999999999920e+01	5.859400000000000119e+01	5.879999999999999716e+01	5.900600000000000023e+01	5.923499999999999943e+01	5.941799999999999926e+01	5.960099999999999909e+01	5.941799999999999926e+01	6.010399999999999920e+01	6.035600000000000165e+01	6.063100000000000023e+01	6.083700000000000330e+01	6.104299999999999926e+01	6.095100000000000051e+01	6.159199999999999875e+01	6.202700000000000102e+01	6.232500000000000284e+01	6.269100000000000250e+01	6.307999999999999829e+01	6.349199999999999733e+01	6.397200000000000131e+01	6.447599999999999909e+01	6.495699999999999363e+01	6.566599999999999682e+01	6.635299999999999443e+01	6.710800000000000409e+01	6.795499999999999829e+01	6.914499999999999602e+01	7.019799999999999329e+01	7.129699999999999704e+01	7.248699999999999477e+01	7.404300000000000637e+01	7.555400000000000205e+01	7.722499999999999432e+01	7.898699999999999477e+01	8.090999999999999659e+01	8.296999999999999886e+01	8.514400000000000546e+01	8.738700000000000045e+01	8.974500000000000455e+01	9.221599999999999397e+01	9.523799999999999955e+01	9.791599999999999682e+01	1.005019999999999953e+02	1.029509999999999934e+02	1.053769999999999953e+02	1.075520000000000067e+02	1.096340000000000003e+02	1.122669999999999959e+02	1.142349999999999994e+02	1.157229999999999990e+02	1.179200000000000017e+02	1.196820000000000022e+02	1.212390000000000043e+02	1.226350000000000051e+02	1.240769999999999982e+02	1.254959999999999951e+02	1.264110000000000014e+02	1.276020000000000039e+02	1.286999999999999886e+02	1.308979999999999961e+02	1.316299999999999955e+02	1.321560000000000059e+02	1.325000000000000000e+02	1.331860000000000070e+02	1.335529999999999973e+02	1.342390000000000043e+02	1.343540000000000134e+02	1.349490000000000123e+02	1.353609999999999900e+02	1.357500000000000000e+02	1.361850000000000023e+02	1.366200000000000045e+02	1.368029999999999973e+02	1.371229999999999905e+02	1.379010000000000105e+02	1.385649999999999977e+02	1.388849999999999909e+02	1.389079999999999870e+02	1.389079999999999870e+02	1.391370000000000005e+02	1.393890000000000100e+02	1.396639999999999873e+02	1.403269999999999982e+02	1.402820000000000107e+02	1.406479999999999961e+02	1.413350000000000080e+02	1.414950000000000045e+02	1.416320000000000050e+02	1.417920000000000016e+02	1.417009999999999934e+02	1.417239999999999895e+02	1.418149999999999977e+02	1.418149999999999977e+02	1.417470000000000141e+02	1.418379999999999939e+02	1.420670000000000073e+02	1.420209999999999866e+02	1.419300000000000068e+02	1.420209999999999866e+02	1.419979999999999905e+02	1.421810000000000116e+02	1.421810000000000116e+02	1.422729999999999961e+02	1.422729999999999961e+02
1.000000000000000000e+00	4.220810000000000173e+02	3.756179999999999950e+02	3.386990000000000123e+02	3.087839999999999918e+02	2.824399999999999977e+02	2.593690000000000282e+02	2.398220000000000027e+02	2.237090000000000032e+02	2.117160000000000082e+02	2.081450000000000102e+02	1.997909999999999968e+02	1.936109999999999900e+02	1.882549999999999955e+02	1.838839999999999861e+02	1.797410000000000139e+02	1.763309999999999889e+02	1.733319999999999936e+02	1.704029999999999916e+02	1.675869999999999891e+02	1.653209999999999980e+02	1.633760000000000048e+02	1.614300000000000068e+02	1.601030000000000086e+02	1.588899999999999864e+02	1.577220000000000084e+02	1.567379999999999995e+02	1.563720000000000141e+02	1.553420000000000130e+02	1.547009999999999934e+02	1.543580000000000041e+02	1.537630000000000052e+02	1.537170000000000130e+02	1.536709999999999923e+02	1.544490000000000123e+02	1.541980000000000075e+02	1.543350000000000080e+02	1.542889999999999873e+02	1.542210000000000036e+02	1.543120000000000118e+02	1.542889999999999873e+02	1.548389999999999986e+02	1.555480000000000018e+02	1.554339999999999975e+02	1.558689999999999998e+02	1.563259999999999934e+02	1.565320000000000107e+02	1.568530000000000086e+02	1.585240000000000009e+02	1.585920000000000130e+02	1.589579999999999984e+02	1.597139999999999986e+02	1.601719999999999970e+02	1.603549999999999898e+02	1.605610000000000070e+02	1.606289999999999907e+02	1.610180000000000007e+02	1.619799999999999898e+02	1.620939999999999941e+02	1.625980000000000132e+02	1.632390000000000043e+02	1.634670000000000130e+02	1.638110000000000070e+02	1.645200000000000102e+02	1.660080000000000098e+02	1.664660000000000082e+02	1.667860000000000014e+02	1.674039999999999964e+02	1.677930000000000064e+02	1.682050000000000125e+02	1.684569999999999936e+02	1.688689999999999998e+02	1.692350000000000136e+02	1.696930000000000121e+02	1.700130000000000052e+02	1.701510000000000105e+02	1.701279999999999859e+02	1.704710000000000036e+02	1.708830000000000098e+02	1.710660000000000025e+02	1.711810000000000116e+02	1.714780000000000086e+02	1.716160000000000139e+02	1.716839999999999975e+02	1.725540000000000020e+02	1.728060000000000116e+02	1.728969999999999914e+02	1.732410000000000139e+02	1.734470000000000027e+02	1.736980000000000075e+02	1.739730000000000132e+02	1.743160000000000025e+02	1.746599999999999966e+02	1.750260000000000105e+02	1.753460000000000036e+02	1.755519999999999925e+02	1.759639999999999986e+02	1.760790000000000077e+02	1.763990000000000009e+02	1.767880000000000109e+02	1.770629999999999882e+02	1.785960000000000036e+02	1.791690000000000111e+02	1.795809999999999889e+02	1.800610000000000070e+02	1.807249999999999943e+02	1.813199999999999932e+02	1.821670000000000016e+02	1.831279999999999859e+02	1.840440000000000111e+02	1.853940000000000055e+02	1.868820000000000050e+02	1.882319999999999993e+02	1.898569999999999993e+02	1.921459999999999866e+02	1.943660000000000139e+02	1.969300000000000068e+02	2.000660000000000025e+02	2.032700000000000102e+02	2.068410000000000082e+02	2.134319999999999879e+02	2.180790000000000077e+02	2.228849999999999909e+02	2.281490000000000009e+02	2.333220000000000027e+02	2.386090000000000089e+02	2.446980000000000075e+02	2.502820000000000107e+02	2.564159999999999968e+02	2.625500000000000114e+02	2.691879999999999882e+02	2.757339999999999804e+02	2.825090000000000146e+02	2.885969999999999800e+02	2.947080000000000268e+02	3.006129999999999995e+02	3.061979999999999791e+02	3.143460000000000036e+02	3.196109999999999900e+02	3.253100000000000023e+02	3.302540000000000191e+02	3.351519999999999868e+02	3.393860000000000241e+02	3.434370000000000118e+02	3.472370000000000232e+02	3.506700000000000159e+02	3.544689999999999941e+02	3.606490000000000009e+02	3.633500000000000227e+02	3.659359999999999786e+02	3.686139999999999759e+02	3.708799999999999955e+02	3.731689999999999827e+02	3.748170000000000073e+02	3.771970000000000027e+02	3.799209999999999923e+02	3.811800000000000068e+02	3.827359999999999900e+02	3.823929999999999723e+02	3.842010000000000218e+02	3.852769999999999868e+02	3.865360000000000014e+02	3.877029999999999745e+02	3.889850000000000136e+02	3.908159999999999741e+02	3.918000000000000114e+02	3.935169999999999959e+02	3.941349999999999909e+02	3.953929999999999723e+02	3.959200000000000159e+02	3.964460000000000264e+02	3.974300000000000068e+02	3.982769999999999868e+02	3.986890000000000214e+02	3.990099999999999909e+02	3.989639999999999986e+02	3.994220000000000255e+02	3.997880000000000109e+02	4.017110000000000127e+02	4.016650000000000205e+02	4.018020000000000209e+02	4.020539999999999736e+02	4.027180000000000177e+02	4.031750000000000114e+02	4.035640000000000214e+02	4.085310000000000059e+02	4.079359999999999786e+02	4.075930000000000177e+02	4.074329999999999927e+02	4.073870000000000005e+02
1.000000000000000000e+00	3.143919999999999959e+02	2.782060000000000173e+02	2.448120000000000118e+02	2.160420000000000016e+02	1.926270000000000095e+02	1.738129999999999882e+02	1.586839999999999975e+02	1.474459999999999980e+02	1.385649999999999977e+02	1.323619999999999948e+02	1.263889999999999958e+02	1.208269999999999982e+02	1.170960000000000036e+02	1.161350000000000051e+02	1.113280000000000030e+02	1.092450000000000045e+02	1.075520000000000067e+02	1.060870000000000033e+02	1.048050000000000068e+02	1.037750000000000057e+02	1.029740000000000038e+02	1.020810000000000031e+02	1.016009999999999991e+02	1.012800000000000011e+02	1.008449999999999989e+02	1.006850000000000023e+02	1.002960000000000065e+02	1.000439999999999969e+02	9.974699999999999989e+01	9.901399999999999579e+01	9.839600000000000080e+01	9.814499999999999602e+01	9.732099999999999795e+01	9.661100000000000421e+01	9.619899999999999807e+01	9.592400000000000659e+01	9.594700000000000273e+01	9.601600000000000534e+01	9.594700000000000273e+01	9.585599999999999454e+01	9.612999999999999545e+01	9.638200000000000500e+01	9.670300000000000296e+01	9.718300000000000693e+01	9.757200000000000273e+01	9.793899999999999295e+01	9.860200000000000387e+01	9.908299999999999841e+01	9.942600000000000193e+01	1.000439999999999969e+02	1.007770000000000010e+02	1.013949999999999960e+02	1.019440000000000026e+02	1.025849999999999937e+02	1.031800000000000068e+02	1.040949999999999989e+02	1.048509999999999991e+02	1.055370000000000061e+02	1.063840000000000003e+02	1.072079999999999984e+02	1.079639999999999986e+02	1.087189999999999941e+02	1.092219999999999942e+02	1.097259999999999991e+02	1.102750000000000057e+02	1.107330000000000041e+02	1.111449999999999960e+02	1.116029999999999944e+02	1.121059999999999945e+02	1.127699999999999960e+02	1.134110000000000014e+02	1.139599999999999937e+02	1.144410000000000025e+02	1.151959999999999980e+02	1.157680000000000007e+02	1.164320000000000022e+02	1.177600000000000051e+02	1.185379999999999967e+02	1.194989999999999952e+02	1.208949999999999960e+02	1.220630000000000024e+02	1.233900000000000006e+02	1.249920000000000044e+02	1.268689999999999998e+02	1.288149999999999977e+02	1.310349999999999966e+02	1.335070000000000050e+02	1.362079999999999984e+02	1.394579999999999984e+02	1.427309999999999945e+02	1.461639999999999873e+02	1.501009999999999991e+02	1.539230000000000018e+02	1.580889999999999986e+02	1.625060000000000002e+02	1.670380000000000109e+02	1.715699999999999932e+02	1.760099999999999909e+02	1.802220000000000084e+02	1.844329999999999927e+02	1.887359999999999900e+02	1.925579999999999927e+02	1.962429999999999950e+02	2.001109999999999900e+02	2.036359999999999957e+02	2.067030000000000030e+02	2.095180000000000007e+02	2.120819999999999936e+02	2.145769999999999982e+02	2.168880000000000052e+02	2.190399999999999920e+02	2.208249999999999886e+02	2.230000000000000000e+02	2.244869999999999948e+02	2.255860000000000127e+02	2.268679999999999950e+02	2.279430000000000121e+02	2.289960000000000093e+02	2.301639999999999873e+02	2.309879999999999995e+02	2.321550000000000011e+02	2.329329999999999927e+02	2.335509999999999877e+02	2.344890000000000043e+02	2.351069999999999993e+02	2.355649999999999977e+02	2.362059999999999889e+02	2.367319999999999993e+02	2.376020000000000039e+02	2.376250000000000000e+02	2.387009999999999934e+02	2.390670000000000073e+02	2.393420000000000130e+02	2.397309999999999945e+02	2.402340000000000089e+02	2.409900000000000091e+02	2.413329999999999984e+02	2.418369999999999891e+02	2.421109999999999900e+02	2.426829999999999927e+02	2.427750000000000057e+02	2.430039999999999907e+02	2.434389999999999930e+02	2.437359999999999900e+02	2.438739999999999952e+02	2.446059999999999945e+02	2.448580000000000041e+02	2.450180000000000007e+02	2.453609999999999900e+02	2.455900000000000034e+02	2.459790000000000134e+02	2.463230000000000075e+02	2.463679999999999950e+02	2.465740000000000123e+02	2.469859999999999900e+02	2.468950000000000102e+02	2.469180000000000064e+02	2.471239999999999952e+02	2.472379999999999995e+02	2.474900000000000091e+02	2.478329999999999984e+02	2.480389999999999873e+02	2.480850000000000080e+02	2.482220000000000084e+02	2.482450000000000045e+02	2.481990000000000123e+02	2.484739999999999895e+02	2.484279999999999973e+02	2.482450000000000045e+02	2.488859999999999957e+02	2.484279999999999973e+02	2.484970000000000141e+02	2.485430000000000064e+02	2.482680000000000007e+02	2.479480000000000075e+02	2.479019999999999868e+02	2.477870000000000061e+02	2.476270000000000095e+02	2.477649999999999864e+02	2.475360000000000014e+02	2.473750000000000000e+02	2.477870000000000061e+02	2.475589999999999975e+02	2.473300000000000125e+02	2.475130000000000052e+02	2.474900000000000091e+02	2.473750000000000000e+02	2.473300000000000125e+02	2.472839999999999918e+02
0.000000000000000000e+00	3.375319999999999823e+02	2.953489999999999895e+02	2.582930000000000064e+02	2.259290000000000020e+02	1.997680000000000007e+02	1.780929999999999893e+02	1.628720000000000141e+02	1.526870000000000118e+02	1.453629999999999995e+02	1.394120000000000061e+02	1.344679999999999893e+02	1.305080000000000098e+02	1.269839999999999947e+02	1.240079999999999956e+02	1.215130000000000052e+02	1.194080000000000013e+02	1.173250000000000028e+02	1.156080000000000041e+02	1.141659999999999968e+02	1.127469999999999999e+02	1.117860000000000014e+02	1.107560000000000002e+02	1.097720000000000056e+02	1.088790000000000049e+02	1.080550000000000068e+02	1.073460000000000036e+02	1.067279999999999944e+02	1.062930000000000064e+02	1.058810000000000002e+02	1.055829999999999984e+02	1.054000000000000057e+02	1.051710000000000065e+02	1.050570000000000022e+02	1.049650000000000034e+02	1.048970000000000056e+02	1.049650000000000034e+02	1.049189999999999969e+02	1.048280000000000030e+02	1.050340000000000060e+02	1.053089999999999975e+02	1.054689999999999941e+02	1.057660000000000053e+02	1.060870000000000033e+02	1.064069999999999965e+02	1.067279999999999944e+02	1.070019999999999953e+02	1.072540000000000049e+02	1.076200000000000045e+02	1.078029999999999973e+02	1.082609999999999957e+02	1.085360000000000014e+02	1.087879999999999967e+02	1.090619999999999976e+02	1.092909999999999968e+02	1.095660000000000025e+02	1.098179999999999978e+02	1.102289999999999992e+02	1.105040000000000049e+02	1.108020000000000067e+02	1.111910000000000025e+02	1.116029999999999944e+02	1.117860000000000014e+02	1.121059999999999945e+02	1.124270000000000067e+02	1.127009999999999934e+02	1.129989999999999952e+02	1.132049999999999983e+02	1.133880000000000052e+02	1.135939999999999941e+02	1.141889999999999930e+02	1.142579999999999956e+02	1.144869999999999948e+02	1.145550000000000068e+02	1.151050000000000040e+02	1.153110000000000070e+02	1.155400000000000063e+02	1.156770000000000067e+02	1.159969999999999999e+02	1.161580000000000013e+02	1.163859999999999957e+02	1.166149999999999949e+02	1.168209999999999980e+02	1.169819999999999993e+02	1.173930000000000007e+02	1.175769999999999982e+02	1.177369999999999948e+02	1.180109999999999957e+02	1.181949999999999932e+02	1.183780000000000001e+02	1.186749999999999972e+02	1.189039999999999964e+02	1.190639999999999930e+02	1.193619999999999948e+02	1.196820000000000022e+02	1.199339999999999975e+02	1.202770000000000010e+02	1.205979999999999990e+02	1.208949999999999960e+02	1.211470000000000056e+02	1.214219999999999970e+02	1.216050000000000040e+02	1.219710000000000036e+02	1.221539999999999964e+02	1.226809999999999974e+02	1.230469999999999970e+02	1.233900000000000006e+02	1.236189999999999998e+02	1.239399999999999977e+02	1.241680000000000064e+02	1.243289999999999935e+02	1.246260000000000048e+02	1.248780000000000001e+02	1.250840000000000032e+02	1.252900000000000063e+02	1.257710000000000008e+02	1.259309999999999974e+02	1.260909999999999940e+02	1.262279999999999944e+02	1.263889999999999958e+02	1.265720000000000027e+02	1.266860000000000070e+02	1.267780000000000058e+02	1.269150000000000063e+02	1.270750000000000028e+02	1.270750000000000028e+02	1.273040000000000020e+02	1.273499999999999943e+02	1.274639999999999986e+02	1.275330000000000013e+02	1.275789999999999935e+02	1.275330000000000013e+02	1.276470000000000056e+02	1.277390000000000043e+02	1.277620000000000005e+02	1.279219999999999970e+02	1.280360000000000014e+02	1.281970000000000027e+02	1.283340000000000032e+02	1.284029999999999916e+02	1.285399999999999920e+02	1.286769999999999925e+02	1.286769999999999925e+02	1.286999999999999886e+02	1.287920000000000016e+02	1.289290000000000020e+02	1.289749999999999943e+02	1.290209999999999866e+02	1.291349999999999909e+02	1.291119999999999948e+02	1.292719999999999914e+02	1.293180000000000121e+02	1.295010000000000048e+02	1.297529999999999859e+02	1.297069999999999936e+02	1.297299999999999898e+02	1.299130000000000109e+02	1.299360000000000070e+02	1.299130000000000109e+02	1.300509999999999877e+02	1.301649999999999920e+02	1.301189999999999998e+02	1.302570000000000050e+02	1.303480000000000132e+02	1.303249999999999886e+02	1.304859999999999900e+02	1.305310000000000059e+02	1.302800000000000011e+02	1.304399999999999977e+02	1.304629999999999939e+02	1.304629999999999939e+02	1.313100000000000023e+02	1.314010000000000105e+02	1.314699999999999989e+02	1.312870000000000061e+02	1.313319999999999936e+02	1.312870000000000061e+02	1.314010000000000105e+02	1.314240000000000066e+02	1.312870000000000061e+02	1.315840000000000032e+02	7.239499999999999602e+01	7.214400000000000546e+01	7.264700000000000557e+01	7.294499999999999318e+01	7.273900000000000432e+01	7.264700000000000557e+01	7.248699999999999477e+01	7.257800000000000296e+01	7.253300000000000125e+01
0.000000000000000000e+00	6.257169999999999845e+02	5.531620000000000346e+02	4.865799999999999841e+02	4.276659999999999968e+02	3.737869999999999777e+02	3.284680000000000177e+02	2.909549999999999841e+02	2.628940000000000055e+02	2.393880000000000052e+02	2.215120000000000005e+02	2.081450000000000102e+02	1.973880000000000052e+02	1.889879999999999995e+02	1.817779999999999916e+02	1.681589999999999918e+02	1.581119999999999948e+02	1.535339999999999918e+02	1.611330000000000098e+02	1.570819999999999936e+02	1.528470000000000084e+02	1.484300000000000068e+02	1.439209999999999923e+02	1.402589999999999861e+02	1.366879999999999882e+02	1.333689999999999998e+02	1.303940000000000055e+02	1.285169999999999959e+02	1.270070000000000050e+02	1.244200000000000017e+02	1.227489999999999952e+02	1.212620000000000005e+02	1.198880000000000052e+02	1.192249999999999943e+02	1.181490000000000009e+02	1.170499999999999972e+02	1.160889999999999986e+02	1.154710000000000036e+02	1.146929999999999978e+02	1.142349999999999994e+02	1.135709999999999980e+02	1.133190000000000026e+02	1.131129999999999995e+02	1.128619999999999948e+02	1.125180000000000007e+02	1.124729999999999990e+02	1.121290000000000049e+02	1.123810000000000002e+02	1.125639999999999930e+02	1.124729999999999990e+02	1.122890000000000015e+02	1.120829999999999984e+02	1.124500000000000028e+02	1.125639999999999930e+02	1.128619999999999948e+02	1.128160000000000025e+02	1.129300000000000068e+02	1.132969999999999970e+02	1.131590000000000060e+02	1.132740000000000009e+02	1.137540000000000049e+02	1.137999999999999972e+02	1.143259999999999934e+02	1.148070000000000022e+02	1.148760000000000048e+02	1.150589999999999975e+02	1.154479999999999933e+02	1.162259999999999991e+02	1.166149999999999949e+02	1.170960000000000036e+02	1.172789999999999964e+02	1.177600000000000051e+02	1.182860000000000014e+02	1.188130000000000024e+02	1.190870000000000033e+02	1.192249999999999943e+02	1.197510000000000048e+02	1.200259999999999962e+02	1.206209999999999951e+02	1.221770000000000067e+02	1.219249999999999972e+02	1.225430000000000064e+02	1.227039999999999935e+02	1.227259999999999991e+02	1.229320000000000022e+02	1.229549999999999983e+02	1.230699999999999932e+02	1.233900000000000006e+02	1.239620000000000033e+02	1.239849999999999994e+02	1.243289999999999935e+02	1.244890000000000043e+02	1.248089999999999975e+02	1.253359999999999985e+02	1.261370000000000005e+02	1.263659999999999997e+02	1.265949999999999989e+02	1.267549999999999955e+02	1.273960000000000008e+02	1.275330000000000013e+02	1.279219999999999970e+02	1.289979999999999905e+02	1.288600000000000136e+02	1.291579999999999870e+02	1.290889999999999986e+02	1.294329999999999927e+02	1.296620000000000061e+02	1.297990000000000066e+02	1.298449999999999989e+02	1.303480000000000132e+02	1.309430000000000121e+02	1.310349999999999966e+02	1.311040000000000134e+02	1.314240000000000066e+02	1.315610000000000070e+02	1.322709999999999866e+02	1.333470000000000084e+02	1.335070000000000050e+02	1.337129999999999939e+02	1.337359999999999900e+02	1.340560000000000116e+02	1.343079999999999927e+02	1.343079999999999927e+02	1.345370000000000061e+02	1.348799999999999955e+02	1.350169999999999959e+02	1.354290000000000020e+02	1.356579999999999870e+02	1.363679999999999950e+02	1.366419999999999959e+02	1.367800000000000011e+02	1.370089999999999861e+02	1.373750000000000000e+02	1.377179999999999893e+02	1.381069999999999993e+02	1.393890000000000100e+02	1.395720000000000027e+02	1.398470000000000084e+02	1.400529999999999973e+02	1.404190000000000111e+02	1.408770000000000095e+02	1.411289999999999907e+02	1.414259999999999877e+02	1.416090000000000089e+02	1.417470000000000141e+02	1.420670000000000073e+02	1.424099999999999966e+02	1.429600000000000080e+02	1.431879999999999882e+02	1.437839999999999918e+02	1.439670000000000130e+02	1.442870000000000061e+02	1.449050000000000011e+02	1.460269999999999868e+02	1.462330000000000041e+02	1.463470000000000084e+02	1.465529999999999973e+02	1.469420000000000073e+02	1.472170000000000130e+02	1.474230000000000018e+02	1.474230000000000018e+02	1.472170000000000130e+02	1.474230000000000018e+02	1.475370000000000061e+02	1.475140000000000100e+02	1.474689999999999941e+02	1.474000000000000057e+02	1.473540000000000134e+02	1.472849999999999966e+02	1.476289999999999907e+02	1.482239999999999895e+02	1.480869999999999891e+02	1.479950000000000045e+02	1.481090000000000089e+02	1.478580000000000041e+02	1.479029999999999916e+02	1.476289999999999907e+02	1.476970000000000027e+02	1.481550000000000011e+02	1.480409999999999968e+02	1.478120000000000118e+02	1.476970000000000027e+02	1.475829999999999984e+02	1.474000000000000057e+02	1.471939999999999884e+02	1.470339999999999918e+02	1.467589999999999861e+02	1.472400000000000091e+02	1.468959999999999866e+02	1.466670000000000016e+02
1.000000000000000000e+00	1.709979999999999905e+02	1.586380000000000052e+02	1.469190000000000111e+02	1.363449999999999989e+02	1.267780000000000058e+02	1.184920000000000044e+02	1.101380000000000052e+02	1.034090000000000060e+02	9.736599999999999966e+01	9.340699999999999648e+01	8.946999999999999886e+01	8.610500000000000398e+01	8.340500000000000114e+01	8.116100000000000136e+01	7.928499999999999659e+01	7.749899999999999523e+01	7.559999999999999432e+01	7.324200000000000443e+01	7.093000000000000682e+01	6.882500000000000284e+01	6.685599999999999454e+01	6.495699999999999363e+01	6.330899999999999750e+01	6.189000000000000057e+01	6.053900000000000148e+01	5.957800000000000296e+01	5.859400000000000119e+01	5.770100000000000051e+01	5.696900000000000119e+01	5.623599999999999710e+01	5.559499999999999886e+01	5.504599999999999937e+01	5.481700000000000017e+01	5.419899999999999807e+01	5.381000000000000227e+01	5.342099999999999937e+01	5.314600000000000080e+01	5.293999999999999773e+01	5.275699999999999790e+01	5.243699999999999761e+01	5.223100000000000165e+01	5.220799999999999841e+01	5.202499999999999858e+01	5.200200000000000244e+01	5.175000000000000000e+01	5.190999999999999659e+01	5.181900000000000261e+01	5.195600000000000307e+01	5.193299999999999983e+01	5.188799999999999812e+01	5.200200000000000244e+01	5.202499999999999858e+01	5.204800000000000182e+01	5.204800000000000182e+01	5.190999999999999659e+01	5.181900000000000261e+01	5.181900000000000261e+01	5.195600000000000307e+01	5.211599999999999966e+01	5.209400000000000119e+01	5.248299999999999699e+01	5.282600000000000051e+01	5.298599999999999710e+01	5.346699999999999875e+01	5.344400000000000261e+01	5.342099999999999937e+01	5.342099999999999937e+01	5.360399999999999920e+01	5.378699999999999903e+01	5.417600000000000193e+01	5.410799999999999699e+01	5.445100000000000051e+01	5.429099999999999682e+01	5.500000000000000000e+01	5.502300000000000324e+01	5.525200000000000244e+01	5.632800000000000296e+01	5.612199999999999989e+01	5.598400000000000176e+01	5.593900000000000006e+01	5.678600000000000136e+01	5.678600000000000136e+01	5.721999999999999886e+01	5.710600000000000165e+01	5.719800000000000040e+01	5.726599999999999824e+01	5.733500000000000085e+01	5.738100000000000023e+01	5.738100000000000023e+01	5.731199999999999761e+01	5.751800000000000068e+01	5.765500000000000114e+01	5.774699999999999989e+01	5.790699999999999648e+01	5.797599999999999909e+01	5.788400000000000034e+01	5.795300000000000296e+01	5.827300000000000324e+01	5.843399999999999750e+01	5.857099999999999795e+01	5.875399999999999778e+01	5.902900000000000347e+01	5.911999999999999744e+01	5.932600000000000051e+01	5.941799999999999926e+01	5.982999999999999829e+01	5.985300000000000153e+01	6.024199999999999733e+01	6.097399999999999665e+01	6.113400000000000034e+01	6.131700000000000017e+01	6.159199999999999875e+01	6.182099999999999795e+01	6.223299999999999699e+01	6.253099999999999881e+01	6.285099999999999909e+01	6.319400000000000261e+01	6.365200000000000102e+01	6.424699999999999989e+01	6.456799999999999784e+01	6.495699999999999363e+01	6.539199999999999591e+01	6.582599999999999341e+01	6.621599999999999397e+01	6.674200000000000443e+01	6.726800000000000068e+01	6.781799999999999784e+01	6.845900000000000318e+01	6.907699999999999818e+01	6.983199999999999363e+01	7.072400000000000375e+01	7.175400000000000489e+01	7.292199999999999704e+01	7.418099999999999739e+01	7.569100000000000250e+01	7.724800000000000466e+01	7.910200000000000387e+01	8.104699999999999704e+01	8.312999999999999545e+01	8.560200000000000387e+01	8.807399999999999807e+01	9.027100000000000080e+01	9.265099999999999625e+01	9.503199999999999648e+01	9.686299999999999955e+01	9.951800000000000068e+01	1.013490000000000038e+02	1.031340000000000003e+02	1.047129999999999939e+02	1.063160000000000025e+02	1.076889999999999930e+02	1.092000000000000028e+02	1.106869999999999976e+02	1.125180000000000007e+02	1.137770000000000010e+02	1.147159999999999940e+02	1.155619999999999976e+02	1.164549999999999983e+02	1.172560000000000002e+02	1.180109999999999957e+02	1.189500000000000028e+02	1.196140000000000043e+02	1.201400000000000006e+02	1.208040000000000020e+02	1.214219999999999970e+02	1.219710000000000036e+02	1.227039999999999935e+02	1.232069999999999936e+02	1.236880000000000024e+02	1.240999999999999943e+02	1.246490000000000009e+02	1.253130000000000024e+02	1.256560000000000059e+02	1.261140000000000043e+02	1.264110000000000014e+02	1.269839999999999947e+02	1.277159999999999940e+02	1.280140000000000100e+02	1.285169999999999959e+02	1.289060000000000059e+02	1.291810000000000116e+02	1.296839999999999975e+02	1.299590000000000032e+02	1.304629999999999939e+02	1.307369999999999948e+02	1.310120000000000005e+02	1.312179999999999893e+02	1.316299999999999955e+02	1.318820000000000050e+02
0.000000000000000000e+00	4.643100000000000023e+02	4.188079999999999927e+02	3.808140000000000214e+02	3.479920000000000186e+02	3.199080000000000155e+02	2.955319999999999823e+02	2.743609999999999900e+02	2.557529999999999859e+02	2.414929999999999950e+02	2.303700000000000045e+02	2.201160000000000139e+02	2.116930000000000121e+02	2.050099999999999909e+02	1.992640000000000100e+02	1.946409999999999911e+02	1.909099999999999966e+02	1.881639999999999873e+02	1.859209999999999923e+02	1.838839999999999861e+02	1.819149999999999920e+02	1.804730000000000132e+02	1.793979999999999961e+02	1.783449999999999989e+02	1.772690000000000055e+02	1.763540000000000134e+02	1.759869999999999948e+02	1.753460000000000036e+02	1.749799999999999898e+02	1.746370000000000005e+02	1.743849999999999909e+02	1.742940000000000111e+02	1.742479999999999905e+02	1.740879999999999939e+02	1.741560000000000059e+02	1.741790000000000020e+02	1.742709999999999866e+02	1.744079999999999870e+02	1.747059999999999889e+02	1.750260000000000105e+02	1.752549999999999955e+02	1.757580000000000098e+02	1.761020000000000039e+02	1.766049999999999898e+02	1.769710000000000036e+02	1.772460000000000093e+02	1.777719999999999914e+02	1.785049999999999955e+02	1.792369999999999948e+02	1.795809999999999889e+02	1.801529999999999916e+02	1.806339999999999861e+02	1.811599999999999966e+02	1.815949999999999989e+02	1.818919999999999959e+02	1.825329999999999870e+02	1.829679999999999893e+02	1.832889999999999873e+02	1.836779999999999973e+02	1.841119999999999948e+02	1.844790000000000134e+02	1.847079999999999984e+02	1.851419999999999959e+02	1.854859999999999900e+02	1.858979999999999961e+02	1.863779999999999859e+02	1.866990000000000123e+02	1.870190000000000055e+02	1.876370000000000005e+02	1.880039999999999907e+02	1.885300000000000011e+02	1.889420000000000073e+02	1.892620000000000005e+02	1.896059999999999945e+02	1.899259999999999877e+02	1.902920000000000016e+02	1.906129999999999995e+02	1.909329999999999927e+02	1.911390000000000100e+02	1.913679999999999950e+02	1.917570000000000050e+02	1.920089999999999861e+02	1.922839999999999918e+02	1.924439999999999884e+02	1.927640000000000100e+02	1.930159999999999911e+02	1.932909999999999968e+02	1.934279999999999973e+02	1.937030000000000030e+02	1.939319999999999879e+02	1.941829999999999927e+02	1.944350000000000023e+02	1.947100000000000080e+02	1.948930000000000007e+02	1.950989999999999895e+02	1.953959999999999866e+02	1.954190000000000111e+02	1.958079999999999927e+02	1.958770000000000095e+02	1.959230000000000018e+02	1.961289999999999907e+02	1.962889999999999873e+02	1.964950000000000045e+02	1.966100000000000136e+02	1.968379999999999939e+02	1.969070000000000107e+02	1.971359999999999957e+02	1.972959999999999923e+02	1.975020000000000095e+02	1.977539999999999907e+02	1.979600000000000080e+02	1.980519999999999925e+02	1.985089999999999861e+02	1.984859999999999900e+02	1.986920000000000073e+02	1.988300000000000125e+02	1.990130000000000052e+02	1.990809999999999889e+02	1.992419999999999902e+02	1.992870000000000061e+02	1.993559999999999945e+02	1.994019999999999868e+02	1.996080000000000041e+02	1.997220000000000084e+02	1.999279999999999973e+02	2.000879999999999939e+02	2.001570000000000107e+02	2.002489999999999952e+02	2.004319999999999879e+02	2.004089999999999918e+02	2.007290000000000134e+02	2.008439999999999941e+02	2.009579999999999984e+02	2.010730000000000075e+02	2.012789999999999964e+02	2.014850000000000136e+02	2.017359999999999900e+02	2.018509999999999991e+02	2.019650000000000034e+02	2.021479999999999961e+02	2.022170000000000130e+02	2.024000000000000057e+02	2.024000000000000057e+02	2.026059999999999945e+02	2.026750000000000114e+02	2.027210000000000036e+02	2.028810000000000002e+02	2.030180000000000007e+02	2.031560000000000059e+02	2.033389999999999986e+02	2.033619999999999948e+02	2.036359999999999957e+02	2.038420000000000130e+02	2.039569999999999936e+02	2.041399999999999864e+02	2.042079999999999984e+02	2.042309999999999945e+02	2.043689999999999998e+02	2.044830000000000041e+02	2.042309999999999945e+02	2.044139999999999873e+02	2.043689999999999998e+02	2.044139999999999873e+02	2.045980000000000132e+02	2.047119999999999891e+02	2.045980000000000132e+02	2.046430000000000007e+02	2.048259999999999934e+02	2.047810000000000059e+02	2.049639999999999986e+02	2.049410000000000025e+02	2.049869999999999948e+02	2.048040000000000020e+02	2.048489999999999895e+02	2.049180000000000064e+02	2.051239999999999952e+02	2.052839999999999918e+02	2.052160000000000082e+02	2.053300000000000125e+02	2.053990000000000009e+02	2.054900000000000091e+02	2.055130000000000052e+02	2.055819999999999936e+02	2.056500000000000057e+02	2.056959999999999980e+02	2.058789999999999907e+02	2.058559999999999945e+02	2.060159999999999911e+02	2.060620000000000118e+02	2.061999999999999886e+02
1.000000000000000000e+00	3.088759999999999764e+02	2.815480000000000018e+02	2.554089999999999918e+02	2.329790000000000134e+02	2.124939999999999998e+02	1.944350000000000023e+02	1.760560000000000116e+02	1.658710000000000093e+02	1.563259999999999934e+02	1.473079999999999927e+02	1.406479999999999961e+02	1.354519999999999982e+02	1.307139999999999986e+02	1.270070000000000050e+02	1.238250000000000028e+02	1.208949999999999960e+02	1.186520000000000010e+02	1.164549999999999983e+02	1.150819999999999936e+02	1.138229999999999933e+02	1.126560000000000059e+02	1.116710000000000065e+02	1.109389999999999930e+02	1.102519999999999953e+02	1.096119999999999948e+02	1.090849999999999937e+02	1.084899999999999949e+02	1.083299999999999983e+02	1.081470000000000056e+02	1.079410000000000025e+02	1.077349999999999994e+02	1.075739999999999981e+02	1.075969999999999942e+02	1.075739999999999981e+02	1.076200000000000045e+02	1.078259999999999934e+02	1.079639999999999986e+02	1.083299999999999983e+02	1.083979999999999961e+02	1.085819999999999936e+02	1.088559999999999945e+02	1.089479999999999933e+02	1.092450000000000045e+02	1.094509999999999934e+02	1.097030000000000030e+02	1.101839999999999975e+02	1.105270000000000010e+02	1.109620000000000033e+02	1.111910000000000025e+02	1.114650000000000034e+02	1.118550000000000040e+02	1.121520000000000010e+02	1.124500000000000028e+02	1.125870000000000033e+02	1.131129999999999995e+02	1.135480000000000018e+02	1.138460000000000036e+02	1.142349999999999994e+02	1.145100000000000051e+02	1.149219999999999970e+02	1.151500000000000057e+02	1.156539999999999964e+02	1.161119999999999948e+02	1.163640000000000043e+02	1.167069999999999936e+02	1.170729999999999933e+02	1.173479999999999990e+02	1.176910000000000025e+02	1.181719999999999970e+02	1.185610000000000070e+02	1.189729999999999990e+02	1.191790000000000020e+02	1.197969999999999970e+02	1.204150000000000063e+02	1.209410000000000025e+02	1.214680000000000035e+02	1.222000000000000028e+02	1.228870000000000005e+02	1.235729999999999933e+02	1.243059999999999974e+02	1.248780000000000001e+02	1.260679999999999978e+02	1.273269999999999982e+02	1.284939999999999998e+02	1.297760000000000105e+02	1.315380000000000109e+02	1.329799999999999898e+02	1.346049999999999898e+02	1.365740000000000123e+02	1.386800000000000068e+02	1.416090000000000089e+02	1.437379999999999995e+02	1.466220000000000141e+02	1.497340000000000089e+02	1.525960000000000036e+02	1.559830000000000041e+02	1.594389999999999930e+02	1.633530000000000086e+02	1.671519999999999868e+02	1.711810000000000116e+02	1.751860000000000070e+02	1.792139999999999986e+02	1.831279999999999859e+02	1.876599999999999966e+02	1.917110000000000127e+02	1.957400000000000091e+02	1.996769999999999925e+02	2.034989999999999952e+02	2.068410000000000082e+02	2.106169999999999902e+02	2.136150000000000091e+02	2.165219999999999914e+02	2.193600000000000136e+02	2.222899999999999920e+02	2.246250000000000000e+02	2.271189999999999998e+02	2.292709999999999866e+02	2.312390000000000043e+02	2.329099999999999966e+02	2.346270000000000095e+02	2.360000000000000000e+02	2.378770000000000095e+02	2.389300000000000068e+02	2.402340000000000089e+02	2.417220000000000084e+02	2.431870000000000118e+02	2.439190000000000111e+02	2.450180000000000007e+02	2.466430000000000007e+02	2.474209999999999923e+02	2.484050000000000011e+02	2.493899999999999864e+02	2.504650000000000034e+02	2.511059999999999945e+02	2.519989999999999952e+02	2.527769999999999868e+02	2.533259999999999934e+02	2.538300000000000125e+02	2.542649999999999864e+02	2.548369999999999891e+02	2.560269999999999868e+02	2.560040000000000191e+02	2.567599999999999909e+02	2.573319999999999936e+02	2.574689999999999941e+02	2.579499999999999886e+02	2.583159999999999741e+02	2.586139999999999759e+02	2.594150000000000205e+02	2.593229999999999791e+02	2.598720000000000141e+02	2.602389999999999759e+02	2.606279999999999859e+02	2.603990000000000009e+02	2.606050000000000182e+02	2.608340000000000032e+02	2.612230000000000132e+02	2.615430000000000064e+02	2.618639999999999759e+02	2.616809999999999832e+02	2.619780000000000086e+02	2.625729999999999791e+02	2.622069999999999936e+02	2.623899999999999864e+02	2.625049999999999955e+02	2.627559999999999718e+02	2.631680000000000064e+02	2.634889999999999759e+02	2.634429999999999836e+02	2.637409999999999854e+02	2.639689999999999941e+02	2.636030000000000086e+02	2.637860000000000014e+02	2.637409999999999854e+02	2.640149999999999864e+02	2.641299999999999955e+02	2.641530000000000200e+02	2.639470000000000027e+02	2.640380000000000109e+02	2.644270000000000209e+02	2.643589999999999804e+02	2.646329999999999814e+02	2.646789999999999736e+02	2.647019999999999982e+02	2.647930000000000064e+02	2.650219999999999914e+02	2.650679999999999836e+02	2.652280000000000086e+02	2.655260000000000105e+02
0.000000000000000000e+00	1.519780000000000086e+02	1.397090000000000032e+02	1.265949999999999989e+02	1.157000000000000028e+02	1.057890000000000015e+02	9.702299999999999613e+01	8.940099999999999625e+01	8.242000000000000171e+01	7.722499999999999432e+01	7.234999999999999432e+01	6.813800000000000523e+01	6.486499999999999488e+01	6.223299999999999699e+01	5.978399999999999892e+01	5.731199999999999761e+01	5.543500000000000227e+01	5.362700000000000244e+01	5.179599999999999937e+01	5.019400000000000261e+01	4.852300000000000324e+01	4.694400000000000261e+01	4.561599999999999966e+01	4.453999999999999915e+01	4.325900000000000034e+01	4.236599999999999966e+01	4.170199999999999818e+01	4.051200000000000045e+01	3.982500000000000284e+01	3.966499999999999915e+01	3.907000000000000028e+01	3.833800000000000097e+01	3.806300000000000239e+01	3.730799999999999983e+01	3.810900000000000176e+01	3.792600000000000193e+01	3.829200000000000159e+01	3.591199999999999903e+01	3.698700000000000188e+01	3.712500000000000000e+01	3.769700000000000273e+01	3.572800000000000153e+01	3.749099999999999966e+01	3.483599999999999852e+01	3.506499999999999773e+01	3.646099999999999852e+01	3.744500000000000028e+01	3.476700000000000301e+01	3.463000000000000256e+01	3.735399999999999920e+01	3.735399999999999920e+01	3.685000000000000142e+01	3.717000000000000171e+01	3.554500000000000171e+01	3.579699999999999704e+01	3.444700000000000273e+01	3.460699999999999932e+01	3.332500000000000284e+01	3.659799999999999898e+01	3.609499999999999886e+01	3.318800000000000239e+01	3.481300000000000239e+01	3.659799999999999898e+01	3.700999999999999801e+01	3.350800000000000267e+01	3.579699999999999704e+01	3.545400000000000063e+01	3.506499999999999773e+01	3.343999999999999773e+01	3.334799999999999898e+01	3.575099999999999767e+01	3.337100000000000222e+01	3.675800000000000267e+01	3.460699999999999932e+01	3.533899999999999864e+01	3.465299999999999869e+01	3.380599999999999739e+01	3.648400000000000176e+01	3.579699999999999704e+01	3.717000000000000171e+01	3.483599999999999852e+01	3.408100000000000307e+01	3.163100000000000023e+01	3.636899999999999977e+01	3.417199999999999704e+01	3.703300000000000125e+01	3.682699999999999818e+01	3.769700000000000273e+01	3.820000000000000284e+01	3.765100000000000335e+01	3.847500000000000142e+01	3.563700000000000045e+01	3.774300000000000210e+01	3.696399999999999864e+01	3.728499999999999659e+01	3.474399999999999977e+01	3.559100000000000108e+01	3.687299999999999756e+01	3.680400000000000205e+01	3.401200000000000045e+01	3.705599999999999739e+01	3.508800000000000097e+01	3.673599999999999710e+01	3.723899999999999721e+01	3.890999999999999659e+01	3.801700000000000301e+01	3.611800000000000210e+01	3.776599999999999824e+01	3.847500000000000142e+01	3.694200000000000017e+01	3.877300000000000324e+01	3.806300000000000239e+01	3.707900000000000063e+01	3.808599999999999852e+01	3.886399999999999721e+01	3.893299999999999983e+01	3.941299999999999670e+01	3.893299999999999983e+01	3.897899999999999920e+01	3.913900000000000290e+01	3.966499999999999915e+01	3.897899999999999920e+01	3.925300000000000011e+01	3.918500000000000227e+01	3.957399999999999807e+01	3.961899999999999977e+01	4.005400000000000205e+01	4.028300000000000125e+01	4.023700000000000188e+01	4.037500000000000000e+01	4.055799999999999983e+01	4.053499999999999659e+01	4.076400000000000290e+01	4.085499999999999687e+01	4.099300000000000210e+01	4.113000000000000256e+01	4.124499999999999744e+01	4.128999999999999915e+01	4.138199999999999790e+01	4.149600000000000222e+01	4.161099999999999710e+01	4.188499999999999801e+01	4.179399999999999693e+01	4.209100000000000108e+01	4.243500000000000227e+01	4.257200000000000273e+01	4.257200000000000273e+01	4.270900000000000318e+01	4.273199999999999932e+01	4.286999999999999744e+01	4.296099999999999852e+01	4.321300000000000097e+01	4.369400000000000261e+01	4.369400000000000261e+01	4.369400000000000261e+01	4.360199999999999676e+01	4.408299999999999841e+01	4.401400000000000290e+01	4.410600000000000165e+01	4.421999999999999886e+01	4.433400000000000318e+01	4.456300000000000239e+01	4.453999999999999915e+01	4.467799999999999727e+01	4.476899999999999835e+01	4.492999999999999972e+01	4.513499999999999801e+01	4.506700000000000017e+01	4.534100000000000108e+01	4.525000000000000000e+01	4.570799999999999841e+01	4.577600000000000335e+01	4.605100000000000193e+01	4.607399999999999807e+01	4.616499999999999915e+01	4.632600000000000051e+01	4.639399999999999835e+01	4.655499999999999972e+01	4.669200000000000017e+01	4.673799999999999955e+01	4.676100000000000279e+01	4.682900000000000063e+01	4.692099999999999937e+01	4.705799999999999983e+01	4.701200000000000045e+01	4.714999999999999858e+01	4.726400000000000290e+01	4.728699999999999903e+01	4.746999999999999886e+01	4.749300000000000210e+01
0.000000000000000000e+00	4.930339999999999918e+02	4.121700000000000159e+02	3.472819999999999823e+02	2.951890000000000214e+02	2.526169999999999902e+02	2.210080000000000098e+02	2.013240000000000123e+02	1.833569999999999993e+02	1.708830000000000098e+02	1.605610000000000070e+02	1.526639999999999873e+02	1.455920000000000130e+02	1.397319999999999993e+02	1.344449999999999932e+02	1.306690000000000111e+02	1.275330000000000013e+02	1.243739999999999952e+02	1.208719999999999999e+02	1.175310000000000059e+02	1.137309999999999945e+02	1.105270000000000010e+02	1.072079999999999984e+02	1.045529999999999973e+02	1.026989999999999981e+02	1.006389999999999958e+02	9.697700000000000387e+01	9.610699999999999932e+01	9.507800000000000296e+01	9.457399999999999807e+01	9.388700000000000045e+01	9.441400000000000148e+01	9.416200000000000614e+01	9.390999999999999659e+01	9.409300000000000352e+01	9.409300000000000352e+01	9.423099999999999454e+01	9.464300000000000068e+01	9.475700000000000500e+01	9.489400000000000546e+01	9.587900000000000489e+01	9.587900000000000489e+01	9.624500000000000455e+01	9.663400000000000034e+01	9.720600000000000307e+01	9.736599999999999966e+01	9.770999999999999375e+01	9.894599999999999795e+01	9.933499999999999375e+01	9.999800000000000466e+01	1.004789999999999992e+02	1.007999999999999972e+02	1.010280000000000058e+02	1.012339999999999947e+02	1.016460000000000008e+02	1.018070000000000022e+02	1.021039999999999992e+02	1.026539999999999964e+02	1.031800000000000068e+02	1.034320000000000022e+02	1.035229999999999961e+02	1.037519999999999953e+02	1.042099999999999937e+02	1.043010000000000019e+02	1.046219999999999999e+02	1.049650000000000034e+02	1.055829999999999984e+02	1.057660000000000053e+02	1.062240000000000038e+02	1.060639999999999930e+02	1.064759999999999991e+02	1.069789999999999992e+02	1.075060000000000002e+02	1.078029999999999973e+02	1.081239999999999952e+02	1.083529999999999944e+02	1.087189999999999941e+02	1.088559999999999945e+02	1.088329999999999984e+02	1.092450000000000045e+02	1.095199999999999960e+02	1.096800000000000068e+02	1.098629999999999995e+02	1.100690000000000026e+02	1.103439999999999941e+02	1.105960000000000036e+02	1.107789999999999964e+02	1.109389999999999930e+02	1.111680000000000064e+02	1.115340000000000060e+02	1.117399999999999949e+02	1.120610000000000070e+02	1.122669999999999959e+02	1.125409999999999968e+02	1.130679999999999978e+02	1.132969999999999970e+02	1.136629999999999967e+02	1.127699999999999960e+02	1.133649999999999949e+02	1.135250000000000057e+02	1.139140000000000015e+02	1.144180000000000064e+02	1.148990000000000009e+02	1.153110000000000070e+02	1.155619999999999976e+02	1.162030000000000030e+02	1.164549999999999983e+02	1.170499999999999972e+02	1.162259999999999991e+02	1.166149999999999949e+02	1.171419999999999959e+02	1.183780000000000001e+02	1.189039999999999964e+02	1.194080000000000013e+02	1.196820000000000022e+02	1.200490000000000066e+02	1.202319999999999993e+02	1.203689999999999998e+02	1.207120000000000033e+02	1.210780000000000030e+02	1.212159999999999940e+02	1.214219999999999970e+02	1.216959999999999980e+02	1.219249999999999972e+02	1.220630000000000024e+02	1.224980000000000047e+02	1.227950000000000017e+02	1.228870000000000005e+02	1.231610000000000014e+02	1.234819999999999993e+02	1.237789999999999964e+02	1.240079999999999956e+02	1.241910000000000025e+02	1.244890000000000043e+02	1.247180000000000035e+02	1.249009999999999962e+02	1.251069999999999993e+02	1.254959999999999951e+02	1.256329999999999956e+02	1.260679999999999978e+02	1.261599999999999966e+02	1.263659999999999997e+02	1.266860000000000070e+02	1.277159999999999940e+02	1.278760000000000048e+02	1.281970000000000027e+02	1.284259999999999877e+02	1.286090000000000089e+02	1.288149999999999977e+02	1.289979999999999905e+02	1.297069999999999936e+02	1.299130000000000109e+02	1.302340000000000089e+02	1.302570000000000050e+02	1.305080000000000098e+02	1.308520000000000039e+02	1.309199999999999875e+02	1.311490000000000009e+02	1.314699999999999989e+02	1.315610000000000070e+02	1.318590000000000089e+02	1.320879999999999939e+02	1.322249999999999943e+02	1.325000000000000000e+02	1.327059999999999889e+02	1.327969999999999970e+02	1.330029999999999859e+02	1.331409999999999911e+02	1.332319999999999993e+02	1.333470000000000084e+02	1.335070000000000050e+02	1.335749999999999886e+02	1.338959999999999866e+02	1.338959999999999866e+02	1.339190000000000111e+02	1.340099999999999909e+02	1.340790000000000077e+02	1.341250000000000000e+02	1.342160000000000082e+02	1.343079999999999927e+02	1.341709999999999923e+02	1.343309999999999889e+02	1.344219999999999970e+02	1.344679999999999893e+02	1.344679999999999893e+02	1.344679999999999893e+02	1.346049999999999898e+02	1.347429999999999950e+02	1.347429999999999950e+02	1.346970000000000027e+02
0.000000000000000000e+00	2.439190000000000111e+02	2.257460000000000093e+02	2.025829999999999984e+02	1.858979999999999961e+02	1.711349999999999909e+02	1.580889999999999986e+02	1.470569999999999879e+02	1.381759999999999877e+02	1.312870000000000061e+02	1.258389999999999986e+02	1.216050000000000040e+02	1.184230000000000018e+02	1.155619999999999976e+02	1.130450000000000017e+02	1.113970000000000056e+02	1.097030000000000030e+02	1.084210000000000065e+02	1.072540000000000049e+02	1.062930000000000064e+02	1.053310000000000031e+02	1.046219999999999999e+02	1.035460000000000065e+02	1.021959999999999980e+02	1.007770000000000010e+02	9.921999999999999886e+01	9.798399999999999466e+01	9.702299999999999613e+01	9.633599999999999852e+01	9.569499999999999318e+01	9.526099999999999568e+01	9.530599999999999739e+01	9.484900000000000375e+01	9.475700000000000500e+01	9.464300000000000068e+01	9.462000000000000455e+01	9.493999999999999773e+01	9.521500000000000341e+01	9.553499999999999659e+01	9.592400000000000659e+01	9.633599999999999852e+01	9.684000000000000341e+01	9.738899999999999579e+01	9.789300000000000068e+01	9.839600000000000080e+01	9.903700000000000614e+01	9.976999999999999602e+01	1.004789999999999992e+02	1.010739999999999981e+02	1.018070000000000022e+02	1.028589999999999947e+02	1.036380000000000052e+02	1.043930000000000007e+02	1.049879999999999995e+02	1.059719999999999942e+02	1.071400000000000006e+02	1.079180000000000064e+02	1.088329999999999984e+02	1.098859999999999957e+02	1.108469999999999942e+02	1.117169999999999987e+02	1.125180000000000007e+02	1.130909999999999940e+02	1.133649999999999949e+02	1.137309999999999945e+02	1.142810000000000059e+02	1.146239999999999952e+02	1.148990000000000009e+02	1.151730000000000018e+02	1.154939999999999998e+02	1.157459999999999951e+02	1.161350000000000051e+02	1.164549999999999983e+02	1.168670000000000044e+02	1.170040000000000049e+02	1.173020000000000067e+02	1.175079999999999956e+02	1.177830000000000013e+02	1.180570000000000022e+02	1.182860000000000014e+02	1.185610000000000070e+02	1.187669999999999959e+02	1.190639999999999930e+02	1.194759999999999991e+02	1.196820000000000022e+02	1.202090000000000032e+02	1.204830000000000041e+02	1.207349999999999994e+02	1.210559999999999974e+02	1.212620000000000005e+02	1.215130000000000052e+02	1.217189999999999941e+02	1.219020000000000010e+02	1.221770000000000067e+02	1.223370000000000033e+02	1.225889999999999986e+02	1.228640000000000043e+02	1.230240000000000009e+02	1.232530000000000001e+02	1.235499999999999972e+02	1.237560000000000002e+02	1.239849999999999994e+02	1.240769999999999982e+02	1.243059999999999974e+02	1.243970000000000056e+02	1.245570000000000022e+02	1.247409999999999997e+02	1.249470000000000027e+02	1.251069999999999993e+02	1.253589999999999947e+02	1.254039999999999964e+02	1.256329999999999956e+02	1.257710000000000008e+02	1.259309999999999974e+02	1.260679999999999978e+02	1.262279999999999944e+02	1.263659999999999997e+02	1.266170000000000044e+02	1.267090000000000032e+02	1.268010000000000019e+02	1.272579999999999956e+02	1.273960000000000008e+02	1.274189999999999969e+02	1.275100000000000051e+02	1.277390000000000043e+02	1.278990000000000009e+02	1.279909999999999997e+02	1.280589999999999975e+02	1.281279999999999859e+02	1.281970000000000027e+02	1.283799999999999955e+02	1.284259999999999877e+02	1.286090000000000089e+02	1.287920000000000016e+02	1.289060000000000059e+02	1.289979999999999905e+02	1.291579999999999870e+02	1.293870000000000005e+02	1.295469999999999970e+02	1.297529999999999859e+02	1.298899999999999864e+02	1.302570000000000050e+02	1.312410000000000139e+02	1.313779999999999859e+02	1.316069999999999993e+02	1.317669999999999959e+02	1.319730000000000132e+02	1.320420000000000016e+02	1.321560000000000059e+02	1.323170000000000073e+02	1.324770000000000039e+02	1.325680000000000121e+02	1.327290000000000134e+02	1.329120000000000061e+02	1.330720000000000027e+02	1.331630000000000109e+02	1.333689999999999998e+02	1.335070000000000050e+02	1.336670000000000016e+02	1.338499999999999943e+02	1.340099999999999909e+02	1.341930000000000121e+02	1.342620000000000005e+02	1.345600000000000023e+02	1.346740000000000066e+02	1.349029999999999916e+02	1.349950000000000045e+02	1.351320000000000050e+02	1.353149999999999977e+02	1.354979999999999905e+02	1.355900000000000034e+02	1.357500000000000000e+02	1.359099999999999966e+02	1.360020000000000095e+02	1.361390000000000100e+02	1.363220000000000027e+02	1.364360000000000070e+02	1.365509999999999877e+02	1.366649999999999920e+02	1.367800000000000011e+02	1.370089999999999861e+02	1.371920000000000073e+02	1.372599999999999909e+02	1.374209999999999923e+02	1.375349999999999966e+02	1.376719999999999970e+02	1.377179999999999893e+02	1.378329999999999984e+02	1.379470000000000027e+02	1.382680000000000007e+02
0.000000000000000000e+00	3.713149999999999977e+02	3.195419999999999732e+02	2.779540000000000077e+02	2.433700000000000045e+02	2.134319999999999879e+02	1.918720000000000141e+02	1.750720000000000027e+02	1.629869999999999948e+02	1.533280000000000030e+02	1.472630000000000052e+02	1.413120000000000118e+02	1.381529999999999916e+02	1.351779999999999973e+02	1.323619999999999948e+02	1.300960000000000036e+02	1.275559999999999974e+02	1.246260000000000048e+02	1.204609999999999985e+02	1.159740000000000038e+02	1.118319999999999936e+02	1.083760000000000048e+02	1.054000000000000057e+02	1.030430000000000064e+02	1.008449999999999989e+02	9.887699999999999534e+01	9.745799999999999841e+01	9.619899999999999807e+01	9.375000000000000000e+01	9.452800000000000580e+01	9.404800000000000182e+01	9.372700000000000387e+01	9.340699999999999648e+01	9.292600000000000193e+01	9.265099999999999625e+01	9.226200000000000045e+01	9.237699999999999534e+01	9.240000000000000568e+01	9.246800000000000352e+01	9.223900000000000432e+01	9.196500000000000341e+01	9.168999999999999773e+01	9.205599999999999739e+01	9.235399999999999920e+01	9.214799999999999613e+01	9.221599999999999397e+01	9.260599999999999454e+01	9.258299999999999841e+01	9.322400000000000375e+01	9.365800000000000125e+01	9.359000000000000341e+01	9.390999999999999659e+01	9.406999999999999318e+01	9.397899999999999920e+01	9.418500000000000227e+01	9.436799999999999500e+01	9.457399999999999807e+01	9.471099999999999852e+01	9.507800000000000296e+01	9.516899999999999693e+01	9.544400000000000261e+01	9.571800000000000352e+01	9.601600000000000534e+01	9.617600000000000193e+01	9.624500000000000455e+01	9.635899999999999466e+01	9.665699999999999648e+01	9.684000000000000341e+01	9.775499999999999545e+01	9.825900000000000034e+01	9.848799999999999955e+01	9.876300000000000523e+01	9.903700000000000614e+01	9.935800000000000409e+01	9.972400000000000375e+01	1.002270000000000039e+02	1.008220000000000027e+02	1.016689999999999969e+02	1.020810000000000031e+02	1.028370000000000033e+02	1.032030000000000030e+02	1.036149999999999949e+02	1.039579999999999984e+02	1.042789999999999964e+02	1.046910000000000025e+02	1.051940000000000026e+02	1.055370000000000061e+02	1.062699999999999960e+02	1.066820000000000022e+02	1.069560000000000031e+02	1.075969999999999942e+02	1.080090000000000003e+02	1.084210000000000065e+02	1.088559999999999945e+02	1.101149999999999949e+02	1.104350000000000023e+02	1.110529999999999973e+02	1.113739999999999952e+02	1.115570000000000022e+02	1.120150000000000006e+02	1.123349999999999937e+02	1.127469999999999999e+02	1.132510000000000048e+02	1.136170000000000044e+02	1.138919999999999959e+02	1.143719999999999999e+02	1.146700000000000017e+02	1.149219999999999970e+02	1.152650000000000006e+02	1.157680000000000007e+02	1.161350000000000051e+02	1.167530000000000001e+02	1.171650000000000063e+02	1.174849999999999994e+02	1.178280000000000030e+02	1.182169999999999987e+02	1.185840000000000032e+02	1.190870000000000033e+02	1.194309999999999974e+02	1.196820000000000022e+02	1.202549999999999955e+02	1.205979999999999990e+02	1.209639999999999986e+02	1.213990000000000009e+02	1.218110000000000070e+02	1.221080000000000041e+02	1.225430000000000064e+02	1.229779999999999944e+02	1.233670000000000044e+02	1.238940000000000055e+02	1.241680000000000064e+02	1.244890000000000043e+02	1.249009999999999962e+02	1.253359999999999985e+02	1.256329999999999956e+02	1.260450000000000017e+02	1.263889999999999958e+02	1.265720000000000027e+02	1.270520000000000067e+02	1.274869999999999948e+02	1.277390000000000043e+02	1.282880000000000109e+02	1.286539999999999964e+02	1.290209999999999866e+02	1.293180000000000121e+02	1.299819999999999993e+02	1.303480000000000132e+02	1.307139999999999986e+02	1.311040000000000134e+02	1.314929999999999950e+02	1.319499999999999886e+02	1.323170000000000073e+02	1.325680000000000121e+02	1.330260000000000105e+02	1.333919999999999959e+02	1.336899999999999977e+02	1.340790000000000077e+02	1.343990000000000009e+02	1.346279999999999859e+02	1.350860000000000127e+02	1.354519999999999982e+02	1.356349999999999909e+02	1.360469999999999970e+02	1.362990000000000066e+02	1.365509999999999877e+02	1.369859999999999900e+02	1.376040000000000134e+02	1.378100000000000023e+02	1.381990000000000123e+02	1.385190000000000055e+02	1.387479999999999905e+02	1.391370000000000005e+02	1.394350000000000023e+02	1.396639999999999873e+02	1.400529999999999973e+02	1.403959999999999866e+02	1.405790000000000077e+02	1.410140000000000100e+02	1.412429999999999950e+02	1.415860000000000127e+02	1.419070000000000107e+02	1.421810000000000116e+02	1.423189999999999884e+02	1.426390000000000100e+02	1.428220000000000027e+02	1.426620000000000061e+02	1.429600000000000080e+02	1.431879999999999882e+02	1.433720000000000141e+02	1.436229999999999905e+02
1.000000000000000000e+00	1.907270000000000039e+02	1.788940000000000055e+02	1.680910000000000082e+02	1.582719999999999914e+02	1.496889999999999930e+02	1.417009999999999934e+02	1.344679999999999893e+02	1.277620000000000005e+02	1.221080000000000041e+02	1.175079999999999956e+02	1.130679999999999978e+02	1.100460000000000065e+02	1.069560000000000031e+02	1.045759999999999934e+02	1.025160000000000053e+02	1.005019999999999953e+02	9.823600000000000421e+01	9.596999999999999886e+01	9.345199999999999818e+01	9.146099999999999852e+01	8.951600000000000534e+01	8.791400000000000148e+01	8.644899999999999807e+01	8.493800000000000239e+01	8.374800000000000466e+01	8.253499999999999659e+01	8.134499999999999886e+01	8.045199999999999818e+01	7.960500000000000398e+01	7.866700000000000159e+01	7.786599999999999966e+01	7.720199999999999818e+01	7.669799999999999329e+01	7.614900000000000091e+01	7.559999999999999432e+01	7.514199999999999591e+01	7.473000000000000398e+01	7.445499999999999829e+01	7.413500000000000512e+01	7.390600000000000591e+01	7.354000000000000625e+01	7.331100000000000705e+01	7.328799999999999670e+01	7.331100000000000705e+01	7.312800000000000011e+01	7.315099999999999625e+01	7.310500000000000398e+01	7.312800000000000011e+01	7.301300000000000523e+01	7.324200000000000443e+01	7.315099999999999625e+01	7.324200000000000443e+01	7.319599999999999795e+01	7.331100000000000705e+01	7.321899999999999409e+01	7.333400000000000318e+01	7.331100000000000705e+01	7.344799999999999329e+01	7.370000000000000284e+01	7.385999999999999943e+01	7.424899999999999523e+01	7.436400000000000432e+01	7.443200000000000216e+01	7.479900000000000659e+01	7.475300000000000011e+01	7.482099999999999795e+01	7.502700000000000102e+01	7.509600000000000364e+01	7.516500000000000625e+01	7.516500000000000625e+01	7.550799999999999557e+01	7.562300000000000466e+01	7.619499999999999318e+01	7.640099999999999625e+01	7.633199999999999363e+01	7.646899999999999409e+01	7.685899999999999466e+01	7.683599999999999852e+01	7.690399999999999636e+01	7.704200000000000159e+01	7.720199999999999818e+01	7.754500000000000171e+01	7.761400000000000432e+01	7.779699999999999704e+01	7.818600000000000705e+01	7.825499999999999545e+01	7.820900000000000318e+01	7.829999999999999716e+01	7.839199999999999591e+01	7.850600000000000023e+01	7.859799999999999898e+01	7.864400000000000546e+01	7.868999999999999773e+01	7.880400000000000205e+01	7.891800000000000637e+01	7.894100000000000250e+01	7.919299999999999784e+01	7.923900000000000432e+01	7.928499999999999659e+01	7.942199999999999704e+01	7.962800000000000011e+01	7.997100000000000364e+01	8.010899999999999466e+01	8.031499999999999773e+01	8.038299999999999557e+01	8.049800000000000466e+01	8.065800000000000125e+01	8.088700000000000045e+01	8.106999999999999318e+01	8.123000000000000398e+01	8.168800000000000239e+01	8.200799999999999557e+01	8.255800000000000693e+01	8.294700000000000273e+01	8.333599999999999852e+01	8.383899999999999864e+01	8.459499999999999886e+01	8.525799999999999557e+01	8.606000000000000227e+01	8.692900000000000205e+01	8.814199999999999591e+01	8.924099999999999966e+01	9.070600000000000307e+01	9.214799999999999613e+01	9.370399999999999352e+01	9.542100000000000648e+01	9.727500000000000568e+01	9.910599999999999454e+01	1.010510000000000019e+02	1.031569999999999965e+02	1.053539999999999992e+02	1.073910000000000053e+02	1.096119999999999948e+02	1.114429999999999978e+02	1.134339999999999975e+02	1.153559999999999945e+02	1.172789999999999964e+02	1.192469999999999999e+02	1.211470000000000056e+02	1.229320000000000022e+02	1.247639999999999958e+02	1.266400000000000006e+02	1.284259999999999877e+02	1.301419999999999959e+02	1.317220000000000084e+02	1.336899999999999977e+02	1.349939999999999998e+02	1.363909999999999911e+02	1.377179999999999893e+02	1.390000000000000000e+02	1.401899999999999977e+02	1.413340000000000032e+02	1.424099999999999966e+02	1.433720000000000141e+02	1.442870000000000061e+02	1.452940000000000111e+02	1.461409999999999911e+02	1.469879999999999995e+02	1.477889999999999873e+02	1.485670000000000073e+02	1.492079999999999984e+02	1.506730000000000018e+02	1.513820000000000050e+02	1.519780000000000086e+02	1.525500000000000114e+02	1.530080000000000098e+02	1.541289999999999907e+02	1.546560000000000059e+02	1.551129999999999995e+02	1.555480000000000018e+02	1.560289999999999964e+02	1.564639999999999986e+02	1.568760000000000048e+02	1.572880000000000109e+02	1.577909999999999968e+02	1.581570000000000107e+02	1.585240000000000009e+02	1.589579999999999984e+02	1.587299999999999898e+02	1.591189999999999998e+02	1.595540000000000020e+02	1.599430000000000121e+02	1.602630000000000052e+02	1.604919999999999902e+02	1.608350000000000080e+02	1.612470000000000141e+02	1.616359999999999957e+02	1.619110000000000014e+02	1.622309999999999945e+02
1.000000000000000000e+00	3.727799999999999727e+02	3.354030000000000200e+02	3.034739999999999895e+02	2.754139999999999873e+02	2.531200000000000045e+02	2.344890000000000043e+02	2.193600000000000136e+02	2.070920000000000130e+02	1.964720000000000084e+02	1.867450000000000045e+02	1.784360000000000070e+02	1.723710000000000093e+02	1.673129999999999882e+02	1.627119999999999891e+02	1.585689999999999884e+02	1.534190000000000111e+02	1.465300000000000011e+02	1.400070000000000050e+02	1.346049999999999898e+02	1.302340000000000089e+02	1.267780000000000058e+02	1.246029999999999944e+02	1.225199999999999960e+02	1.209410000000000025e+02	1.198649999999999949e+02	1.187669999999999959e+02	1.180340000000000060e+02	1.173479999999999990e+02	1.173250000000000028e+02	1.175310000000000059e+02	1.175079999999999956e+02	1.179659999999999940e+02	1.177369999999999948e+02	1.181260000000000048e+02	1.175990000000000038e+02	1.180570000000000022e+02	1.181719999999999970e+02	1.183089999999999975e+02	1.191790000000000020e+02	1.187210000000000036e+02	1.196370000000000005e+02	1.202770000000000010e+02	1.205289999999999964e+02	1.209639999999999986e+02	1.215130000000000052e+02	1.223139999999999930e+02	1.227039999999999935e+02	1.229099999999999966e+02	1.233900000000000006e+02	1.239620000000000033e+02	1.248089999999999975e+02	1.251069999999999993e+02	1.258619999999999948e+02	1.262049999999999983e+02	1.267780000000000058e+02	1.273040000000000020e+02	1.278080000000000069e+02	1.285629999999999882e+02	1.290440000000000111e+02	1.296620000000000061e+02	1.301879999999999882e+02	1.310349999999999966e+02	1.317899999999999920e+02	1.319730000000000132e+02	1.325910000000000082e+02	1.331179999999999950e+02	1.337129999999999939e+02	1.344449999999999932e+02	1.351320000000000050e+02	1.355209999999999866e+02	1.360020000000000095e+02	1.363909999999999911e+02	1.369859999999999900e+02	1.374439999999999884e+02	1.382680000000000007e+02	1.385879999999999939e+02	1.393429999999999893e+02	1.397319999999999993e+02	1.404650000000000034e+02	1.408540000000000134e+02	1.412659999999999911e+02	1.421129999999999995e+02	1.426160000000000139e+02	1.432340000000000089e+02	1.436920000000000073e+02	1.442870000000000061e+02	1.448590000000000089e+02	1.453170000000000073e+02	1.458660000000000139e+02	1.464159999999999968e+02	1.469650000000000034e+02	1.474910000000000139e+02	1.479720000000000084e+02	1.485900000000000034e+02	1.490709999999999980e+02	1.494830000000000041e+02	1.499629999999999939e+02	1.504209999999999923e+02	1.508789999999999907e+02	1.519550000000000125e+02	1.522059999999999889e+02	1.532589999999999861e+02	1.538540000000000134e+02	1.544720000000000084e+02	1.554110000000000014e+02	1.565780000000000030e+02	1.583180000000000121e+02	1.584319999999999879e+02	1.600109999999999957e+02	1.615680000000000121e+02	1.633069999999999879e+02	1.652760000000000105e+02	1.683429999999999893e+02	1.699679999999999893e+02	1.725999999999999943e+02	1.759190000000000111e+02	1.799010000000000105e+02	1.840670000000000073e+02	1.892620000000000005e+02	1.947560000000000002e+02	2.009350000000000023e+02	2.094499999999999886e+02	2.162249999999999943e+02	2.242580000000000098e+02	2.350850000000000080e+02	2.433240000000000123e+02	2.517470000000000141e+02	2.600779999999999745e+02	2.685699999999999932e+02	2.771530000000000200e+02	2.854159999999999968e+02	2.934270000000000209e+02	3.010480000000000018e+02	3.081209999999999809e+02	3.144610000000000127e+02	3.193589999999999804e+02	3.251270000000000095e+02	3.303679999999999950e+02	3.352429999999999950e+02	3.396840000000000259e+02	3.435520000000000209e+02	3.474200000000000159e+02	3.505779999999999745e+02	3.531879999999999882e+02	3.553159999999999741e+02	3.576050000000000182e+02	3.593899999999999864e+02	3.613589999999999804e+02	3.625720000000000027e+02	3.638079999999999927e+02	3.649750000000000227e+02	3.663249999999999886e+02	3.677669999999999959e+02	3.736949999999999932e+02	3.745190000000000055e+02	3.755040000000000191e+02	3.777470000000000141e+02	3.781589999999999918e+02	3.788450000000000273e+02	3.794859999999999900e+02	3.803330000000000268e+02	3.808589999999999804e+02	3.815459999999999923e+02	3.819119999999999777e+02	3.836750000000000114e+02	3.840869999999999891e+02	3.845210000000000150e+02	3.848879999999999768e+02	3.853000000000000114e+02	3.854830000000000041e+02	3.861689999999999827e+02	3.867189999999999941e+02	3.869019999999999868e+02	3.872219999999999800e+02	3.874510000000000218e+02	3.878860000000000241e+02	3.880000000000000000e+02	3.884350000000000023e+02	3.886639999999999873e+02	3.888700000000000045e+02	3.889390000000000214e+02	3.893509999999999991e+02	3.894420000000000073e+02	3.896940000000000168e+02	3.893969999999999914e+02	3.893740000000000236e+02	3.896030000000000086e+02	3.898319999999999936e+02	3.902889999999999873e+02
0.000000000000000000e+00	3.202970000000000255e+02	2.890550000000000068e+02	2.622300000000000182e+02	2.384490000000000123e+02	2.182620000000000005e+02	1.998139999999999930e+02	1.826709999999999923e+02	1.686399999999999864e+02	1.564410000000000025e+02	1.457059999999999889e+02	1.365970000000000084e+02	1.283340000000000032e+02	1.220400000000000063e+02	1.162489999999999952e+02	1.118089999999999975e+02	1.078719999999999999e+02	1.048280000000000030e+02	1.013949999999999960e+02	9.832800000000000296e+01	9.583299999999999841e+01	9.354399999999999693e+01	9.134699999999999420e+01	8.960699999999999932e+01	8.779900000000000659e+01	8.658599999999999852e+01	8.537300000000000466e+01	8.454900000000000659e+01	8.349599999999999511e+01	8.264900000000000091e+01	8.187099999999999511e+01	8.118399999999999750e+01	8.052100000000000080e+01	8.017700000000000671e+01	7.976500000000000057e+01	7.942199999999999704e+01	7.958199999999999363e+01	7.930800000000000693e+01	7.939900000000000091e+01	7.898699999999999477e+01	7.896399999999999864e+01	7.905599999999999739e+01	7.850600000000000023e+01	7.921599999999999397e+01	7.939900000000000091e+01	7.955899999999999750e+01	7.969700000000000273e+01	7.987999999999999545e+01	7.981100000000000705e+01	7.985699999999999932e+01	8.026900000000000546e+01	8.026900000000000546e+01	8.033799999999999386e+01	8.031499999999999773e+01	8.052100000000000080e+01	8.086400000000000432e+01	8.084099999999999397e+01	8.054399999999999693e+01	8.045199999999999818e+01	8.026900000000000546e+01	8.010899999999999466e+01	8.006300000000000239e+01	7.967400000000000659e+01	7.976500000000000057e+01	7.935299999999999443e+01	7.962800000000000011e+01	7.953600000000000136e+01	7.914700000000000557e+01	7.937600000000000477e+01	8.010899999999999466e+01	7.997100000000000364e+01	7.983400000000000318e+01	7.949099999999999966e+01	7.955899999999999750e+01	7.967400000000000659e+01	7.955899999999999750e+01	7.983400000000000318e+01	7.981100000000000705e+01	7.953600000000000136e+01	7.962800000000000011e+01	7.958199999999999363e+01	7.928499999999999659e+01	7.912399999999999523e+01	7.939900000000000091e+01	7.914700000000000557e+01	7.882699999999999818e+01	7.871200000000000330e+01	7.834600000000000364e+01	7.832299999999999329e+01	7.857500000000000284e+01	7.855200000000000671e+01	7.839199999999999591e+01	7.818600000000000705e+01	7.816299999999999670e+01	7.832299999999999329e+01	7.779699999999999704e+01	7.765999999999999659e+01	7.793399999999999750e+01	7.747700000000000387e+01	7.772799999999999443e+01	7.765999999999999659e+01	7.768200000000000216e+01	7.747700000000000387e+01	7.736199999999999477e+01	7.756799999999999784e+01	7.743099999999999739e+01	7.873499999999999943e+01	7.859799999999999898e+01	7.834600000000000364e+01	7.800300000000000011e+01	7.786599999999999966e+01	7.772799999999999443e+01	7.788800000000000523e+01	7.820900000000000318e+01	7.814000000000000057e+01	7.798000000000000398e+01	7.777400000000000091e+01	7.772799999999999443e+01	7.749899999999999523e+01	7.770499999999999829e+01	7.761400000000000432e+01	7.761400000000000432e+01	7.731600000000000250e+01	7.717900000000000205e+01	7.699599999999999511e+01	7.777400000000000091e+01	7.756799999999999784e+01	7.749899999999999523e+01	7.740800000000000125e+01	7.736199999999999477e+01	7.724800000000000466e+01	7.717900000000000205e+01	7.715600000000000591e+01	7.715600000000000591e+01	7.704200000000000159e+01	7.710999999999999943e+01	7.697299999999999898e+01	7.706499999999999773e+01	7.688100000000000023e+01	7.688100000000000023e+01	7.679000000000000625e+01	7.667499999999999716e+01	7.674399999999999977e+01	7.699599999999999511e+01	7.692700000000000671e+01	7.685899999999999466e+01	7.667499999999999716e+01	7.669799999999999329e+01	7.660699999999999932e+01	7.658400000000000318e+01	7.646899999999999409e+01	7.658400000000000318e+01	7.637800000000000011e+01	7.651500000000000057e+01	7.635500000000000398e+01	7.630899999999999750e+01	7.621800000000000352e+01	7.614900000000000091e+01	7.692700000000000671e+01	7.685899999999999466e+01	7.676699999999999591e+01	7.740800000000000125e+01	7.733899999999999864e+01	7.717900000000000205e+01	7.713299999999999557e+01	7.917000000000000171e+01	7.907899999999999352e+01	7.882699999999999818e+01	7.866700000000000159e+01	7.903300000000000125e+01	7.889600000000000080e+01	7.868999999999999773e+01	7.859799999999999898e+01	7.848399999999999466e+01	7.834600000000000364e+01	7.825499999999999545e+01	7.816299999999999670e+01	7.804900000000000659e+01	7.804900000000000659e+01	7.798000000000000398e+01	7.795699999999999363e+01	7.816299999999999670e+01	7.804900000000000659e+01	7.818600000000000705e+01	7.804900000000000659e+01	7.786599999999999966e+01	7.809399999999999409e+01	7.795699999999999363e+01	7.798000000000000398e+01	7.784300000000000352e+01
0.000000000000000000e+00	1.842040000000000077e+02	1.709060000000000059e+02	1.595759999999999934e+02	1.501009999999999991e+02	1.413569999999999993e+02	1.333919999999999959e+02	1.272810000000000059e+02	1.218799999999999955e+02	1.171880000000000024e+02	1.129989999999999952e+02	1.093599999999999994e+02	1.062699999999999960e+02	1.036830000000000069e+02	1.014180000000000064e+02	9.958599999999999852e+01	9.796099999999999852e+01	9.681699999999999307e+01	9.558100000000000307e+01	9.450499999999999545e+01	9.365800000000000125e+01	9.283400000000000318e+01	9.228499999999999659e+01	9.164400000000000546e+01	9.114100000000000534e+01	9.038500000000000512e+01	8.926399999999999579e+01	8.805100000000000193e+01	8.702100000000000080e+01	8.624299999999999500e+01	8.557899999999999352e+01	8.477800000000000580e+01	8.427400000000000091e+01	8.372499999999999432e+01	8.322100000000000364e+01	8.276399999999999579e+01	8.246599999999999397e+01	8.230599999999999739e+01	8.200799999999999557e+01	8.189400000000000546e+01	8.196299999999999386e+01	8.191700000000000159e+01	8.193999999999999773e+01	8.187099999999999511e+01	8.182500000000000284e+01	8.180200000000000671e+01	8.187099999999999511e+01	8.189400000000000546e+01	8.203100000000000591e+01	8.212300000000000466e+01	8.209999999999999432e+01	8.244299999999999784e+01	8.246599999999999397e+01	8.258100000000000307e+01	8.276399999999999579e+01	8.287800000000000011e+01	8.319899999999999807e+01	8.331300000000000239e+01	8.349599999999999511e+01	8.377100000000000080e+01	8.397700000000000387e+01	8.434300000000000352e+01	8.454900000000000659e+01	8.484600000000000364e+01	8.507500000000000284e+01	8.546399999999999864e+01	8.576200000000000045e+01	8.612800000000000011e+01	8.644899999999999807e+01	8.672299999999999898e+01	8.713500000000000512e+01	8.747899999999999920e+01	8.766200000000000614e+01	8.805100000000000193e+01	8.841700000000000159e+01	8.862300000000000466e+01	8.894299999999999784e+01	8.928700000000000614e+01	8.956100000000000705e+01	8.976699999999999591e+01	9.008799999999999386e+01	9.043099999999999739e+01	9.077500000000000568e+01	9.109499999999999886e+01	9.148399999999999466e+01	9.187300000000000466e+01	9.210200000000000387e+01	9.237699999999999534e+01	9.278900000000000148e+01	9.310899999999999466e+01	9.427599999999999625e+01	9.457399999999999807e+01	9.489400000000000546e+01	9.526099999999999568e+01	9.562699999999999534e+01	9.599299999999999500e+01	9.635899999999999466e+01	9.672499999999999432e+01	9.702299999999999613e+01	9.734300000000000352e+01	9.768699999999999761e+01	9.807599999999999341e+01	9.855700000000000216e+01	9.873999999999999488e+01	9.915200000000000102e+01	9.947199999999999420e+01	9.979200000000000159e+01	1.000669999999999931e+02	1.003649999999999949e+02	1.007309999999999945e+02	1.011889999999999930e+02	1.013949999999999960e+02	1.017150000000000034e+02	1.019669999999999987e+02	1.023100000000000023e+02	1.027219999999999942e+02	1.029740000000000038e+02	1.032259999999999991e+02	1.034090000000000060e+02	1.037289999999999992e+02	1.039809999999999945e+02	1.042789999999999964e+02	1.045990000000000038e+02	1.048970000000000056e+02	1.051250000000000000e+02	1.053769999999999953e+02	1.056290000000000049e+02	1.058349999999999937e+02	1.061099999999999994e+02	1.063610000000000042e+02	1.069560000000000031e+02	1.068880000000000052e+02	1.069339999999999975e+02	1.070709999999999980e+02	1.072079999999999984e+02	1.073460000000000036e+02	1.074830000000000041e+02	1.075520000000000067e+02	1.076430000000000007e+02	1.077120000000000033e+02	1.077349999999999994e+02	1.078949999999999960e+02	1.079860000000000042e+02	1.080550000000000068e+02	1.080550000000000068e+02	1.081919999999999931e+02	1.081470000000000056e+02	1.083070000000000022e+02	1.083529999999999944e+02	1.083979999999999961e+02	1.084440000000000026e+02	1.084669999999999987e+02	1.086500000000000057e+02	1.087189999999999941e+02	1.087879999999999967e+02	1.096340000000000003e+02	1.095199999999999960e+02	1.094279999999999973e+02	1.092909999999999968e+02	1.100690000000000026e+02	1.101380000000000052e+02	1.102519999999999953e+02	1.103900000000000006e+02	1.104350000000000023e+02	1.103439999999999941e+02	1.105040000000000049e+02	1.104809999999999945e+02	1.105499999999999972e+02	1.106869999999999976e+02	1.107099999999999937e+02	1.108250000000000028e+02	1.107789999999999964e+02	1.107560000000000002e+02	1.108020000000000067e+02	1.111680000000000064e+02	1.110529999999999973e+02	1.112139999999999986e+02	1.111910000000000025e+02	1.112819999999999965e+02	1.111910000000000025e+02	1.113050000000000068e+02	1.113280000000000030e+02	1.112369999999999948e+02	1.113970000000000056e+02	1.114200000000000017e+02	1.113739999999999952e+02	1.114879999999999995e+02	1.114879999999999995e+02	1.114879999999999995e+02	1.115799999999999983e+02
1.000000000000000000e+00	2.669220000000000255e+02	2.475589999999999975e+02	2.288360000000000127e+02	2.115329999999999870e+02	1.968609999999999900e+02	1.834950000000000045e+02	1.725080000000000098e+02	1.628040000000000020e+02	1.534650000000000034e+02	1.453859999999999957e+02	1.386339999999999861e+02	1.330720000000000027e+02	1.284029999999999916e+02	1.249689999999999941e+02	1.219020000000000010e+02	1.192249999999999943e+02	1.171880000000000024e+02	1.153559999999999945e+02	1.137540000000000049e+02	1.127469999999999999e+02	1.118319999999999936e+02	1.108930000000000007e+02	1.102519999999999953e+02	1.095430000000000064e+02	1.090619999999999976e+02	1.084669999999999987e+02	1.082609999999999957e+02	1.079639999999999986e+02	1.078259999999999934e+02	1.077120000000000033e+02	1.082840000000000060e+02	1.083529999999999944e+02	1.084440000000000026e+02	1.084669999999999987e+02	1.087420000000000044e+02	1.088790000000000049e+02	1.091310000000000002e+02	1.094740000000000038e+02	1.097030000000000030e+02	1.097950000000000017e+02	1.101610000000000014e+02	1.104809999999999945e+02	1.106640000000000015e+02	1.112139999999999986e+02	1.114879999999999995e+02	1.119000000000000057e+02	1.123119999999999976e+02	1.127930000000000064e+02	1.129530000000000030e+02	1.134110000000000014e+02	1.137999999999999972e+02	1.140979999999999990e+02	1.146470000000000056e+02	1.150819999999999936e+02	1.154479999999999933e+02	1.159969999999999999e+02	1.170729999999999933e+02	1.173709999999999951e+02	1.178509999999999991e+02	1.181260000000000048e+02	1.184689999999999941e+02	1.187900000000000063e+02	1.193619999999999948e+02	1.198199999999999932e+02	1.202319999999999993e+02	1.206440000000000055e+02	1.210559999999999974e+02	1.216050000000000040e+02	1.221080000000000041e+02	1.225660000000000025e+02	1.230699999999999932e+02	1.235960000000000036e+02	1.240769999999999982e+02	1.246719999999999970e+02	1.251979999999999933e+02	1.257249999999999943e+02	1.264569999999999936e+02	1.271899999999999977e+02	1.279680000000000035e+02	1.289290000000000020e+02	1.298679999999999950e+02	1.308750000000000000e+02	1.321790000000000020e+02	1.333919999999999959e+02	1.347429999999999950e+02	1.364139999999999873e+02	1.380840000000000032e+02	1.398470000000000084e+02	1.420670000000000073e+02	1.444240000000000066e+02	1.470109999999999957e+02	1.498950000000000102e+02	1.529389999999999930e+02	1.563950000000000102e+02	1.601490000000000009e+02	1.641080000000000041e+02	1.683199999999999932e+02	1.729199999999999875e+02	1.774060000000000059e+02	1.824190000000000111e+02	1.871570000000000107e+02	1.925130000000000052e+02	1.974329999999999927e+02	2.026059999999999945e+02	2.074809999999999945e+02	2.122649999999999864e+02	2.168660000000000139e+02	2.212369999999999948e+02	2.254939999999999998e+02	2.295680000000000121e+02	2.331850000000000023e+02	2.366409999999999911e+02	2.401200000000000045e+02	2.430039999999999907e+02	2.456819999999999879e+02	2.483369999999999891e+02	2.508540000000000134e+02	2.518839999999999861e+02	2.541959999999999980e+02	2.560729999999999791e+02	2.577900000000000205e+02	2.596209999999999809e+02	2.609479999999999791e+02	2.623439999999999941e+02	2.639920000000000186e+02	2.652049999999999841e+02	2.663960000000000150e+02	2.675169999999999959e+02	2.685009999999999764e+02	2.695310000000000059e+02	2.704700000000000273e+02	2.712479999999999905e+02	2.720720000000000027e+02	2.727810000000000059e+02	2.734909999999999854e+02	2.741089999999999804e+02	2.745899999999999750e+02	2.751390000000000100e+02	2.756419999999999959e+02	2.766490000000000009e+02	2.768779999999999859e+02	2.774510000000000218e+02	2.776789999999999736e+02	2.782749999999999773e+02	2.783890000000000100e+02	2.788469999999999800e+02	2.791440000000000055e+02	2.797389999999999759e+02	2.800600000000000023e+02	2.804950000000000045e+02	2.806779999999999973e+02	2.811580000000000155e+02	2.815020000000000095e+02	2.817540000000000191e+02	2.819370000000000118e+02	2.820049999999999955e+02	2.822570000000000050e+02	2.821879999999999882e+02	2.824399999999999977e+02	2.828290000000000077e+02	2.831039999999999850e+02	2.835160000000000196e+02	2.839049999999999727e+02	2.839970000000000141e+02	2.842710000000000150e+02	2.841800000000000068e+02	2.845230000000000246e+02	2.847289999999999850e+02	2.850269999999999868e+02	2.852099999999999795e+02	2.853009999999999877e+02	2.854839999999999804e+02	2.858050000000000068e+02	2.859189999999999827e+02	2.859879999999999995e+02	2.864689999999999941e+02	2.866059999999999945e+02	2.867200000000000273e+02	2.867889999999999873e+02	2.867429999999999950e+02	2.868799999999999955e+02	2.869490000000000123e+02	2.869719999999999800e+02	2.870409999999999968e+02	2.872699999999999818e+02	2.872239999999999895e+02	2.871779999999999973e+02	2.867429999999999950e+02	2.869719999999999800e+02
1.000000000000000000e+00	2.421570000000000107e+02	2.143710000000000093e+02	1.892620000000000005e+02	1.668089999999999975e+02	1.484300000000000068e+02	1.370999999999999943e+02	1.220630000000000024e+02	1.128389999999999986e+02	1.066129999999999995e+02	1.009140000000000015e+02	9.672499999999999432e+01	9.343000000000000682e+01	9.125499999999999545e+01	8.871500000000000341e+01	8.699800000000000466e+01	8.553300000000000125e+01	8.427400000000000091e+01	8.331300000000000239e+01	8.232899999999999352e+01	8.168800000000000239e+01	8.109300000000000352e+01	7.971999999999999886e+01	7.868999999999999773e+01	7.777400000000000091e+01	7.701900000000000546e+01	7.617199999999999704e+01	7.548499999999999943e+01	7.484399999999999409e+01	7.445499999999999829e+01	7.406600000000000250e+01	7.388299999999999557e+01	7.347100000000000364e+01	7.312800000000000011e+01	7.296800000000000352e+01	7.285299999999999443e+01	7.278400000000000603e+01	7.248699999999999477e+01	7.321899999999999409e+01	7.344799999999999329e+01	7.370000000000000284e+01	7.376900000000000546e+01	7.392900000000000205e+01	7.406600000000000250e+01	7.424899999999999523e+01	7.440900000000000603e+01	7.459300000000000352e+01	7.482099999999999795e+01	7.511899999999999977e+01	7.523300000000000409e+01	7.566800000000000637e+01	7.594299999999999784e+01	7.667499999999999716e+01	7.669799999999999329e+01	7.704200000000000159e+01	7.731600000000000250e+01	7.706499999999999773e+01	7.704200000000000159e+01	7.761400000000000432e+01	7.946800000000000352e+01	8.013200000000000500e+01	8.022299999999999898e+01	8.077200000000000557e+01	8.120699999999999363e+01	8.177899999999999636e+01	8.205400000000000205e+01	8.262600000000000477e+01	8.331300000000000239e+01	8.400000000000000000e+01	8.425100000000000477e+01	8.468600000000000705e+01	8.541899999999999693e+01	8.599099999999999966e+01	8.649399999999999977e+01	8.727299999999999613e+01	8.828000000000000114e+01	8.896599999999999397e+01	8.988200000000000500e+01	9.061400000000000432e+01	9.180500000000000682e+01	9.281199999999999761e+01	9.338400000000000034e+01	9.489400000000000546e+01	9.647400000000000375e+01	9.764100000000000534e+01	9.965500000000000114e+01	1.013719999999999999e+02	1.029050000000000011e+02	1.051940000000000026e+02	1.071850000000000023e+02	1.094740000000000038e+02	1.120150000000000006e+02	1.147159999999999940e+02	1.175310000000000059e+02	1.202770000000000010e+02	1.231839999999999975e+02	1.262049999999999983e+02	1.291810000000000116e+02	1.327059999999999889e+02	1.356349999999999909e+02	1.387249999999999943e+02	1.416779999999999973e+02	1.439209999999999923e+02	1.464389999999999930e+02	1.488880000000000052e+02	1.510389999999999873e+02	1.531220000000000141e+02	1.550670000000000073e+02	1.569900000000000091e+02	1.585240000000000009e+02	1.603319999999999936e+02	1.615680000000000121e+02	1.629869999999999948e+02	1.640399999999999920e+02	1.651839999999999975e+02	1.662599999999999909e+02	1.671519999999999868e+02	1.678849999999999909e+02	1.688919999999999959e+02	1.696930000000000121e+02	1.704939999999999998e+02	1.713410000000000082e+02	1.718669999999999902e+02	1.722110000000000127e+02	1.727599999999999909e+02	1.734919999999999902e+02	1.737210000000000036e+02	1.743849999999999909e+02	1.747280000000000086e+02	1.749339999999999975e+02	1.754610000000000127e+02	1.757810000000000059e+02	1.759639999999999986e+02	1.763309999999999889e+02	1.764679999999999893e+02	1.765589999999999975e+02	1.769710000000000036e+02	1.773830000000000098e+02	1.774060000000000059e+02	1.776810000000000116e+02	1.780010000000000048e+02	1.780699999999999932e+02	1.782760000000000105e+02	1.782069999999999936e+02	1.783679999999999950e+02	1.787570000000000050e+02	1.790080000000000098e+02	1.790999999999999943e+02	1.791920000000000073e+02	1.795809999999999889e+02	1.794199999999999875e+02	1.796260000000000048e+02	1.797179999999999893e+02	1.796260000000000048e+02	1.797179999999999893e+02	1.798549999999999898e+02	1.799929999999999950e+02	1.804279999999999973e+02	1.801990000000000123e+02	1.800159999999999911e+02	1.800159999999999911e+02	1.798549999999999898e+02	1.799470000000000027e+02	1.799240000000000066e+02	1.799010000000000105e+02	1.798549999999999898e+02	1.799240000000000066e+02	1.797870000000000061e+02	1.796040000000000134e+02	1.796490000000000009e+02	1.797410000000000139e+02	1.800380000000000109e+02	1.799470000000000027e+02	1.799010000000000105e+02	1.799010000000000105e+02	1.801069999999999993e+02	1.799929999999999950e+02	1.799699999999999989e+02	1.801299999999999955e+02	1.799010000000000105e+02	1.797870000000000061e+02	1.796949999999999932e+02	1.795120000000000005e+02	1.793979999999999961e+02	1.797640000000000100e+02	1.795809999999999889e+02	1.795349999999999966e+02	1.793290000000000077e+02	1.794660000000000082e+02	1.792139999999999986e+02
1.000000000000000000e+00	2.411730000000000018e+02	2.189480000000000075e+02	1.981659999999999968e+02	1.787110000000000127e+02	1.620480000000000018e+02	1.484300000000000068e+02	1.361160000000000139e+02	1.257480000000000047e+02	1.171650000000000063e+02	1.105499999999999972e+02	1.052399999999999949e+02	1.009140000000000015e+02	9.706900000000000261e+01	9.411599999999999966e+01	9.118699999999999761e+01	8.882899999999999352e+01	8.692900000000000205e+01	8.466299999999999670e+01	8.269499999999999318e+01	8.065800000000000125e+01	7.857500000000000284e+01	7.706499999999999773e+01	7.571399999999999864e+01	7.420300000000000296e+01	7.292199999999999704e+01	7.177700000000000102e+01	7.081600000000000250e+01	6.978600000000000136e+01	6.887099999999999511e+01	6.820699999999999363e+01	6.756600000000000250e+01	6.699399999999999977e+01	6.651300000000000523e+01	6.612399999999999523e+01	6.580400000000000205e+01	6.545999999999999375e+01	6.529999999999999716e+01	6.500199999999999534e+01	6.484199999999999875e+01	6.495699999999999363e+01	6.477400000000000091e+01	6.472799999999999443e+01	6.456799999999999784e+01	6.431600000000000250e+01	6.426999999999999602e+01	6.433899999999999864e+01	6.443000000000000682e+01	6.436199999999999477e+01	6.422400000000000375e+01	6.426999999999999602e+01	6.415600000000000591e+01	6.454500000000000171e+01	6.454500000000000171e+01	6.477400000000000091e+01	6.468200000000000216e+01	6.454500000000000171e+01	6.445300000000000296e+01	6.456799999999999784e+01	6.443000000000000682e+01	6.461299999999999955e+01	6.495699999999999363e+01	6.470499999999999829e+01	6.461299999999999955e+01	6.459000000000000341e+01	6.440699999999999648e+01	6.456799999999999784e+01	6.456799999999999784e+01	6.459000000000000341e+01	6.459000000000000341e+01	6.452200000000000557e+01	6.470499999999999829e+01	6.472799999999999443e+01	6.477400000000000091e+01	6.470499999999999829e+01	6.516299999999999670e+01	6.527700000000000102e+01	6.555200000000000671e+01	6.605500000000000682e+01	6.612399999999999523e+01	6.637600000000000477e+01	6.660500000000000398e+01	6.658199999999999363e+01	6.710800000000000409e+01	6.692499999999999716e+01	6.710800000000000409e+01	6.703900000000000148e+01	6.717700000000000671e+01	6.729099999999999682e+01	6.708499999999999375e+01	6.717700000000000671e+01	6.715399999999999636e+01	6.781799999999999784e+01	6.800100000000000477e+01	6.800100000000000477e+01	6.811499999999999488e+01	6.804699999999999704e+01	6.825300000000000011e+01	6.839000000000000057e+01	6.850400000000000489e+01	6.870999999999999375e+01	6.880200000000000671e+01	6.896200000000000330e+01	6.889300000000000068e+01	6.903100000000000591e+01	6.907699999999999818e+01	6.909900000000000375e+01	6.905400000000000205e+01	6.939700000000000557e+01	6.937399999999999523e+01	6.969499999999999318e+01	7.010699999999999932e+01	7.072400000000000375e+01	7.308199999999999363e+01	7.324200000000000443e+01	7.450100000000000477e+01	7.475300000000000011e+01	7.514199999999999591e+01	7.589700000000000557e+01	7.619499999999999318e+01	7.624099999999999966e+01	7.621800000000000352e+01	7.635500000000000398e+01	7.669799999999999329e+01	7.701900000000000546e+01	7.715600000000000591e+01	7.770499999999999829e+01	7.795699999999999363e+01	7.850600000000000023e+01	7.903300000000000125e+01	7.955899999999999750e+01	8.008599999999999852e+01	8.072700000000000387e+01	8.118399999999999750e+01	8.180200000000000671e+01	8.253499999999999659e+01	8.338200000000000500e+01	8.422899999999999920e+01	8.482399999999999807e+01	8.576200000000000045e+01	8.658599999999999852e+01	8.756999999999999318e+01	8.862300000000000466e+01	8.976699999999999591e+01	9.093500000000000227e+01	9.219400000000000261e+01	9.365800000000000125e+01	9.505500000000000682e+01	9.647400000000000375e+01	9.814499999999999602e+01	9.947199999999999420e+01	1.008679999999999950e+02	1.022420000000000044e+02	1.036380000000000052e+02	1.050570000000000022e+02	1.065900000000000034e+02	1.080090000000000003e+02	1.093829999999999956e+02	1.109849999999999994e+02	1.124729999999999990e+02	1.141200000000000045e+02	1.153110000000000070e+02	1.165240000000000009e+02	1.176449999999999960e+02	1.187439999999999998e+02	1.196820000000000022e+02	1.209410000000000025e+02	1.219710000000000036e+02	1.228640000000000043e+02	1.242139999999999986e+02	1.252439999999999998e+02	1.262279999999999944e+02	1.270070000000000050e+02	1.277159999999999940e+02	1.284480000000000075e+02	1.295699999999999932e+02	1.302800000000000011e+02	1.318820000000000050e+02	1.325000000000000000e+02	1.331630000000000109e+02	1.338959999999999866e+02	1.347429999999999950e+02	1.354290000000000020e+02	1.360020000000000095e+02	1.367800000000000011e+02	1.373060000000000116e+02	1.382899999999999920e+02	1.388629999999999995e+02	1.399840000000000089e+02	1.404650000000000034e+02
0.000000000000000000e+00	2.357249999999999943e+02	2.130660000000000025e+02	1.947330000000000041e+02	1.780929999999999893e+02	1.632839999999999918e+02	1.508789999999999907e+02	1.399610000000000127e+02	1.287690000000000055e+02	1.192699999999999960e+02	1.126560000000000059e+02	1.047590000000000003e+02	9.864799999999999613e+01	9.301800000000000068e+01	8.770799999999999841e+01	8.367900000000000205e+01	7.999399999999999977e+01	7.585099999999999909e+01	7.244100000000000250e+01	6.967199999999999704e+01	6.699399999999999977e+01	6.475100000000000477e+01	6.287400000000000233e+01	6.102000000000000313e+01	5.937199999999999989e+01	5.802199999999999847e+01	5.674000000000000199e+01	5.577900000000000347e+01	5.479399999999999693e+01	5.415299999999999869e+01	5.344400000000000261e+01	5.273400000000000176e+01	5.211599999999999966e+01	5.147599999999999909e+01	5.090299999999999869e+01	5.060600000000000165e+01	5.056000000000000227e+01	5.024000000000000199e+01	5.104099999999999682e+01	5.078900000000000148e+01	5.028499999999999659e+01	5.012500000000000000e+01	4.991899999999999693e+01	4.982800000000000296e+01	4.978199999999999648e+01	4.994200000000000017e+01	4.989600000000000080e+01	4.985000000000000142e+01	4.989600000000000080e+01	4.989600000000000080e+01	5.010199999999999676e+01	5.021699999999999875e+01	5.026200000000000045e+01	5.010199999999999676e+01	4.987299999999999756e+01	5.017099999999999937e+01	5.033100000000000307e+01	5.060600000000000165e+01	5.071999999999999886e+01	5.081199999999999761e+01	5.099499999999999744e+01	5.090299999999999869e+01	5.101800000000000068e+01	5.097200000000000131e+01	5.104099999999999682e+01	5.099499999999999744e+01	5.133800000000000097e+01	5.133800000000000097e+01	5.154399999999999693e+01	5.170400000000000063e+01	5.195600000000000307e+01	5.216199999999999903e+01	5.209400000000000119e+01	5.227700000000000102e+01	5.241400000000000148e+01	5.243699999999999761e+01	5.255100000000000193e+01	5.278000000000000114e+01	5.271099999999999852e+01	5.289500000000000313e+01	5.293999999999999773e+01	5.312299999999999756e+01	5.339800000000000324e+01	5.328399999999999892e+01	5.344400000000000261e+01	5.344400000000000261e+01	5.369599999999999795e+01	5.337500000000000000e+01	5.394700000000000273e+01	5.410799999999999699e+01	5.413100000000000023e+01	5.429099999999999682e+01	5.431400000000000006e+01	5.484000000000000341e+01	5.472599999999999909e+01	5.504599999999999937e+01	5.513799999999999812e+01	5.543500000000000227e+01	5.561800000000000210e+01	5.584700000000000131e+01	5.598400000000000176e+01	5.612199999999999989e+01	5.632800000000000296e+01	5.635099999999999909e+01	5.648799999999999955e+01	5.662500000000000000e+01	5.678600000000000136e+01	5.671699999999999875e+01	5.706000000000000227e+01	5.731199999999999761e+01	5.747200000000000131e+01	5.770100000000000051e+01	5.790699999999999648e+01	5.813600000000000279e+01	5.847899999999999920e+01	5.875399999999999778e+01	5.909700000000000131e+01	5.953199999999999648e+01	6.005899999999999750e+01	6.010399999999999920e+01	6.067699999999999960e+01	6.122599999999999909e+01	6.136299999999999955e+01	6.246200000000000330e+01	6.342300000000000182e+01	6.422400000000000375e+01	6.539199999999999591e+01	6.655899999999999750e+01	6.795499999999999829e+01	6.914499999999999602e+01	7.081600000000000250e+01	7.276200000000000045e+01	7.447799999999999443e+01	7.630899999999999750e+01	7.814000000000000057e+01	7.990300000000000580e+01	8.150499999999999545e+01	8.319899999999999807e+01	8.491500000000000625e+01	8.651699999999999591e+01	8.823399999999999466e+01	8.981300000000000239e+01	9.111799999999999500e+01	9.265099999999999625e+01	9.406999999999999318e+01	9.535200000000000387e+01	9.681699999999999307e+01	9.796099999999999852e+01	9.871699999999999875e+01	9.967799999999999727e+01	1.008449999999999989e+02	1.016919999999999931e+02	1.019899999999999949e+02	1.029050000000000011e+02	1.035460000000000065e+02	1.040949999999999989e+02	1.051940000000000026e+02	1.061779999999999973e+02	1.069339999999999975e+02	1.086039999999999992e+02	1.085360000000000014e+02	1.095430000000000064e+02	1.095430000000000064e+02	1.097259999999999991e+02	1.111680000000000064e+02	1.113509999999999991e+02	1.124950000000000045e+02	1.127009999999999934e+02	1.124500000000000028e+02	1.130679999999999978e+02	1.127930000000000064e+02	1.139599999999999937e+02	1.143040000000000020e+02	1.136860000000000070e+02	1.149440000000000026e+02	1.145100000000000051e+02	1.156080000000000041e+02	1.158599999999999994e+02	1.152650000000000006e+02	1.160889999999999986e+02	1.161800000000000068e+02	1.167530000000000001e+02	1.174389999999999930e+02	1.180570000000000022e+02	1.184230000000000018e+02	1.180799999999999983e+02	1.187900000000000063e+02	1.187669999999999959e+02	1.189729999999999990e+02	1.202770000000000010e+02
0.000000000000000000e+00	2.083739999999999952e+02	1.904070000000000107e+02	1.745449999999999875e+02	1.606289999999999907e+02	1.473770000000000095e+02	1.362299999999999898e+02	1.271209999999999951e+02	1.199569999999999936e+02	1.145100000000000051e+02	1.103209999999999980e+02	1.072540000000000049e+02	1.043930000000000007e+02	1.020360000000000014e+02	1.004789999999999992e+02	9.903700000000000614e+01	9.770999999999999375e+01	9.654200000000000159e+01	9.558100000000000307e+01	9.468800000000000239e+01	9.411599999999999966e+01	9.320099999999999341e+01	9.184999999999999432e+01	9.065999999999999659e+01	8.894299999999999784e+01	8.756999999999999318e+01	8.658599999999999852e+01	8.589900000000000091e+01	8.528100000000000591e+01	8.466299999999999670e+01	8.434300000000000352e+01	8.413700000000000045e+01	8.400000000000000000e+01	8.400000000000000000e+01	8.386199999999999477e+01	8.397700000000000387e+01	8.409099999999999397e+01	8.420600000000000307e+01	8.450300000000000011e+01	8.459499999999999886e+01	8.482399999999999807e+01	8.518999999999999773e+01	8.541899999999999693e+01	8.555599999999999739e+01	8.580800000000000693e+01	8.628799999999999670e+01	8.624299999999999500e+01	8.624299999999999500e+01	8.606000000000000227e+01	8.603700000000000614e+01	8.615099999999999625e+01	8.631100000000000705e+01	8.642600000000000193e+01	8.658599999999999852e+01	8.695199999999999818e+01	8.683799999999999386e+01	8.665500000000000114e+01	8.635699999999999932e+01	8.624299999999999500e+01	8.644899999999999807e+01	8.635699999999999932e+01	8.603700000000000614e+01	8.626600000000000534e+01	8.608199999999999363e+01	8.594499999999999318e+01	8.601399999999999579e+01	8.601399999999999579e+01	8.621999999999999886e+01	8.633400000000000318e+01	8.660899999999999466e+01	8.683799999999999386e+01	8.729600000000000648e+01	8.756999999999999318e+01	8.793600000000000705e+01	8.876000000000000512e+01	8.919499999999999318e+01	8.946999999999999886e+01	9.001900000000000546e+01	9.043099999999999739e+01	9.084300000000000352e+01	9.118699999999999761e+01	9.164400000000000546e+01	9.198799999999999955e+01	9.246800000000000352e+01	9.265099999999999625e+01	9.306300000000000239e+01	9.365800000000000125e+01	9.406999999999999318e+01	9.448199999999999932e+01	9.500900000000000034e+01	9.553499999999999659e+01	9.596999999999999886e+01	9.651900000000000546e+01	9.697700000000000387e+01	9.754900000000000659e+01	9.805299999999999727e+01	9.876300000000000523e+01	9.910599999999999454e+01	9.967799999999999727e+01	1.001129999999999995e+02	1.004099999999999966e+02	1.010739999999999981e+02	1.014399999999999977e+02	1.019210000000000065e+02	1.024020000000000010e+02	1.027219999999999942e+02	1.030649999999999977e+02	1.035919999999999987e+02	1.039350000000000023e+02	1.042330000000000041e+02	1.046910000000000025e+02	1.051029999999999944e+02	1.053769999999999953e+02	1.057660000000000053e+02	1.061099999999999994e+02	1.064300000000000068e+02	1.068419999999999987e+02	1.070939999999999941e+02	1.073679999999999950e+02	1.076889999999999930e+02	1.079410000000000025e+02	1.081009999999999991e+02	1.084899999999999949e+02	1.086959999999999980e+02	1.089020000000000010e+02	1.092000000000000028e+02	1.093599999999999994e+02	1.095889999999999986e+02	1.098400000000000034e+02	1.100229999999999961e+02	1.099779999999999944e+02	1.102069999999999936e+02	1.102069999999999936e+02	1.102519999999999953e+02	1.104350000000000023e+02	1.104579999999999984e+02	1.106869999999999976e+02	1.109159999999999968e+02	1.108930000000000007e+02	1.108930000000000007e+02	1.110759999999999934e+02	1.111449999999999960e+02	1.111449999999999960e+02	1.112369999999999948e+02	1.112819999999999965e+02	1.113050000000000068e+02	1.114200000000000017e+02	1.114879999999999995e+02	1.114650000000000034e+02	1.116029999999999944e+02	1.116029999999999944e+02	1.117169999999999987e+02	1.118319999999999936e+02	1.118319999999999936e+02	1.118089999999999975e+02	1.118550000000000040e+02	1.119459999999999980e+02	1.118769999999999953e+02	1.119920000000000044e+02	1.121520000000000010e+02	1.120610000000000070e+02	1.122439999999999998e+02	1.122439999999999998e+02	1.121520000000000010e+02	1.122890000000000015e+02	1.123119999999999976e+02	1.122439999999999998e+02	1.124500000000000028e+02	1.124729999999999990e+02	1.124270000000000067e+02	1.124950000000000045e+02	1.125409999999999968e+02	1.124039999999999964e+02	1.125409999999999968e+02	1.125639999999999930e+02	1.124950000000000045e+02	1.125870000000000033e+02	1.125870000000000033e+02	1.125409999999999968e+02	1.126560000000000059e+02	1.126790000000000020e+02	1.127009999999999934e+02	1.127240000000000038e+02	1.127240000000000038e+02	1.127469999999999999e+02	1.128619999999999948e+02	1.129300000000000068e+02	1.128389999999999986e+02	1.129300000000000068e+02	1.129989999999999952e+02
1.000000000000000000e+00	2.759169999999999732e+02	2.505339999999999918e+02	2.297290000000000134e+02	2.119449999999999932e+02	1.948930000000000007e+02	1.813890000000000100e+02	1.697390000000000043e+02	1.578830000000000098e+02	1.482009999999999934e+02	1.449509999999999934e+02	1.394809999999999945e+02	1.346740000000000066e+02	1.298899999999999864e+02	1.271440000000000055e+02	1.253130000000000024e+02	1.240540000000000020e+02	1.222000000000000028e+02	1.207810000000000059e+02	1.196590000000000060e+02	1.184009999999999962e+02	1.173709999999999951e+02	1.169819999999999993e+02	1.165699999999999932e+02	1.161800000000000068e+02	1.158599999999999994e+02	1.158370000000000033e+02	1.154479999999999933e+02	1.154249999999999972e+02	1.156080000000000041e+02	1.154479999999999933e+02	1.159060000000000059e+02	1.161119999999999948e+02	1.161350000000000051e+02	1.164779999999999944e+02	1.167300000000000040e+02	1.169129999999999967e+02	1.171650000000000063e+02	1.173250000000000028e+02	1.175310000000000059e+02	1.180340000000000060e+02	1.183089999999999975e+02	1.186290000000000049e+02	1.190190000000000055e+02	1.193850000000000051e+02	1.198430000000000035e+02	1.202090000000000032e+02	1.205060000000000002e+02	1.208719999999999999e+02	1.216050000000000040e+02	1.221080000000000041e+02	1.225430000000000064e+02	1.230010000000000048e+02	1.233670000000000044e+02	1.238020000000000067e+02	1.242139999999999986e+02	1.246719999999999970e+02	1.250150000000000006e+02	1.253589999999999947e+02	1.258850000000000051e+02	1.263199999999999932e+02	1.266860000000000070e+02	1.271440000000000055e+02	1.275789999999999935e+02	1.280819999999999936e+02	1.287230000000000132e+02	1.293180000000000121e+02	1.299130000000000109e+02	1.307599999999999909e+02	1.312640000000000100e+02	1.319730000000000132e+02	1.327740000000000009e+02	1.334379999999999882e+02	1.343309999999999889e+02	1.352009999999999934e+02	1.362079999999999984e+02	1.372829999999999870e+02	1.384739999999999895e+02	1.398009999999999877e+02	1.411740000000000066e+02	1.426390000000000100e+02	1.441500000000000057e+02	1.459809999999999945e+02	1.479259999999999877e+02	1.500320000000000107e+02	1.522520000000000095e+02	1.548389999999999986e+02	1.573559999999999945e+02	1.605380000000000109e+02	1.633990000000000009e+02	1.664660000000000082e+02	1.700360000000000014e+02	1.735610000000000070e+02	1.775670000000000073e+02	1.810229999999999961e+02	1.850509999999999877e+02	1.888959999999999866e+02	1.933139999999999930e+02	1.970670000000000073e+02	2.008209999999999980e+02	2.050550000000000068e+02	2.091289999999999907e+02	2.128600000000000136e+02	2.170939999999999941e+02	2.205960000000000036e+02	2.240300000000000011e+02	2.278750000000000000e+02	2.322460000000000093e+02	2.352680000000000007e+02	2.382659999999999911e+02	2.414929999999999950e+02	2.441250000000000000e+02	2.470550000000000068e+02	2.495039999999999907e+02	2.518839999999999861e+02	2.540130000000000052e+02	2.558669999999999902e+02	2.582699999999999818e+02	2.608799999999999955e+02	2.620240000000000009e+02	2.633290000000000077e+02	2.645649999999999977e+02	2.661669999999999732e+02	2.674259999999999877e+02	2.691650000000000205e+02	2.702640000000000100e+02	2.709499999999999886e+02	2.717289999999999850e+02	2.736739999999999782e+02	2.744750000000000227e+02	2.749560000000000173e+02	2.756650000000000205e+02	2.766039999999999850e+02	2.769929999999999950e+02	2.776340000000000146e+02	2.784809999999999945e+02	2.796940000000000168e+02	2.803340000000000032e+02	2.806089999999999804e+02	2.822799999999999727e+02	2.830810000000000173e+02	2.826229999999999905e+02	2.826229999999999905e+02	2.826000000000000227e+02	2.829900000000000091e+02	2.836070000000000277e+02	2.831270000000000095e+02	2.834010000000000105e+02	2.843399999999999750e+02	2.840190000000000055e+02	2.850040000000000191e+02	2.858509999999999991e+02	2.858509999999999991e+02	2.856669999999999732e+02	2.864230000000000018e+02	2.863310000000000173e+02	2.857359999999999900e+02	2.869259999999999877e+02	2.872919999999999732e+02	2.875210000000000150e+02	2.878650000000000091e+02	2.879100000000000250e+02	2.881390000000000100e+02	2.886659999999999968e+02	2.890319999999999823e+02	2.887339999999999804e+02	2.889859999999999900e+02	2.893519999999999754e+02	2.888260000000000218e+02	2.890319999999999823e+02	2.899700000000000273e+02	2.899019999999999868e+02	2.896039999999999850e+02	2.896730000000000018e+02	2.893299999999999841e+02	2.891689999999999827e+02	2.887799999999999727e+02	2.884599999999999795e+02	2.888260000000000218e+02	2.881390000000000100e+02	2.886890000000000214e+02	2.883220000000000027e+02	2.879789999999999850e+02	2.877959999999999923e+02	2.876820000000000164e+02	2.870179999999999723e+02	2.866970000000000027e+02	2.865369999999999777e+02	2.865830000000000268e+02	2.864689999999999941e+02
0.000000000000000000e+00	1.995159999999999911e+02	1.813890000000000100e+02	1.653899999999999864e+02	1.500320000000000107e+02	1.375120000000000005e+02	1.262740000000000009e+02	1.173930000000000007e+02	1.108020000000000067e+02	1.045300000000000011e+02	9.947199999999999420e+01	9.507800000000000296e+01	9.116400000000000148e+01	8.775300000000000011e+01	8.496099999999999852e+01	8.157299999999999329e+01	7.832299999999999329e+01	7.514199999999999591e+01	7.207500000000000284e+01	7.003799999999999670e+01	6.761199999999999477e+01	6.557500000000000284e+01	6.395000000000000284e+01	6.246200000000000330e+01	6.108899999999999864e+01	5.994400000000000261e+01	5.889099999999999824e+01	5.818200000000000216e+01	5.763199999999999790e+01	5.689999999999999858e+01	5.630499999999999972e+01	5.580100000000000193e+01	5.536699999999999733e+01	5.500000000000000000e+01	5.465699999999999648e+01	5.438199999999999790e+01	5.413100000000000023e+01	5.403900000000000148e+01	5.408500000000000085e+01	5.376400000000000290e+01	5.364999999999999858e+01	5.362700000000000244e+01	5.355799999999999983e+01	5.344400000000000261e+01	5.353499999999999659e+01	5.342099999999999937e+01	5.339800000000000324e+01	5.326100000000000279e+01	5.351299999999999812e+01	5.346699999999999875e+01	5.351299999999999812e+01	5.358100000000000307e+01	5.374099999999999966e+01	5.369599999999999795e+01	5.385600000000000165e+01	5.381000000000000227e+01	5.394700000000000273e+01	5.410799999999999699e+01	5.406199999999999761e+01	5.440500000000000114e+01	5.467999999999999972e+01	5.495499999999999829e+01	5.518299999999999983e+01	5.536699999999999733e+01	5.543500000000000227e+01	5.545799999999999841e+01	5.538900000000000290e+01	5.536699999999999733e+01	5.541199999999999903e+01	5.543500000000000227e+01	5.566400000000000148e+01	5.625900000000000034e+01	5.630499999999999972e+01	5.653399999999999892e+01	5.657999999999999829e+01	5.669400000000000261e+01	5.699199999999999733e+01	5.678600000000000136e+01	5.687700000000000244e+01	5.699199999999999733e+01	5.721999999999999886e+01	5.751800000000000068e+01	5.777000000000000313e+01	5.792999999999999972e+01	5.841100000000000136e+01	5.845600000000000307e+01	5.847899999999999920e+01	5.864000000000000057e+01	5.902900000000000347e+01	5.898299999999999699e+01	5.891400000000000148e+01	5.882300000000000040e+01	5.909700000000000131e+01	5.900600000000000023e+01	5.914300000000000068e+01	5.923499999999999943e+01	5.950900000000000034e+01	5.957800000000000296e+01	5.982999999999999829e+01	5.987500000000000000e+01	5.996699999999999875e+01	6.012700000000000244e+01	6.040200000000000102e+01	6.102000000000000313e+01	6.111099999999999710e+01	6.106600000000000250e+01	6.111099999999999710e+01	6.097399999999999665e+01	6.097399999999999665e+01	6.122599999999999909e+01	6.138600000000000279e+01	6.138600000000000279e+01	6.140899999999999892e+01	6.177499999999999858e+01	6.227900000000000347e+01	6.239300000000000068e+01	6.253099999999999881e+01	6.253099999999999881e+01	6.278199999999999648e+01	6.317099999999999937e+01	6.324000000000000199e+01	6.328600000000000136e+01	6.333200000000000074e+01	6.367499999999999716e+01	6.369800000000000040e+01	6.378900000000000148e+01	6.395000000000000284e+01	6.420099999999999341e+01	6.415600000000000591e+01	6.426999999999999602e+01	6.459000000000000341e+01	6.472799999999999443e+01	6.481900000000000261e+01	6.484199999999999875e+01	6.491100000000000136e+01	6.500199999999999534e+01	6.648999999999999488e+01	6.671899999999999409e+01	6.674200000000000443e+01	6.765699999999999648e+01	6.786299999999999955e+01	6.788599999999999568e+01	6.786299999999999955e+01	6.790900000000000603e+01	6.790900000000000603e+01	6.800100000000000477e+01	6.804699999999999704e+01	6.825300000000000011e+01	6.829800000000000182e+01	6.839000000000000057e+01	6.841299999999999670e+01	6.854999999999999716e+01	6.857299999999999329e+01	6.882500000000000284e+01	6.891599999999999682e+01	6.900799999999999557e+01	6.905400000000000205e+01	6.907699999999999818e+01	6.914499999999999602e+01	6.928300000000000125e+01	6.937399999999999523e+01	6.953400000000000603e+01	6.971699999999999875e+01	6.973999999999999488e+01	6.978600000000000136e+01	6.996899999999999409e+01	7.001500000000000057e+01	7.017499999999999716e+01	7.024399999999999977e+01	7.045000000000000284e+01	7.056399999999999295e+01	7.067900000000000205e+01	7.079300000000000637e+01	7.088500000000000512e+01	7.099899999999999523e+01	7.106799999999999784e+01	7.111400000000000432e+01	7.120499999999999829e+01	7.129699999999999704e+01	7.129699999999999704e+01	7.134199999999999875e+01	7.154800000000000182e+01	7.166299999999999670e+01	7.166299999999999670e+01	7.170900000000000318e+01	7.179999999999999716e+01	7.186899999999999977e+01	7.248699999999999477e+01	7.244100000000000250e+01	7.251000000000000512e+01
0.000000000000000000e+00	3.027420000000000186e+02	2.736050000000000182e+02	2.452009999999999934e+02	2.226790000000000020e+02	2.030409999999999968e+02	1.861719999999999970e+02	1.728739999999999952e+02	1.609269999999999925e+02	1.524350000000000023e+02	1.451570000000000107e+02	1.397090000000000032e+02	1.349490000000000123e+02	1.310349999999999966e+02	1.271670000000000016e+02	1.239620000000000033e+02	1.209639999999999986e+02	1.179890000000000043e+02	1.145319999999999965e+02	1.121979999999999933e+02	1.099320000000000022e+02	1.070480000000000018e+02	1.046680000000000064e+02	1.022870000000000061e+02	1.002039999999999935e+02	9.851099999999999568e+01	9.713700000000000045e+01	9.596999999999999886e+01	9.503199999999999648e+01	9.402500000000000568e+01	9.329200000000000159e+01	9.265099999999999625e+01	9.203300000000000125e+01	9.159900000000000375e+01	9.148399999999999466e+01	9.139300000000000068e+01	9.120900000000000318e+01	9.104900000000000659e+01	9.093500000000000227e+01	9.081999999999999318e+01	9.095799999999999841e+01	9.086599999999999966e+01	9.079699999999999704e+01	9.077500000000000568e+01	9.107200000000000273e+01	9.107200000000000273e+01	9.132399999999999807e+01	9.168999999999999773e+01	9.196500000000000341e+01	9.240000000000000568e+01	9.269700000000000273e+01	9.292600000000000193e+01	9.294899999999999807e+01	9.349800000000000466e+01	9.386400000000000432e+01	9.427599999999999625e+01	9.445999999999999375e+01	9.487199999999999989e+01	9.507800000000000296e+01	9.546699999999999875e+01	9.585599999999999454e+01	9.629099999999999682e+01	9.665699999999999648e+01	9.702299999999999613e+01	9.818999999999999773e+01	9.892300000000000182e+01	9.937999999999999545e+01	9.997599999999999909e+01	1.004789999999999992e+02	1.008220000000000027e+02	1.013719999999999999e+02	1.019899999999999949e+02	1.023559999999999945e+02	1.028370000000000033e+02	1.034090000000000060e+02	1.041179999999999950e+02	1.046680000000000064e+02	1.051479999999999961e+02	1.054000000000000057e+02	1.056749999999999972e+02	1.058580000000000041e+02	1.062009999999999934e+02	1.064069999999999965e+02	1.067500000000000000e+02	1.070019999999999953e+02	1.070939999999999941e+02	1.072770000000000010e+02	1.073679999999999950e+02	1.075739999999999981e+02	1.075969999999999942e+02	1.077120000000000033e+02	1.079860000000000042e+02	1.080319999999999965e+02	1.081239999999999952e+02	1.082150000000000034e+02	1.082840000000000060e+02	1.084210000000000065e+02	1.084899999999999949e+02	1.084899999999999949e+02	1.083979999999999961e+02	1.083979999999999961e+02	1.086039999999999992e+02	1.087189999999999941e+02	1.088100000000000023e+02	1.087189999999999941e+02	1.088100000000000023e+02	1.089020000000000010e+02	1.086959999999999980e+02	1.083979999999999961e+02	1.084669999999999987e+02	1.085589999999999975e+02	1.085819999999999936e+02	1.085589999999999975e+02	1.084210000000000065e+02	1.083979999999999961e+02	1.085589999999999975e+02	1.086500000000000057e+02	1.086269999999999953e+02	1.087420000000000044e+02	1.087420000000000044e+02	1.087189999999999941e+02	1.087650000000000006e+02	1.087650000000000006e+02	1.088559999999999945e+02	1.090619999999999976e+02	1.090849999999999937e+02	1.092219999999999942e+02	1.092450000000000045e+02	1.094060000000000059e+02	1.095660000000000025e+02	1.096800000000000068e+02	1.096569999999999965e+02	1.097489999999999952e+02	1.099779999999999944e+02	1.100460000000000065e+02	1.099779999999999944e+02	1.093370000000000033e+02	1.094279999999999973e+02	1.096119999999999948e+02	1.097950000000000017e+02	1.085819999999999936e+02	1.089249999999999972e+02	1.091080000000000041e+02	1.090849999999999937e+02	1.094279999999999973e+02	1.094509999999999934e+02	1.095889999999999986e+02	1.098179999999999978e+02	1.098400000000000034e+02	1.100919999999999987e+02	1.101380000000000052e+02	1.102289999999999992e+02	1.103900000000000006e+02	1.105960000000000036e+02	1.108250000000000028e+02	1.108700000000000045e+02	1.110990000000000038e+02	1.112139999999999986e+02	1.113970000000000056e+02	1.115340000000000060e+02	1.117860000000000014e+02	1.118550000000000040e+02	1.119459999999999980e+02	1.121520000000000010e+02	1.124039999999999964e+02	1.126560000000000059e+02	1.126329999999999956e+02	1.129300000000000068e+02	1.129759999999999991e+02	1.130679999999999978e+02	1.132740000000000009e+02	1.133190000000000026e+02	1.134110000000000014e+02	1.135030000000000001e+02	1.136170000000000044e+02	1.137770000000000010e+02	1.138229999999999933e+02	1.140060000000000002e+02	1.140750000000000028e+02	1.139830000000000041e+02	1.141889999999999930e+02	1.142810000000000059e+02	1.143259999999999934e+02	1.143719999999999999e+02	1.143040000000000020e+02	1.144869999999999948e+02	1.146239999999999952e+02	1.145319999999999965e+02	1.146239999999999952e+02	1.146470000000000056e+02
0.000000000000000000e+00	2.083000000000000185e+00	1.923000000000000043e+00	1.945000000000000062e+00	1.739999999999999991e+00	1.739999999999999991e+00	1.945000000000000062e+00	1.899999999999999911e+00	1.808000000000000052e+00	1.899999999999999911e+00	2.838000000000000078e+00	1.647999999999999909e+00	3.250000000000000000e+00	2.632000000000000117e+00	1.899999999999999911e+00	5.847899999999999920e+01	5.394700000000000273e+01	5.094899999999999807e+01	4.863700000000000045e+01	4.705799999999999983e+01	4.632600000000000051e+01	4.509000000000000341e+01	4.394500000000000028e+01	4.314399999999999835e+01	4.220600000000000307e+01	4.154200000000000159e+01	4.064900000000000091e+01	4.048899999999999721e+01	4.030599999999999739e+01	3.989399999999999835e+01	3.966499999999999915e+01	3.991700000000000159e+01	3.966499999999999915e+01	3.945900000000000318e+01	3.879500000000000171e+01	3.909300000000000352e+01	3.904699999999999704e+01	3.890999999999999659e+01	3.890999999999999659e+01	3.856700000000000017e+01	3.863499999999999801e+01	3.826899999999999835e+01	3.783400000000000318e+01	3.810900000000000176e+01	3.858899999999999864e+01	3.806300000000000239e+01	3.865800000000000125e+01	3.854399999999999693e+01	3.771999999999999886e+01	3.758200000000000074e+01	3.726200000000000045e+01	3.742199999999999704e+01	3.737599999999999767e+01	3.714800000000000324e+01	3.799399999999999977e+01	3.797099999999999653e+01	3.820000000000000284e+01	3.822299999999999898e+01	3.815500000000000114e+01	3.854399999999999693e+01	3.863499999999999801e+01	3.900099999999999767e+01	3.893299999999999983e+01	3.854399999999999693e+01	3.849799999999999756e+01	3.875000000000000000e+01	3.863499999999999801e+01	3.895600000000000307e+01	3.845199999999999818e+01	3.932200000000000273e+01	3.922999999999999687e+01	3.920700000000000074e+01	3.922999999999999687e+01	3.945900000000000318e+01	3.902400000000000091e+01	3.959700000000000131e+01	3.955100000000000193e+01	3.948199999999999932e+01	4.090100000000000335e+01	4.028300000000000125e+01	4.108400000000000318e+01	4.048899999999999721e+01	4.053499999999999659e+01	4.067199999999999704e+01	4.067199999999999704e+01	4.220600000000000307e+01	4.193099999999999739e+01	4.193099999999999739e+01	4.149600000000000222e+01	4.154200000000000159e+01	4.163400000000000034e+01	4.151899999999999835e+01	4.193099999999999739e+01	4.238900000000000290e+01	4.252600000000000335e+01	4.213700000000000045e+01	4.300699999999999790e+01	4.309799999999999898e+01	4.298400000000000176e+01	4.293800000000000239e+01	4.314399999999999835e+01	4.284700000000000131e+01	4.266400000000000148e+01	4.270900000000000318e+01	4.284700000000000131e+01	4.362500000000000000e+01	4.339600000000000080e+01	4.360199999999999676e+01	4.643999999999999773e+01	4.573100000000000165e+01	4.559300000000000352e+01	4.568500000000000227e+01	4.527300000000000324e+01	4.527300000000000324e+01	4.584499999999999886e+01	4.577600000000000335e+01	4.563900000000000290e+01	4.561599999999999966e+01	4.502100000000000080e+01	4.513499999999999801e+01	4.502100000000000080e+01	4.490699999999999648e+01	4.467799999999999727e+01	4.506700000000000017e+01	4.735600000000000165e+01	4.708100000000000307e+01	4.728699999999999903e+01	4.758500000000000085e+01	4.731000000000000227e+01	4.698899999999999721e+01	4.669200000000000017e+01	4.744700000000000273e+01	4.714999999999999858e+01	4.701200000000000045e+01	4.698899999999999721e+01	4.678300000000000125e+01	4.696699999999999875e+01	4.682900000000000063e+01	4.781300000000000239e+01	4.772200000000000131e+01	4.740100000000000335e+01	4.799699999999999989e+01	4.772200000000000131e+01	4.753900000000000148e+01	4.708100000000000307e+01	4.733299999999999841e+01	4.698899999999999721e+01	4.708100000000000307e+01	4.746999999999999886e+01	4.740100000000000335e+01	4.701200000000000045e+01	4.717300000000000182e+01	4.950699999999999790e+01	4.936999999999999744e+01	4.936999999999999744e+01	4.882000000000000028e+01	4.888900000000000290e+01	4.888900000000000290e+01	4.904899999999999949e+01	4.865999999999999659e+01	4.911800000000000210e+01	4.943800000000000239e+01	4.914099999999999824e+01	4.888900000000000290e+01	4.863700000000000045e+01	4.978199999999999648e+01	4.925500000000000256e+01	4.930100000000000193e+01	4.985000000000000142e+01	4.978199999999999648e+01	4.959899999999999665e+01	4.939300000000000068e+01	4.953000000000000114e+01	4.921000000000000085e+01	4.918699999999999761e+01	4.923199999999999932e+01	4.930100000000000193e+01	4.939300000000000068e+01	4.907200000000000273e+01	4.923199999999999932e+01	4.930100000000000193e+01	4.923199999999999932e+01	4.932399999999999807e+01	4.941599999999999682e+01	4.939300000000000068e+01	4.932399999999999807e+01	4.955299999999999727e+01	4.918699999999999761e+01	4.941599999999999682e+01	4.925500000000000256e+01
1.000000000000000000e+00	4.572830000000000155e+02	4.103389999999999986e+02	3.678820000000000050e+02	3.306429999999999723e+02	2.982559999999999718e+02	2.722090000000000032e+02	2.473979999999999961e+02	2.272110000000000127e+02	2.144170000000000016e+02	1.981200000000000045e+02	1.862410000000000139e+02	1.764219999999999970e+02	1.693040000000000020e+02	1.633990000000000009e+02	1.581339999999999861e+02	1.541750000000000114e+02	1.504670000000000130e+02	1.470339999999999918e+02	1.440120000000000005e+02	1.417009999999999934e+02	1.395720000000000027e+02	1.375120000000000005e+02	1.359329999999999927e+02	1.340099999999999909e+02	1.329569999999999936e+02	1.318360000000000127e+02	1.308979999999999961e+02	1.302800000000000011e+02	1.296620000000000061e+02	1.292270000000000039e+02	1.287920000000000016e+02	1.283569999999999993e+02	1.276250000000000000e+02	1.274410000000000025e+02	1.272579999999999956e+02	1.268919999999999959e+02	1.268460000000000036e+02	1.268919999999999959e+02	1.270520000000000067e+02	1.271209999999999951e+02	1.274410000000000025e+02	1.277620000000000005e+02	1.298679999999999950e+02	1.303710000000000093e+02	1.306229999999999905e+02	1.309660000000000082e+02	1.311949999999999932e+02	1.316299999999999955e+02	1.321109999999999900e+02	1.327059999999999889e+02	1.329799999999999898e+02	1.333689999999999998e+02	1.337810000000000059e+02	1.340560000000000116e+02	1.348110000000000070e+02	1.349259999999999877e+02	1.352009999999999934e+02	1.365049999999999955e+02	1.365049999999999955e+02	1.365509999999999877e+02	1.368480000000000132e+02	1.370320000000000107e+02	1.372829999999999870e+02	1.375579999999999927e+02	1.379699999999999989e+02	1.381759999999999877e+02	1.384739999999999895e+02	1.386800000000000068e+02	1.381299999999999955e+02	1.393890000000000100e+02	1.397779999999999916e+02	1.400300000000000011e+02	1.408540000000000134e+02	1.412429999999999950e+02	1.415180000000000007e+02	1.417690000000000055e+02	1.422959999999999923e+02	1.426620000000000061e+02	1.428679999999999950e+02	1.429370000000000118e+02	1.431879999999999882e+02	1.435550000000000068e+02	1.438520000000000039e+02	1.440809999999999889e+02	1.444929999999999950e+02	1.447909999999999968e+02	1.450420000000000016e+02	1.455920000000000130e+02	1.457980000000000018e+02	1.458890000000000100e+02	1.464610000000000127e+02	1.466450000000000102e+02	1.469420000000000073e+02	1.472630000000000052e+02	1.475140000000000100e+02	1.479259999999999877e+02	1.504670000000000130e+02	1.507870000000000061e+02	1.509929999999999950e+02	1.515200000000000102e+02	1.519780000000000086e+02	1.523209999999999980e+02	1.527560000000000002e+02	1.534190000000000111e+02	1.538770000000000095e+02	1.547009999999999934e+02	1.556399999999999864e+02	1.566009999999999991e+02	1.577450000000000045e+02	1.591419999999999959e+02	1.606289999999999907e+02	1.624830000000000041e+02	1.646119999999999948e+02	1.670610000000000070e+02	1.703110000000000070e+02	1.736980000000000075e+02	1.774519999999999982e+02	1.836779999999999973e+02	1.868360000000000127e+02	1.939319999999999879e+02	1.999050000000000011e+02	2.079619999999999891e+02	2.139590000000000032e+02	2.218549999999999898e+02	2.319259999999999877e+02	2.387920000000000016e+02	2.477189999999999941e+02	2.573550000000000182e+02	2.660980000000000132e+02	2.726899999999999977e+02	2.807239999999999895e+02	2.890090000000000146e+02	2.950059999999999718e+02	3.009110000000000014e+02	3.065869999999999891e+02	3.115310000000000059e+02	3.160629999999999882e+02	3.203659999999999854e+02	3.241419999999999959e+02	3.273009999999999877e+02	3.302309999999999945e+02	3.329540000000000077e+02	3.351970000000000027e+02	3.372119999999999891e+02	3.390430000000000064e+02	3.407359999999999900e+02	3.424300000000000068e+02	3.438949999999999818e+02	3.448100000000000023e+02	3.459549999999999841e+02	3.469159999999999968e+02	3.477169999999999845e+02	3.485640000000000214e+02	3.493650000000000091e+02	3.500980000000000132e+02	3.511510000000000105e+02	3.517230000000000132e+02	3.522490000000000236e+02	3.530500000000000114e+02	3.536220000000000141e+02	3.541490000000000009e+02	3.548809999999999718e+02	3.552250000000000227e+02	3.565749999999999886e+02	3.569409999999999741e+02	3.570790000000000077e+02	3.598940000000000055e+02	3.592300000000000182e+02	3.593220000000000027e+02	3.596650000000000205e+02	3.603969999999999914e+02	3.608090000000000259e+02	3.611979999999999791e+02	3.614730000000000132e+02	3.614499999999999886e+02	3.612440000000000282e+02	3.613360000000000127e+02	3.617479999999999905e+02	3.618620000000000232e+02	3.607180000000000177e+02	3.608319999999999936e+02	3.614270000000000209e+02	3.616329999999999814e+02	3.660049999999999955e+02	3.669200000000000159e+02	3.667830000000000155e+02	3.667599999999999909e+02	3.669429999999999836e+02	3.670350000000000250e+02
1.000000000000000000e+00	3.480609999999999786e+02	3.127900000000000205e+02	2.825319999999999823e+02	2.561190000000000282e+02	2.330469999999999970e+02	2.124480000000000075e+02	1.963580000000000041e+02	1.820300000000000011e+02	1.710889999999999986e+02	1.623689999999999998e+02	1.552510000000000048e+02	1.490939999999999941e+02	1.438520000000000039e+02	1.393890000000000100e+02	1.355209999999999866e+02	1.319269999999999925e+02	1.287460000000000093e+02	1.257249999999999943e+02	1.224060000000000059e+02	1.193619999999999948e+02	1.164090000000000060e+02	1.130679999999999978e+02	1.097489999999999952e+02	1.067960000000000065e+02	1.041869999999999976e+02	1.021500000000000057e+02	1.001129999999999995e+02	9.864799999999999613e+01	9.725199999999999534e+01	9.619899999999999807e+01	9.532899999999999352e+01	9.448199999999999932e+01	9.411599999999999966e+01	9.684000000000000341e+01	9.635899999999999466e+01	9.585599999999999454e+01	9.528400000000000603e+01	9.509999999999999432e+01	9.482599999999999341e+01	9.471099999999999852e+01	9.468800000000000239e+01	9.500900000000000034e+01	9.503199999999999648e+01	9.500900000000000034e+01	9.539799999999999613e+01	9.581000000000000227e+01	9.629099999999999682e+01	9.617600000000000193e+01	9.645099999999999341e+01	9.684000000000000341e+01	9.679399999999999693e+01	9.688599999999999568e+01	9.718300000000000693e+01	9.736599999999999966e+01	9.741200000000000614e+01	9.800700000000000500e+01	9.921999999999999886e+01	9.974699999999999989e+01	9.983799999999999386e+01	1.000669999999999931e+02	1.002500000000000000e+02	1.003880000000000052e+02	1.005250000000000057e+02	1.010280000000000058e+02	1.020130000000000052e+02	1.023100000000000023e+02	1.033400000000000034e+02	1.033400000000000034e+02	1.041640000000000015e+02	1.044849999999999994e+02	1.049419999999999931e+02	1.057890000000000015e+02	1.064069999999999965e+02	1.081700000000000017e+02	1.082609999999999957e+02	1.081239999999999952e+02	1.081239999999999952e+02	1.083070000000000022e+02	1.088100000000000023e+02	1.090849999999999937e+02	1.086730000000000018e+02	1.089939999999999998e+02	1.093139999999999930e+02	1.094740000000000038e+02	1.097489999999999952e+02	1.104129999999999967e+02	1.107330000000000041e+02	1.111449999999999960e+02	1.116260000000000048e+02	1.119000000000000057e+02	1.129300000000000068e+02	1.138460000000000036e+02	1.145550000000000068e+02	1.152420000000000044e+02	1.158370000000000033e+02	1.167300000000000040e+02	1.178280000000000030e+02	1.194309999999999974e+02	1.214219999999999970e+02	1.237339999999999947e+02	1.260909999999999940e+02	1.290889999999999986e+02	1.324770000000000039e+02	1.367800000000000011e+02	1.418379999999999939e+02	1.472400000000000091e+02	1.541059999999999945e+02	1.608120000000000118e+02	1.682969999999999970e+02	1.785960000000000036e+02	1.865389999999999873e+02	1.953739999999999952e+02	2.030409999999999968e+02	2.112810000000000059e+02	2.188340000000000032e+02	2.259519999999999982e+02	2.323609999999999900e+02	2.387239999999999895e+02	2.445829999999999984e+02	2.495730000000000075e+02	2.538530000000000086e+02	2.581789999999999736e+02	2.620009999999999764e+02	2.666700000000000159e+02	2.698519999999999754e+02	2.726669999999999732e+02	2.758709999999999809e+02	2.785029999999999859e+02	2.810899999999999750e+02	2.837679999999999723e+02	2.862629999999999768e+02	2.884830000000000041e+02	2.908399999999999750e+02	2.928090000000000259e+02	2.946170000000000186e+02	2.962880000000000109e+02	2.981639999999999873e+02	2.997440000000000282e+02	3.011630000000000109e+02	3.028340000000000032e+02	3.045500000000000114e+02	3.060609999999999786e+02	3.075939999999999941e+02	3.092420000000000186e+02	3.105470000000000255e+02	3.121490000000000009e+02	3.134769999999999754e+02	3.145749999999999886e+02	3.160629999999999882e+02	3.172069999999999936e+02	3.183059999999999832e+02	3.195649999999999977e+02	3.208919999999999959e+02	3.222200000000000273e+02	3.234560000000000173e+02	3.248290000000000077e+02	3.260190000000000055e+02	3.274610000000000127e+02	3.286059999999999945e+02	3.301619999999999777e+02	3.316039999999999850e+02	3.326569999999999823e+02	3.341669999999999732e+02	3.351059999999999945e+02	3.361360000000000241e+02	3.369599999999999795e+02	3.381499999999999773e+02	3.392259999999999991e+02	3.405529999999999973e+02	3.415600000000000023e+02	3.413539999999999850e+02	3.416519999999999868e+02	3.420409999999999968e+02	3.428650000000000091e+02	3.437350000000000136e+02	3.457490000000000236e+02	3.470079999999999814e+02	3.471449999999999818e+02	3.477629999999999768e+02	3.484270000000000209e+02	3.489529999999999745e+02	3.494340000000000259e+02	3.499150000000000205e+02	3.506929999999999836e+02	3.510590000000000259e+02	3.515849999999999795e+02	3.519739999999999895e+02	3.526610000000000014e+02	3.526610000000000014e+02
0.000000000000000000e+00	9.476000000000000867e+00	8.170999999999999375e+00	8.698000000000000398e+00	8.835000000000000853e+00	6.615000000000000213e+00	8.628999999999999559e+00	9.292999999999999261e+00	8.720000000000000639e+00	8.583000000000000185e+00	6.363000000000000433e+00	8.835000000000000853e+00	8.285999999999999588e+00	9.178000000000000824e+00	6.157000000000000028e+00	8.353999999999999204e+00	8.788999999999999702e+00	8.492000000000000881e+00	7.301000000000000156e+00	8.537000000000000810e+00	9.269999999999999574e+00	8.948999999999999844e+00	9.292999999999999261e+00	6.270999999999999908e+00	8.788999999999999702e+00	8.743000000000000327e+00	6.270999999999999908e+00	7.552999999999999936e+00	9.064000000000000057e+00	1.052899999999999991e+01	7.644999999999999574e+00	9.292999999999999261e+00	7.621999999999999886e+00	7.003999999999999559e+00	1.018500000000000050e+01	6.225999999999999979e+00	7.873999999999999666e+00	9.361000000000000654e+00	8.858000000000000540e+00	7.323999999999999844e+00	9.201000000000000512e+00	9.337999999999999190e+00	7.416000000000000369e+00	9.337999999999999190e+00	8.675000000000000711e+00	9.018000000000000682e+00	8.583000000000000185e+00	9.178000000000000824e+00	9.292999999999999261e+00	8.262999999999999901e+00	8.743000000000000327e+00	8.080000000000000071e+00	6.980999999999999872e+00	7.735999999999999766e+00	6.844000000000000306e+00	8.010999999999999233e+00	7.439000000000000057e+00	7.256000000000000227e+00	8.080000000000000071e+00	6.798000000000000043e+00	7.027000000000000135e+00	8.445999999999999730e+00	8.034000000000000696e+00	9.154999999999999361e+00	9.361000000000000654e+00	6.408999999999999808e+00	6.865999999999999659e+00	6.225999999999999979e+00	7.256000000000000227e+00	8.217000000000000526e+00	7.942000000000000171e+00	8.675000000000000711e+00	7.118000000000000327e+00	1.002500000000000036e+01	9.361000000000000654e+00	6.110999999999999766e+00	6.798000000000000043e+00	5.745000000000000107e+00	7.644999999999999574e+00	8.080000000000000071e+00	5.355999999999999872e+00	7.782000000000000028e+00	7.323999999999999844e+00	8.971999999999999531e+00	7.644999999999999574e+00	8.835000000000000853e+00	7.713000000000000078e+00	9.361000000000000654e+00	8.583000000000000185e+00	8.217000000000000526e+00	7.301000000000000156e+00	9.589999999999999858e+00	7.370000000000000107e+00	9.407000000000000028e+00	6.889000000000000234e+00	5.905000000000000249e+00	1.084900000000000020e+01	6.706000000000000405e+00	6.546000000000000263e+00	7.256000000000000227e+00	6.911999999999999922e+00	6.568999999999999950e+00	7.049999999999999822e+00	1.082600000000000051e+01	8.377000000000000668e+00	7.850999999999999979e+00	8.377000000000000668e+00	5.676000000000000156e+00	1.098600000000000065e+01	5.652999999999999581e+00	1.144400000000000084e+01	5.950999999999999623e+00	9.041000000000000369e+00	9.521000000000000796e+00	9.384000000000000341e+00	7.094999999999999751e+00	7.575999999999999623e+00	1.091799999999999926e+01	6.546000000000000263e+00	5.652999999999999581e+00	9.521000000000000796e+00	9.521000000000000796e+00	6.386000000000000121e+00	7.530000000000000249e+00	6.179999999999999716e+00	1.270299999999999940e+01	1.068900000000000006e+01	6.958000000000000185e+00	8.240000000000000213e+00	1.556400000000000006e+01	1.361800000000000033e+01	8.811999999999999389e+00	1.169599999999999973e+01	6.615000000000000213e+00	6.363000000000000433e+00	6.844000000000000306e+00	9.910999999999999588e+00	1.304599999999999937e+01	1.341200000000000081e+01	1.133000000000000007e+01	9.499000000000000554e+00	7.256000000000000227e+00	7.187000000000000277e+00	1.380199999999999960e+01	8.147999999999999687e+00	8.583000000000000185e+00	1.560999999999999943e+01	7.575999999999999623e+00	8.560000000000000497e+00	8.285999999999999588e+00	6.591999999999999638e+00	1.112400000000000055e+01	9.452999999999999403e+00	1.181000000000000050e+01	1.327500000000000036e+01	9.086999999999999744e+00	9.269999999999999574e+00	1.203899999999999970e+01	8.926000000000000156e+00	1.025399999999999956e+01	9.064000000000000057e+00	7.850999999999999979e+00	7.621999999999999886e+00	1.270299999999999940e+01	7.759000000000000341e+00	6.820999999999999730e+00	1.451099999999999923e+01	1.256600000000000072e+01	1.286299999999999955e+01	1.412199999999999989e+01	1.213100000000000023e+01	8.285999999999999588e+00	9.727000000000000313e+00	1.181000000000000050e+01	1.407600000000000051e+01	1.533500000000000085e+01	1.137500000000000000e+01	9.750000000000000000e+00	7.209999999999999964e+00	1.409900000000000020e+01	1.217699999999999960e+01	1.112400000000000055e+01	6.408999999999999808e+00	6.682999999999999829e+00	1.199300000000000033e+01	1.098600000000000065e+01	1.094100000000000072e+01	9.819000000000000838e+00	6.522999999999999687e+00	1.544999999999999929e+01
1.000000000000000000e+00	4.645620000000000118e+02	3.906100000000000136e+02	3.254239999999999782e+02	2.705840000000000032e+02	2.212599999999999909e+02	1.911620000000000061e+02	1.703569999999999993e+02	1.561659999999999968e+02	1.400300000000000011e+02	1.326599999999999966e+02	1.280589999999999975e+02	1.231380000000000052e+02	1.191560000000000059e+02	1.161119999999999948e+02	1.133419999999999987e+02	1.111910000000000025e+02	1.089710000000000036e+02	1.071620000000000061e+02	1.060409999999999968e+02	1.048280000000000030e+02	1.036380000000000052e+02	1.026080000000000041e+02	1.019899999999999949e+02	1.012120000000000033e+02	1.008679999999999950e+02	1.002960000000000065e+02	9.990699999999999648e+01	9.965500000000000114e+01	9.942600000000000193e+01	9.919700000000000273e+01	9.931199999999999761e+01	9.906000000000000227e+01	9.896899999999999409e+01	9.912900000000000489e+01	9.896899999999999409e+01	9.871699999999999875e+01	9.807599999999999341e+01	9.709199999999999875e+01	9.590099999999999625e+01	9.484900000000000375e+01	9.395600000000000307e+01	9.331499999999999773e+01	9.267400000000000659e+01	9.221599999999999397e+01	9.201000000000000512e+01	9.278900000000000148e+01	9.276600000000000534e+01	9.278900000000000148e+01	9.304000000000000625e+01	9.331499999999999773e+01	9.345199999999999818e+01	9.388700000000000045e+01	9.418500000000000227e+01	9.452800000000000580e+01	9.498600000000000421e+01	9.542100000000000648e+01	9.610699999999999932e+01	9.672499999999999432e+01	9.725199999999999534e+01	9.787000000000000455e+01	9.862500000000000000e+01	9.940300000000000580e+01	1.000900000000000034e+02	1.009599999999999937e+02	1.017150000000000034e+02	1.021959999999999980e+02	1.025849999999999937e+02	1.025390000000000015e+02	1.027219999999999942e+02	1.027450000000000045e+02	1.028370000000000033e+02	1.027450000000000045e+02	1.029509999999999934e+02	1.031800000000000068e+02	1.033629999999999995e+02	1.038900000000000006e+02	1.043239999999999981e+02	1.046910000000000025e+02	1.052169999999999987e+02	1.056520000000000010e+02	1.061099999999999994e+02	1.068419999999999987e+02	1.074599999999999937e+02	1.079410000000000025e+02	1.087879999999999967e+02	1.095889999999999986e+02	1.102300000000000040e+02	1.107330000000000041e+02	1.109620000000000033e+02	1.113970000000000056e+02	1.116490000000000009e+02	1.117169999999999987e+02	1.118769999999999953e+02	1.121749999999999972e+02	1.124500000000000028e+02	1.125639999999999930e+02	1.128619999999999948e+02	1.130220000000000056e+02	1.133880000000000052e+02	1.137079999999999984e+02	1.141430000000000007e+02	1.146470000000000056e+02	1.150589999999999975e+02	1.154710000000000036e+02	1.162489999999999952e+02	1.170960000000000036e+02	1.179200000000000017e+02	1.188810000000000002e+02	1.200030000000000001e+02	1.213529999999999944e+02	1.228870000000000005e+02	1.249920000000000044e+02	1.272579999999999956e+02	1.298449999999999989e+02	1.331639999999999873e+02	1.368259999999999934e+02	1.407849999999999966e+02	1.454540000000000077e+02	1.502609999999999957e+02	1.553420000000000130e+02	1.606519999999999868e+02	1.662599999999999909e+02	1.714319999999999879e+02	1.765370000000000061e+02	1.817090000000000032e+02	1.861270000000000095e+02	1.903839999999999861e+02	1.942980000000000018e+02	1.977769999999999868e+02	2.010960000000000036e+02	2.039339999999999975e+02	2.067030000000000030e+02	2.091519999999999868e+02	2.111659999999999968e+02	2.129290000000000020e+02	2.147139999999999986e+02	2.159730000000000132e+02	2.174149999999999920e+02	2.186740000000000066e+02	2.197270000000000039e+02	2.206419999999999959e+02	2.217410000000000139e+02	2.227479999999999905e+02	2.231829999999999927e+02	2.240300000000000011e+02	2.240980000000000132e+02	2.244420000000000073e+02	2.250370000000000061e+02	2.253110000000000070e+02	2.283549999999999898e+02	2.289960000000000093e+02	2.292249999999999943e+02	2.299120000000000061e+02	2.300029999999999859e+02	2.300720000000000027e+02	2.301409999999999911e+02	2.300490000000000066e+02	2.301860000000000070e+02	2.300029999999999859e+02	2.303700000000000045e+02	2.305529999999999973e+02	2.303919999999999959e+02	2.305070000000000050e+02	2.304379999999999882e+02	2.302779999999999916e+02	2.306210000000000093e+02	2.302319999999999993e+02	2.302090000000000032e+02	2.303470000000000084e+02	2.302549999999999955e+02	2.300029999999999859e+02	2.299579999999999984e+02	2.300949999999999989e+02	2.299579999999999984e+02	2.300720000000000027e+02	2.299350000000000023e+02	2.297520000000000095e+02	2.299579999999999984e+02	2.299350000000000023e+02	2.296599999999999966e+02	2.296140000000000043e+02	2.289279999999999973e+02	2.292940000000000111e+02	2.290879999999999939e+02	2.290649999999999977e+02	2.286990000000000123e+02	2.289960000000000093e+02	2.288129999999999882e+02	2.285380000000000109e+02
1.000000000000000000e+00	2.062230000000000132e+02	1.887820000000000107e+02	1.710889999999999986e+02	1.538089999999999975e+02	1.380159999999999911e+02	1.243739999999999952e+02	1.127009999999999934e+02	1.032489999999999952e+02	9.519199999999999307e+01	8.828000000000000114e+01	8.301500000000000057e+01	7.814000000000000057e+01	7.420300000000000296e+01	7.120499999999999829e+01	6.802400000000000091e+01	6.566599999999999682e+01	6.339999999999999858e+01	6.131700000000000017e+01	5.957800000000000296e+01	5.751800000000000068e+01	5.534400000000000119e+01	5.314600000000000080e+01	5.122399999999999665e+01	4.973599999999999710e+01	4.772200000000000131e+01	4.623400000000000176e+01	4.536399999999999721e+01	4.399099999999999966e+01	4.282399999999999807e+01	4.188499999999999801e+01	4.092399999999999949e+01	4.016899999999999693e+01	3.966499999999999915e+01	3.918500000000000227e+01	3.845199999999999818e+01	3.824600000000000222e+01	3.778799999999999670e+01	3.776599999999999824e+01	3.756000000000000227e+01	3.717000000000000171e+01	3.700999999999999801e+01	3.698700000000000188e+01	3.691899999999999693e+01	3.712500000000000000e+01	3.685000000000000142e+01	3.682699999999999818e+01	3.682699999999999818e+01	3.703300000000000125e+01	3.710199999999999676e+01	3.749099999999999966e+01	3.737599999999999767e+01	3.739900000000000091e+01	3.762800000000000011e+01	3.769700000000000273e+01	3.792600000000000193e+01	3.790299999999999869e+01	3.831499999999999773e+01	3.849799999999999756e+01	3.870400000000000063e+01	3.895600000000000307e+01	3.932200000000000273e+01	4.003099999999999881e+01	3.959700000000000131e+01	4.005400000000000205e+01	4.021500000000000341e+01	4.044299999999999784e+01	4.094700000000000273e+01	4.090100000000000335e+01	4.161099999999999710e+01	4.140500000000000114e+01	4.200000000000000000e+01	4.206799999999999784e+01	4.247999999999999687e+01	4.236599999999999966e+01	4.277799999999999869e+01	4.298400000000000176e+01	4.318999999999999773e+01	4.385399999999999920e+01	4.421999999999999886e+01	4.419700000000000273e+01	4.467799999999999727e+01	4.522699999999999676e+01	4.559300000000000352e+01	4.591400000000000148e+01	4.616499999999999915e+01	4.637100000000000222e+01	4.676100000000000279e+01	4.660000000000000142e+01	4.698899999999999721e+01	4.767600000000000193e+01	4.797399999999999665e+01	4.845400000000000063e+01	4.879800000000000182e+01	4.904899999999999949e+01	4.932399999999999807e+01	4.959899999999999665e+01	4.971300000000000097e+01	5.033100000000000307e+01	5.060600000000000165e+01	5.099499999999999744e+01	5.142999999999999972e+01	5.184199999999999875e+01	5.193299999999999983e+01	5.282600000000000051e+01	5.326100000000000279e+01	5.335199999999999676e+01	5.431400000000000006e+01	5.488600000000000279e+01	5.529800000000000182e+01	5.593900000000000006e+01	5.662500000000000000e+01	5.687700000000000244e+01	5.811299999999999955e+01	5.900600000000000023e+01	5.960099999999999909e+01	6.092799999999999727e+01	6.202700000000000102e+01	6.280499999999999972e+01	6.431600000000000250e+01	6.545999999999999375e+01	6.653600000000000136e+01	6.813800000000000523e+01	7.033499999999999375e+01	7.221200000000000330e+01	7.388299999999999557e+01	7.644700000000000273e+01	7.868999999999999773e+01	8.113899999999999579e+01	8.370199999999999818e+01	8.644899999999999807e+01	8.917199999999999704e+01	9.207899999999999352e+01	9.503199999999999648e+01	9.809900000000000375e+01	1.011889999999999930e+02	1.043239999999999981e+02	1.074599999999999937e+02	1.106640000000000015e+02	1.137540000000000049e+02	1.167980000000000018e+02	1.197279999999999944e+02	1.227039999999999935e+02	1.251749999999999972e+02	1.279680000000000035e+02	1.310349999999999966e+02	1.336440000000000055e+02	1.361850000000000023e+02	1.386109999999999900e+02	1.409000000000000057e+02	1.432110000000000127e+02	1.453859999999999957e+02	1.474910000000000139e+02	1.495060000000000002e+02	1.515200000000000102e+02	1.534190000000000111e+02	1.552959999999999923e+02	1.570819999999999936e+02	1.589130000000000109e+02	1.606289999999999907e+02	1.623000000000000114e+02	1.639250000000000114e+02	1.655269999999999868e+02	1.671069999999999993e+02	1.686169999999999902e+02	1.700589999999999975e+02	1.716160000000000139e+02	1.732410000000000139e+02	1.745680000000000121e+02	1.760790000000000077e+02	1.774979999999999905e+02	1.788710000000000093e+02	1.803820000000000050e+02	1.816639999999999873e+02	1.831049999999999898e+02	1.843410000000000082e+02	1.856459999999999866e+02	1.866759999999999877e+02	1.875920000000000130e+02	1.884159999999999968e+02	1.888499999999999943e+02	1.893309999999999889e+02	1.897889999999999873e+02	1.901779999999999973e+02	1.905670000000000073e+02	1.909559999999999889e+02	1.912990000000000066e+02	1.915970000000000084e+02	1.919170000000000016e+02	1.922150000000000034e+02
1.000000000000000000e+00	2.094730000000000132e+02	1.953050000000000068e+02	1.823269999999999982e+02	1.707920000000000016e+02	1.601939999999999884e+02	1.505809999999999889e+02	1.424099999999999966e+02	1.342620000000000005e+02	1.277849999999999966e+02	1.221080000000000041e+02	1.173250000000000028e+02	1.135709999999999980e+02	1.104809999999999945e+02	1.079410000000000025e+02	1.061099999999999994e+02	1.044849999999999994e+02	1.032710000000000008e+02	1.020360000000000014e+02	1.011889999999999930e+02	1.002729999999999961e+02	9.956399999999999295e+01	9.890000000000000568e+01	9.841899999999999693e+01	9.839600000000000080e+01	9.798399999999999466e+01	9.764100000000000534e+01	9.741200000000000614e+01	9.732099999999999795e+01	9.725199999999999534e+01	9.713700000000000045e+01	9.709199999999999875e+01	9.706900000000000261e+01	9.702299999999999613e+01	9.720600000000000307e+01	9.720600000000000307e+01	9.734300000000000352e+01	9.748099999999999454e+01	9.766400000000000148e+01	9.784699999999999420e+01	9.803000000000000114e+01	9.818999999999999773e+01	9.848799999999999955e+01	9.890000000000000568e+01	9.919700000000000273e+01	9.937999999999999545e+01	9.972400000000000375e+01	9.993000000000000682e+01	1.000900000000000034e+02	1.003419999999999987e+02	1.005480000000000018e+02	1.008220000000000027e+02	1.011430000000000007e+02	1.013949999999999960e+02	1.017379999999999995e+02	1.019899999999999949e+02	1.022870000000000061e+02	1.024929999999999950e+02	1.027680000000000007e+02	1.029279999999999973e+02	1.032030000000000030e+02	1.035000000000000000e+02	1.037060000000000031e+02	1.040270000000000010e+02	1.042330000000000041e+02	1.045070000000000050e+02	1.047360000000000042e+02	1.050340000000000060e+02	1.053089999999999975e+02	1.055600000000000023e+02	1.057890000000000015e+02	1.059950000000000045e+02	1.062240000000000038e+02	1.064530000000000030e+02	1.066820000000000022e+02	1.069560000000000031e+02	1.072079999999999984e+02	1.074140000000000015e+02	1.076659999999999968e+02	1.078719999999999999e+02	1.080550000000000068e+02	1.083070000000000022e+02	1.085130000000000052e+02	1.087650000000000006e+02	1.089710000000000036e+02	1.092000000000000028e+02	1.094509999999999934e+02	1.096800000000000068e+02	1.099549999999999983e+02	1.100919999999999987e+02	1.103209999999999980e+02	1.105960000000000036e+02	1.108250000000000028e+02	1.110759999999999934e+02	1.112369999999999948e+02	1.114879999999999995e+02	1.118550000000000040e+02	1.120379999999999967e+02	1.122669999999999959e+02	1.123810000000000002e+02	1.125639999999999930e+02	1.127240000000000038e+02	1.129759999999999991e+02	1.130909999999999940e+02	1.133190000000000026e+02	1.134800000000000040e+02	1.136629999999999967e+02	1.136860000000000070e+02	1.138229999999999933e+02	1.139599999999999937e+02	1.141430000000000007e+02	1.143259999999999934e+02	1.145100000000000051e+02	1.146929999999999978e+02	1.149219999999999970e+02	1.151050000000000040e+02	1.153110000000000070e+02	1.155619999999999976e+02	1.158370000000000033e+02	1.160430000000000064e+02	1.164320000000000022e+02	1.167759999999999962e+02	1.172330000000000041e+02	1.177139999999999986e+02	1.182860000000000014e+02	1.188810000000000002e+02	1.198649999999999949e+02	1.207810000000000059e+02	1.219249999999999972e+02	1.232069999999999936e+02	1.249240000000000066e+02	1.269609999999999985e+02	1.292270000000000039e+02	1.318360000000000127e+02	1.347429999999999950e+02	1.381069999999999993e+02	1.418149999999999977e+02	1.457980000000000018e+02	1.500780000000000030e+02	1.546100000000000136e+02	1.593019999999999925e+02	1.639250000000000114e+02	1.686630000000000109e+02	1.731260000000000048e+02	1.774979999999999905e+02	1.815720000000000027e+02	1.854629999999999939e+02	1.890560000000000116e+02	1.923750000000000000e+02	1.954650000000000034e+02	1.984629999999999939e+02	2.010269999999999868e+02	2.035449999999999875e+02	2.058329999999999984e+02	2.079389999999999930e+02	2.099530000000000030e+02	2.117839999999999918e+02	2.134089999999999918e+02	2.149199999999999875e+02	2.164989999999999952e+02	2.178269999999999982e+02	2.189710000000000036e+02	2.197949999999999875e+02	2.213290000000000077e+02	2.222210000000000036e+02	2.233199999999999932e+02	2.243040000000000020e+02	2.250600000000000023e+02	2.260209999999999866e+02	2.267299999999999898e+02	2.274859999999999900e+02	2.282179999999999893e+02	2.289279999999999973e+02	2.294079999999999870e+02	2.301179999999999950e+02	2.307820000000000107e+02	2.312620000000000005e+02	2.317889999999999873e+02	2.323149999999999977e+02	2.327959999999999923e+02	2.332990000000000066e+02	2.338029999999999973e+02	2.342379999999999995e+02	2.344890000000000043e+02	2.349699999999999989e+02	2.353129999999999882e+02	2.356800000000000068e+02	2.361150000000000091e+02	2.363660000000000139e+02	2.368470000000000084e+02
0.000000000000000000e+00	1.535109999999999957e+02	1.450649999999999977e+02	1.364139999999999873e+02	1.288379999999999939e+02	1.214219999999999970e+02	1.152189999999999941e+02	1.098859999999999957e+02	1.053539999999999992e+02	1.010280000000000058e+02	9.722899999999999920e+01	9.386400000000000432e+01	9.093500000000000227e+01	8.859999999999999432e+01	8.619700000000000273e+01	8.402299999999999613e+01	8.230599999999999739e+01	8.031499999999999773e+01	7.850600000000000023e+01	7.669799999999999329e+01	7.523300000000000409e+01	7.392900000000000205e+01	7.253300000000000125e+01	7.141100000000000136e+01	7.033499999999999375e+01	6.942000000000000171e+01	6.870999999999999375e+01	6.800100000000000477e+01	6.777200000000000557e+01	6.708499999999999375e+01	6.655899999999999750e+01	6.614700000000000557e+01	6.575799999999999557e+01	6.557500000000000284e+01	6.525400000000000489e+01	6.498000000000000398e+01	6.486499999999999488e+01	6.479600000000000648e+01	6.440699999999999648e+01	6.417799999999999727e+01	6.395000000000000284e+01	6.360600000000000165e+01	6.351500000000000057e+01	6.353799999999999670e+01	6.326299999999999812e+01	6.317099999999999937e+01	6.287400000000000233e+01	6.271399999999999864e+01	6.246200000000000330e+01	6.232500000000000284e+01	6.236999999999999744e+01	6.257600000000000051e+01	6.250800000000000267e+01	6.234700000000000131e+01	6.223299999999999699e+01	6.182099999999999795e+01	6.168399999999999750e+01	6.177499999999999858e+01	6.170700000000000074e+01	6.184400000000000119e+01	6.214099999999999824e+01	6.211899999999999977e+01	6.225600000000000023e+01	6.227900000000000347e+01	6.232500000000000284e+01	6.234700000000000131e+01	6.230199999999999960e+01	6.243900000000000006e+01	6.262199999999999989e+01	6.266799999999999926e+01	6.280499999999999972e+01	6.266799999999999926e+01	6.358299999999999841e+01	6.365200000000000102e+01	6.335399999999999920e+01	6.324000000000000199e+01	6.353799999999999670e+01	6.337700000000000244e+01	6.337700000000000244e+01	6.337700000000000244e+01	6.454500000000000171e+01	6.454500000000000171e+01	6.454500000000000171e+01	6.424699999999999989e+01	6.420099999999999341e+01	6.390400000000000347e+01	6.385799999999999699e+01	6.395000000000000284e+01	6.376599999999999824e+01	6.351500000000000057e+01	6.378900000000000148e+01	6.433899999999999864e+01	6.422400000000000375e+01	6.417799999999999727e+01	6.463599999999999568e+01	6.431600000000000250e+01	6.445300000000000296e+01	6.424699999999999989e+01	6.406399999999999295e+01	6.401800000000000068e+01	6.406399999999999295e+01	6.404099999999999682e+01	6.401800000000000068e+01	6.424699999999999989e+01	6.415600000000000591e+01	6.413299999999999557e+01	6.433899999999999864e+01	6.426999999999999602e+01	6.431600000000000250e+01	6.445300000000000296e+01	6.445300000000000296e+01	6.452200000000000557e+01	6.456799999999999784e+01	6.456799999999999784e+01	6.470499999999999829e+01	6.477400000000000091e+01	6.472799999999999443e+01	6.498000000000000398e+01	6.523099999999999454e+01	6.525400000000000489e+01	6.534600000000000364e+01	6.545999999999999375e+01	6.536899999999999977e+01	6.557500000000000284e+01	6.564300000000000068e+01	6.557500000000000284e+01	6.566599999999999682e+01	6.582599999999999341e+01	6.580400000000000205e+01	6.594100000000000250e+01	6.594100000000000250e+01	6.605500000000000682e+01	6.605500000000000682e+01	6.617000000000000171e+01	6.646699999999999875e+01	6.658199999999999363e+01	6.662800000000000011e+01	6.662800000000000011e+01	6.669599999999999795e+01	6.694799999999999329e+01	6.699399999999999977e+01	6.713100000000000023e+01	6.706199999999999761e+01	6.710800000000000409e+01	6.731399999999999295e+01	6.738299999999999557e+01	6.738299999999999557e+01	6.751999999999999602e+01	6.768000000000000682e+01	6.761199999999999477e+01	6.781799999999999784e+01	6.784099999999999397e+01	6.793200000000000216e+01	6.809199999999999875e+01	6.816100000000000136e+01	6.845900000000000318e+01	6.854999999999999716e+01	6.861899999999999977e+01	6.868699999999999761e+01	6.896200000000000330e+01	6.903100000000000591e+01	6.905400000000000205e+01	6.930500000000000682e+01	6.946599999999999397e+01	6.946599999999999397e+01	6.964900000000000091e+01	6.960299999999999443e+01	6.983199999999999363e+01	6.990099999999999625e+01	7.008400000000000318e+01	7.006100000000000705e+01	7.035800000000000409e+01	7.086199999999999477e+01	7.090800000000000125e+01	7.113599999999999568e+01	7.120499999999999829e+01	7.125100000000000477e+01	7.141100000000000136e+01	7.159399999999999409e+01	7.175400000000000489e+01	7.202899999999999636e+01	7.218899999999999295e+01	7.230400000000000205e+01	7.251000000000000512e+01	7.267000000000000171e+01	7.292199999999999704e+01	7.310500000000000398e+01	7.315099999999999625e+01	7.326500000000000057e+01	7.356300000000000239e+01
1.000000000000000000e+00	4.107970000000000255e+02	3.766480000000000246e+02	3.466419999999999959e+02	3.193129999999999882e+02	2.935179999999999723e+02	2.728269999999999982e+02	2.543329999999999984e+02	2.367779999999999916e+02	2.226560000000000059e+02	2.102510000000000048e+02	2.002719999999999914e+02	1.919170000000000016e+02	1.851879999999999882e+02	1.800610000000000070e+02	1.752319999999999993e+02	1.712489999999999952e+02	1.677249999999999943e+02	1.648640000000000043e+02	1.626659999999999968e+02	1.604919999999999902e+02	1.586839999999999975e+02	1.571040000000000134e+02	1.561889999999999930e+02	1.550219999999999914e+02	1.532589999999999861e+02	1.509929999999999950e+02	1.480409999999999968e+02	1.448590000000000089e+02	1.419300000000000068e+02	1.391599999999999966e+02	1.369629999999999939e+02	1.350860000000000127e+02	1.336440000000000055e+02	1.324079999999999870e+02	1.316299999999999955e+02	1.310349999999999966e+02	1.297990000000000066e+02	1.291810000000000116e+02	1.290889999999999986e+02	1.290660000000000025e+02	1.293410000000000082e+02	1.297299999999999898e+02	1.302340000000000089e+02	1.309199999999999875e+02	1.319269999999999925e+02	1.331179999999999950e+02	1.346740000000000066e+02	1.364590000000000032e+02	1.380159999999999911e+02	1.398700000000000045e+02	1.420440000000000111e+02	1.442179999999999893e+02	1.466220000000000141e+02	1.490250000000000057e+02	1.515430000000000064e+02	1.540600000000000023e+02	1.564180000000000064e+02	1.585689999999999884e+02	1.594619999999999891e+02	1.599199999999999875e+02	1.603779999999999859e+02	1.608120000000000118e+02	1.612009999999999934e+02	1.614759999999999991e+02	1.616589999999999918e+02	1.620250000000000057e+02	1.623919999999999959e+02	1.629639999999999986e+02	1.632160000000000082e+02	1.635360000000000014e+02	1.638340000000000032e+02	1.641310000000000002e+02	1.645200000000000102e+02	1.648410000000000082e+02	1.651150000000000091e+02	1.655269999999999868e+02	1.658710000000000093e+02	1.662139999999999986e+02	1.666490000000000009e+02	1.671750000000000114e+02	1.675420000000000016e+02	1.678160000000000025e+02	1.681140000000000043e+02	1.682510000000000048e+02	1.682050000000000125e+02	1.684569999999999936e+02	1.688919999999999959e+02	1.693269999999999982e+02	1.695560000000000116e+02	1.699449999999999932e+02	1.704480000000000075e+02	1.709519999999999982e+02	1.714550000000000125e+02	1.720730000000000075e+02	1.722110000000000127e+02	1.729199999999999875e+02	1.738820000000000050e+02	1.750260000000000105e+02	1.763079999999999927e+02	1.777729999999999961e+02	1.795349999999999966e+02	1.817090000000000032e+02	1.842500000000000000e+02	1.870879999999999939e+02	1.906359999999999957e+02	1.944120000000000061e+02	1.991959999999999980e+02	2.047580000000000098e+02	2.111889999999999930e+02	2.184910000000000139e+02	2.266390000000000100e+02	2.356800000000000068e+02	2.455219999999999914e+02	2.557980000000000018e+02	2.668079999999999927e+02	2.777939999999999827e+02	2.890090000000000146e+02	2.999039999999999964e+02	3.103639999999999759e+02	3.205260000000000105e+02	3.299100000000000250e+02	3.383330000000000268e+02	3.464809999999999945e+02	3.536220000000000141e+02	3.600310000000000059e+02	3.659590000000000032e+02	3.713149999999999977e+02	3.761440000000000055e+02	3.802409999999999854e+02	3.842699999999999818e+02	3.877719999999999914e+02	3.908389999999999986e+02	3.937679999999999723e+02	3.965380000000000109e+02	3.988949999999999818e+02	4.010470000000000255e+02	4.031070000000000277e+02	4.051209999999999809e+02	4.066089999999999804e+02	4.082110000000000127e+02	4.095609999999999786e+02	4.109569999999999936e+02	4.123079999999999927e+02	4.134289999999999736e+02	4.145740000000000123e+02	4.156039999999999850e+02	4.164510000000000218e+02	4.172740000000000009e+02	4.180070000000000050e+02	4.186250000000000000e+02	4.188310000000000173e+02	4.193799999999999955e+02	4.189220000000000255e+02	4.198380000000000223e+02	4.205470000000000255e+02	4.210280000000000200e+02	4.225620000000000118e+02	4.226990000000000123e+02	4.232250000000000227e+02	4.239119999999999777e+02	4.245299999999999727e+02	4.250110000000000241e+02	4.255600000000000023e+02	4.260860000000000127e+02	4.269329999999999927e+02	4.273910000000000196e+02	4.278489999999999895e+02	4.280779999999999745e+02	4.285129999999999768e+02	4.289470000000000027e+02	4.294049999999999727e+02	4.298629999999999995e+02	4.303670000000000186e+02	4.308240000000000123e+02	4.311899999999999977e+02	4.319920000000000186e+02	4.324490000000000123e+02	4.326779999999999973e+02	4.328609999999999900e+02	4.329300000000000068e+02	4.328380000000000223e+02	4.332500000000000000e+02	4.335939999999999941e+02	4.338000000000000114e+02	4.340520000000000209e+02	4.339830000000000041e+02	4.340520000000000209e+02	4.342119999999999891e+02	4.343949999999999818e+02
0.000000000000000000e+00	1.371920000000000073e+02	1.268229999999999933e+02	1.205979999999999990e+02	1.132969999999999970e+02	1.052630000000000052e+02	9.796099999999999852e+01	9.184999999999999432e+01	8.564799999999999613e+01	8.042900000000000205e+01	7.619499999999999318e+01	7.246399999999999864e+01	6.937399999999999523e+01	6.715399999999999636e+01	6.525400000000000489e+01	6.365200000000000102e+01	6.225600000000000023e+01	6.069899999999999807e+01	5.921200000000000330e+01	5.756400000000000006e+01	5.607600000000000051e+01	5.456499999999999773e+01	5.328399999999999892e+01	5.209400000000000119e+01	5.099499999999999744e+01	4.998799999999999955e+01	4.902600000000000335e+01	4.813400000000000034e+01	4.728699999999999903e+01	4.660000000000000142e+01	4.589099999999999824e+01	4.527300000000000324e+01	4.481499999999999773e+01	4.433400000000000318e+01	4.392199999999999704e+01	4.367099999999999937e+01	4.346500000000000341e+01	4.323599999999999710e+01	4.303000000000000114e+01	4.270900000000000318e+01	4.252600000000000335e+01	4.243500000000000227e+01	4.236599999999999966e+01	4.213700000000000045e+01	4.218299999999999983e+01	4.222899999999999920e+01	4.218299999999999983e+01	4.220600000000000307e+01	4.213700000000000045e+01	4.227400000000000091e+01	4.234300000000000352e+01	4.243500000000000227e+01	4.254899999999999949e+01	4.245799999999999841e+01	4.261800000000000210e+01	4.264099999999999824e+01	4.247999999999999687e+01	4.268599999999999994e+01	4.264099999999999824e+01	4.270900000000000318e+01	4.284700000000000131e+01	4.298400000000000176e+01	4.307600000000000051e+01	4.321300000000000097e+01	4.323599999999999710e+01	4.337299999999999756e+01	4.355599999999999739e+01	4.367099999999999937e+01	4.367099999999999937e+01	4.385399999999999920e+01	4.396800000000000352e+01	4.417399999999999949e+01	4.433400000000000318e+01	4.453999999999999915e+01	4.479200000000000159e+01	4.497500000000000142e+01	4.515800000000000125e+01	4.534100000000000108e+01	4.543299999999999983e+01	4.543299999999999983e+01	4.552499999999999858e+01	4.566199999999999903e+01	4.570799999999999841e+01	4.584499999999999886e+01	4.628000000000000114e+01	4.623400000000000176e+01	4.657699999999999818e+01	4.664600000000000080e+01	4.678300000000000125e+01	4.685199999999999676e+01	4.692099999999999937e+01	4.714999999999999858e+01	4.737899999999999778e+01	4.740100000000000335e+01	4.760699999999999932e+01	4.781300000000000239e+01	4.804200000000000159e+01	4.815699999999999648e+01	4.831700000000000017e+01	4.843099999999999739e+01	4.868299999999999983e+01	4.879800000000000182e+01	4.898100000000000165e+01	4.927799999999999869e+01	4.943800000000000239e+01	4.957600000000000051e+01	4.975900000000000034e+01	4.996500000000000341e+01	5.007900000000000063e+01	5.026200000000000045e+01	5.049099999999999966e+01	5.062899999999999778e+01	5.081199999999999761e+01	5.104099999999999682e+01	5.117799999999999727e+01	5.131499999999999773e+01	5.145300000000000296e+01	5.159000000000000341e+01	5.177300000000000324e+01	5.193299999999999983e+01	5.204800000000000182e+01	5.223100000000000165e+01	5.239099999999999824e+01	5.261999999999999744e+01	5.275699999999999790e+01	5.287199999999999989e+01	5.298599999999999710e+01	5.314600000000000080e+01	5.328399999999999892e+01	5.351299999999999812e+01	5.369599999999999795e+01	5.381000000000000227e+01	5.374099999999999966e+01	5.387899999999999778e+01	5.401599999999999824e+01	5.408500000000000085e+01	5.422200000000000131e+01	5.440500000000000114e+01	5.454299999999999926e+01	5.465699999999999648e+01	5.479399999999999693e+01	5.497699999999999676e+01	5.511500000000000199e+01	5.527499999999999858e+01	5.536699999999999733e+01	5.552700000000000102e+01	5.580100000000000193e+01	5.586999999999999744e+01	5.609899999999999665e+01	5.623599999999999710e+01	5.632800000000000296e+01	5.655700000000000216e+01	5.674000000000000199e+01	5.699199999999999733e+01	5.696900000000000119e+01	5.712899999999999778e+01	5.726599999999999824e+01	5.738100000000000023e+01	5.742600000000000193e+01	5.758700000000000330e+01	5.774699999999999989e+01	5.783800000000000097e+01	5.797599999999999909e+01	5.811299999999999955e+01	5.820499999999999829e+01	5.834199999999999875e+01	5.854800000000000182e+01	5.847899999999999920e+01	5.866199999999999903e+01	5.882300000000000040e+01	5.896000000000000085e+01	5.905199999999999960e+01	5.923499999999999943e+01	5.937199999999999989e+01	5.950900000000000034e+01	5.982999999999999829e+01	6.001299999999999812e+01	6.010399999999999920e+01	6.026500000000000057e+01	6.049300000000000210e+01	6.069899999999999807e+01	6.090500000000000114e+01	6.115699999999999648e+01	6.106600000000000250e+01	6.115699999999999648e+01	6.143200000000000216e+01	6.200399999999999778e+01	6.211899999999999977e+01	6.236999999999999744e+01	6.257600000000000051e+01
0.000000000000000000e+00	4.127880000000000109e+02	3.731920000000000073e+02	3.394780000000000086e+02	3.088070000000000164e+02	2.782289999999999850e+02	2.574010000000000105e+02	2.338940000000000055e+02	2.121510000000000105e+02	1.993329999999999984e+02	1.866529999999999916e+02	1.759190000000000111e+02	1.670840000000000032e+02	1.590269999999999868e+02	1.509699999999999989e+02	1.430970000000000084e+02	1.344449999999999932e+02	1.262279999999999944e+02	1.185840000000000032e+02	1.117860000000000014e+02	1.078719999999999999e+02	1.017609999999999957e+02	9.890000000000000568e+01	9.553499999999999659e+01	9.040800000000000125e+01	8.818800000000000239e+01	8.619700000000000273e+01	8.503000000000000114e+01	8.434300000000000352e+01	8.347299999999999898e+01	8.315300000000000580e+01	8.214600000000000080e+01	8.182500000000000284e+01	8.168800000000000239e+01	8.166500000000000625e+01	8.161899999999999977e+01	8.171099999999999852e+01	8.280899999999999750e+01	8.299299999999999500e+01	8.383899999999999864e+01	8.450300000000000011e+01	8.548699999999999477e+01	8.617400000000000659e+01	8.702100000000000080e+01	8.773000000000000398e+01	8.855400000000000205e+01	8.979000000000000625e+01	9.027100000000000080e+01	9.070600000000000307e+01	9.175900000000000034e+01	9.228499999999999659e+01	9.359000000000000341e+01	9.423099999999999454e+01	9.507800000000000296e+01	9.631300000000000239e+01	9.754900000000000659e+01	9.832800000000000296e+01	9.933499999999999375e+01	1.006389999999999958e+02	1.015550000000000068e+02	1.026080000000000041e+02	1.037060000000000031e+02	1.056520000000000010e+02	1.098179999999999978e+02	1.118089999999999975e+02	1.148070000000000022e+02	1.161580000000000013e+02	1.171650000000000063e+02	1.178280000000000030e+02	1.196370000000000005e+02	1.222920000000000016e+02	1.235280000000000058e+02	1.247409999999999997e+02	1.272810000000000059e+02	1.284710000000000036e+02	1.287230000000000132e+02	1.293180000000000121e+02	1.305080000000000098e+02	1.300279999999999916e+02	1.309660000000000082e+02	1.318590000000000089e+02	1.321790000000000020e+02	1.331860000000000070e+02	1.327740000000000009e+02	1.337589999999999861e+02	1.341479999999999961e+02	1.343309999999999889e+02	1.349720000000000084e+02	1.349950000000000045e+02	1.350399999999999920e+02	1.354749999999999943e+02	1.383820000000000050e+02	1.385879999999999939e+02	1.376500000000000057e+02	1.377870000000000061e+02	1.386800000000000068e+02	1.388170000000000073e+02	1.389770000000000039e+02	1.385190000000000055e+02	1.387940000000000111e+02	1.387249999999999943e+02	1.390910000000000082e+02	1.401440000000000055e+02	1.396409999999999911e+02	1.402820000000000107e+02	1.409000000000000057e+02	1.413120000000000118e+02	1.415180000000000007e+02	1.421589999999999918e+02	1.413350000000000080e+02	1.415409999999999968e+02	1.417470000000000141e+02	1.421810000000000116e+02	1.420900000000000034e+02	1.427309999999999945e+02	1.445159999999999911e+02	1.436920000000000073e+02	1.445159999999999911e+02	1.443100000000000023e+02	1.442870000000000061e+02	1.453170000000000073e+02	1.455920000000000130e+02	1.457520000000000095e+02	1.454540000000000077e+02	1.440349999999999966e+02	1.444019999999999868e+02	1.439209999999999923e+02	1.443100000000000023e+02	1.439439999999999884e+02	1.438520000000000039e+02	1.452259999999999991e+02	1.448590000000000089e+02	1.447909999999999968e+02	1.448360000000000127e+02	1.440809999999999889e+02	1.449509999999999934e+02	1.440579999999999927e+02	1.440809999999999889e+02	1.431200000000000045e+02	1.438979999999999961e+02	1.426850000000000023e+02	1.437839999999999918e+02	1.427990000000000066e+02	1.438520000000000039e+02	1.427079999999999984e+02	1.427079999999999984e+02	1.432110000000000127e+02	1.430740000000000123e+02	1.433489999999999895e+02	1.439900000000000091e+02	1.426390000000000100e+02	1.433940000000000055e+02	1.435550000000000068e+02	1.431430000000000007e+02	1.420209999999999866e+02	1.421359999999999957e+02	1.414720000000000084e+02	1.417690000000000055e+02	1.401899999999999977e+02	1.398470000000000084e+02	1.396870000000000118e+02	1.395720000000000027e+02	1.392290000000000134e+02	1.386570000000000107e+02	1.384739999999999895e+02	1.385420000000000016e+02	1.384960000000000093e+02	1.374209999999999923e+02	1.372379999999999995e+02	1.374439999999999884e+02	1.367110000000000127e+02	1.365279999999999916e+02	1.358410000000000082e+02	1.364139999999999873e+02	1.355440000000000111e+02	1.355900000000000034e+02	1.356810000000000116e+02	1.355440000000000111e+02	1.353839999999999861e+02	1.339420000000000073e+02	1.346279999999999859e+02	1.343990000000000009e+02	1.345140000000000100e+02	1.330720000000000027e+02	1.328890000000000100e+02	1.328660000000000139e+02	1.325229999999999961e+02	1.322479999999999905e+02	1.320420000000000016e+02	1.322709999999999866e+02
0.000000000000000000e+00	3.212359999999999900e+02	2.812040000000000077e+02	2.503280000000000030e+02	2.240300000000000011e+02	2.018509999999999991e+02	1.836090000000000089e+02	1.677700000000000102e+02	1.548609999999999900e+02	1.432340000000000089e+02	1.326599999999999966e+02	1.247630000000000052e+02	1.169819999999999993e+02	1.113509999999999991e+02	1.068419999999999987e+02	1.032030000000000030e+02	9.981499999999999773e+01	9.686299999999999955e+01	9.413899999999999579e+01	9.182699999999999818e+01	9.015699999999999648e+01	8.795900000000000318e+01	8.610500000000000398e+01	8.448000000000000398e+01	8.306100000000000705e+01	8.168800000000000239e+01	7.987999999999999545e+01	7.896399999999999864e+01	7.786599999999999966e+01	7.713299999999999557e+01	7.649200000000000443e+01	7.585099999999999909e+01	7.534799999999999898e+01	7.475300000000000011e+01	7.445499999999999829e+01	7.406600000000000250e+01	7.358599999999999852e+01	7.321899999999999409e+01	7.333400000000000318e+01	7.305899999999999750e+01	7.273900000000000432e+01	7.278400000000000603e+01	7.262399999999999523e+01	7.241800000000000637e+01	7.209799999999999898e+01	7.186899999999999977e+01	7.157099999999999795e+01	7.150300000000000011e+01	7.129699999999999704e+01	7.120499999999999829e+01	7.111400000000000432e+01	7.076999999999999602e+01	7.129699999999999704e+01	7.191500000000000625e+01	7.179999999999999716e+01	7.161700000000000443e+01	7.125100000000000477e+01	7.081600000000000250e+01	7.076999999999999602e+01	7.111400000000000432e+01	7.111400000000000432e+01	7.088500000000000512e+01	7.058700000000000330e+01	7.056399999999999295e+01	7.049599999999999511e+01	7.045000000000000284e+01	7.035800000000000409e+01	7.031199999999999761e+01	7.067900000000000205e+01	7.056399999999999295e+01	7.035800000000000409e+01	6.996899999999999409e+01	7.010699999999999932e+01	6.987800000000000011e+01	7.003799999999999670e+01	7.015200000000000102e+01	6.983199999999999363e+01	6.973999999999999488e+01	6.960299999999999443e+01	6.919100000000000250e+01	6.912199999999999989e+01	6.896200000000000330e+01	6.905400000000000205e+01	6.896200000000000330e+01	6.893899999999999295e+01	6.889300000000000068e+01	6.887099999999999511e+01	6.880200000000000671e+01	6.880200000000000671e+01	6.882500000000000284e+01	6.932800000000000296e+01	6.903100000000000591e+01	6.870999999999999375e+01	6.887099999999999511e+01	6.898499999999999943e+01	7.115900000000000603e+01	7.097599999999999909e+01	7.086199999999999477e+01	7.223499999999999943e+01	7.182299999999999329e+01	7.223499999999999943e+01	7.262399999999999523e+01	7.237199999999999989e+01	7.260099999999999909e+01	7.225799999999999557e+01	7.202899999999999636e+01	7.198300000000000409e+01	7.228100000000000591e+01	7.202899999999999636e+01	7.216599999999999682e+01	7.207500000000000284e+01	7.182299999999999329e+01	7.166299999999999670e+01	7.145699999999999363e+01	7.138800000000000523e+01	7.131999999999999318e+01	7.125100000000000477e+01	7.106799999999999784e+01	7.113599999999999568e+01	7.111400000000000432e+01	7.097599999999999909e+01	7.088500000000000512e+01	7.106799999999999784e+01	7.097599999999999909e+01	7.074699999999999989e+01	7.063299999999999557e+01	7.067900000000000205e+01	7.113599999999999568e+01	7.111400000000000432e+01	7.083899999999999864e+01	7.086199999999999477e+01	7.079300000000000637e+01	7.065600000000000591e+01	7.063299999999999557e+01	7.051800000000000068e+01	7.031199999999999761e+01	7.056399999999999295e+01	7.056399999999999295e+01	7.047299999999999898e+01	7.038100000000000023e+01	7.045000000000000284e+01	7.056399999999999295e+01	7.035800000000000409e+01	7.035800000000000409e+01	7.033499999999999375e+01	7.040399999999999636e+01	7.045000000000000284e+01	7.060999999999999943e+01	7.063299999999999557e+01	7.113599999999999568e+01	7.106799999999999784e+01	7.093000000000000682e+01	7.191500000000000625e+01	7.202899999999999636e+01	7.223499999999999943e+01	7.218899999999999295e+01	7.225799999999999557e+01	7.230400000000000205e+01	7.251000000000000512e+01	7.230400000000000205e+01	7.218899999999999295e+01	7.269299999999999784e+01	7.269299999999999784e+01	7.285299999999999443e+01	7.271599999999999397e+01	7.269299999999999784e+01	7.289900000000000091e+01	7.282999999999999829e+01	7.262399999999999523e+01	7.262399999999999523e+01	7.241800000000000637e+01	7.228100000000000591e+01	7.232699999999999818e+01	7.335699999999999932e+01	7.347100000000000364e+01	7.427200000000000557e+01	7.415800000000000125e+01	7.395199999999999818e+01	7.383700000000000330e+01	7.365399999999999636e+01	7.344799999999999329e+01	7.328799999999999670e+01	7.312800000000000011e+01	7.308199999999999363e+01	7.294499999999999318e+01	7.285299999999999443e+01	7.282999999999999829e+01	7.287600000000000477e+01	7.276200000000000045e+01	7.285299999999999443e+01
0.000000000000000000e+00	3.644259999999999877e+02	3.262479999999999905e+02	2.930600000000000023e+02	2.640840000000000032e+02	2.392959999999999923e+02	2.164540000000000077e+02	1.967930000000000064e+02	1.807019999999999982e+02	1.666719999999999970e+02	1.550670000000000073e+02	1.449739999999999895e+02	1.369859999999999900e+02	1.303940000000000055e+02	1.241460000000000008e+02	1.185379999999999967e+02	1.134110000000000014e+02	1.084210000000000065e+02	1.033629999999999995e+02	9.853400000000000603e+01	9.462000000000000455e+01	9.157599999999999341e+01	8.882899999999999352e+01	8.599099999999999966e+01	8.315300000000000580e+01	8.026900000000000546e+01	7.814000000000000057e+01	7.656100000000000705e+01	7.484399999999999409e+01	7.335699999999999932e+01	7.166299999999999670e+01	7.102200000000000557e+01	6.985500000000000398e+01	6.898499999999999943e+01	6.793200000000000216e+01	6.770300000000000296e+01	6.751999999999999602e+01	6.678799999999999670e+01	6.655899999999999750e+01	6.612399999999999523e+01	6.601000000000000512e+01	6.575799999999999557e+01	6.545999999999999375e+01	6.500199999999999534e+01	6.472799999999999443e+01	6.383500000000000085e+01	6.360600000000000165e+01	6.385799999999999699e+01	6.351500000000000057e+01	6.339999999999999858e+01	6.333200000000000074e+01	6.330899999999999750e+01	6.351500000000000057e+01	6.358299999999999841e+01	6.319400000000000261e+01	6.330899999999999750e+01	6.342300000000000182e+01	6.385799999999999699e+01	6.360600000000000165e+01	6.376599999999999824e+01	6.346900000000000119e+01	6.317099999999999937e+01	6.372099999999999653e+01	6.353799999999999670e+01	6.408700000000000330e+01	6.401800000000000068e+01	6.392699999999999960e+01	6.410999999999999943e+01	6.417799999999999727e+01	6.413299999999999557e+01	6.417799999999999727e+01	6.388100000000000023e+01	6.564300000000000068e+01	6.605500000000000682e+01	6.623799999999999955e+01	6.621599999999999397e+01	6.644400000000000261e+01	6.603199999999999648e+01	6.605500000000000682e+01	6.619299999999999784e+01	6.669599999999999795e+01	6.703900000000000148e+01	6.681100000000000705e+01	6.671899999999999409e+01	6.763500000000000512e+01	6.694799999999999329e+01	6.729099999999999682e+01	6.786299999999999955e+01	6.877899999999999636e+01	6.811499999999999488e+01	6.832099999999999795e+01	6.852700000000000102e+01	6.919100000000000250e+01	6.868699999999999761e+01	6.836700000000000443e+01	6.827500000000000568e+01	6.834399999999999409e+01	6.827500000000000568e+01	6.818399999999999750e+01	6.889300000000000068e+01	6.914499999999999602e+01	6.880200000000000671e+01	6.898499999999999943e+01	6.919100000000000250e+01	6.976300000000000523e+01	7.019799999999999329e+01	7.012900000000000489e+01	7.049599999999999511e+01	7.031199999999999761e+01	6.994599999999999795e+01	7.047299999999999898e+01	7.081600000000000250e+01	7.042700000000000671e+01	7.029000000000000625e+01	7.086199999999999477e+01	7.097599999999999909e+01	7.244100000000000250e+01	7.246399999999999864e+01	7.262399999999999523e+01	7.468399999999999750e+01	7.500499999999999545e+01	7.511899999999999977e+01	7.498199999999999932e+01	7.541700000000000159e+01	7.564499999999999602e+01	7.562300000000000466e+01	7.644700000000000273e+01	7.667499999999999716e+01	7.676699999999999591e+01	7.745399999999999352e+01	7.731600000000000250e+01	7.768200000000000216e+01	7.825499999999999545e+01	7.862099999999999511e+01	7.974200000000000443e+01	8.004000000000000625e+01	8.017700000000000671e+01	8.063500000000000512e+01	8.095600000000000307e+01	8.134499999999999886e+01	8.184799999999999898e+01	8.285500000000000398e+01	8.292400000000000659e+01	8.324399999999999977e+01	8.374800000000000466e+01	8.427400000000000091e+01	8.411400000000000432e+01	8.468600000000000705e+01	8.503000000000000114e+01	8.507500000000000284e+01	8.553300000000000125e+01	8.580800000000000693e+01	8.619700000000000273e+01	8.617400000000000659e+01	8.651699999999999591e+01	8.690600000000000591e+01	8.713500000000000512e+01	8.766200000000000614e+01	8.779900000000000659e+01	8.777599999999999625e+01	8.832599999999999341e+01	8.850900000000000034e+01	8.905800000000000693e+01	8.914900000000000091e+01	8.958400000000000318e+01	8.995099999999999341e+01	9.004200000000000159e+01	9.056900000000000261e+01	9.095799999999999841e+01	9.127800000000000580e+01	9.139300000000000068e+01	9.175900000000000034e+01	9.196500000000000341e+01	9.233100000000000307e+01	9.267400000000000659e+01	9.290300000000000580e+01	9.320099999999999341e+01	9.352100000000000080e+01	9.388700000000000045e+01	9.439100000000000534e+01	9.459699999999999420e+01	9.484900000000000375e+01	9.519199999999999307e+01	9.569499999999999318e+01	9.599299999999999500e+01	9.635899999999999466e+01	9.665699999999999648e+01	9.700000000000000000e+01	9.759499999999999886e+01	9.787000000000000455e+01
1.000000000000000000e+00	1.920320000000000107e+02	1.779099999999999966e+02	1.654130000000000109e+02	1.536479999999999961e+02	1.435550000000000068e+02	1.344449999999999932e+02	1.255870000000000033e+02	1.186979999999999933e+02	1.130909999999999940e+02	1.125409999999999968e+02	1.106189999999999998e+02	1.066359999999999957e+02	1.031110000000000042e+02	1.005480000000000018e+02	9.899099999999999966e+01	9.619899999999999807e+01	9.427599999999999625e+01	9.214799999999999613e+01	9.036299999999999955e+01	8.885200000000000387e+01	8.564799999999999613e+01	8.290099999999999625e+01	8.125300000000000011e+01	7.976500000000000057e+01	7.864400000000000546e+01	7.800300000000000011e+01	7.722499999999999432e+01	7.646899999999999409e+01	7.601200000000000045e+01	7.569100000000000250e+01	7.559999999999999432e+01	7.564499999999999602e+01	7.578300000000000125e+01	7.635500000000000398e+01	7.701900000000000546e+01	7.791100000000000136e+01	7.804900000000000659e+01	7.770499999999999829e+01	7.793399999999999750e+01	7.852899999999999636e+01	7.914700000000000557e+01	7.882699999999999818e+01	7.953600000000000136e+01	7.994799999999999329e+01	8.035999999999999943e+01	8.136700000000000443e+01	8.184799999999999898e+01	8.196299999999999386e+01	8.173399999999999466e+01	8.193999999999999773e+01	8.198499999999999943e+01	8.184799999999999898e+01	8.228300000000000125e+01	8.207699999999999818e+01	8.358799999999999386e+01	8.251200000000000045e+01	8.285500000000000398e+01	8.310699999999999932e+01	8.338200000000000500e+01	8.386199999999999477e+01	8.422899999999999920e+01	8.475499999999999545e+01	8.507500000000000284e+01	8.564799999999999613e+01	8.624299999999999500e+01	8.688400000000000034e+01	8.722700000000000387e+01	8.770799999999999841e+01	8.773000000000000398e+01	8.779900000000000659e+01	8.786799999999999500e+01	8.779900000000000659e+01	8.795900000000000318e+01	8.850900000000000034e+01	8.859999999999999432e+01	8.855400000000000205e+01	8.873699999999999477e+01	8.873699999999999477e+01	8.869199999999999307e+01	8.873699999999999477e+01	8.871500000000000341e+01	8.876000000000000512e+01	8.889799999999999613e+01	8.887500000000000000e+01	8.887500000000000000e+01	8.914900000000000091e+01	8.898900000000000432e+01	9.214799999999999613e+01	8.951600000000000534e+01	8.924099999999999966e+01	8.960699999999999932e+01	8.908100000000000307e+01	8.917199999999999704e+01	8.910399999999999920e+01	8.912699999999999534e+01	8.912699999999999534e+01	8.903499999999999659e+01	8.928700000000000614e+01	8.931000000000000227e+01	8.926399999999999579e+01	8.958400000000000318e+01	8.969899999999999807e+01	8.951600000000000534e+01	8.960699999999999932e+01	8.953900000000000148e+01	8.951600000000000534e+01	8.965300000000000580e+01	9.006499999999999773e+01	9.004200000000000159e+01	9.008799999999999386e+01	9.013400000000000034e+01	9.027100000000000080e+01	9.034000000000000341e+01	9.045399999999999352e+01	9.056900000000000261e+01	9.081999999999999318e+01	9.141500000000000625e+01	9.168999999999999773e+01	9.205599999999999739e+01	9.253700000000000614e+01	9.278900000000000148e+01	9.343000000000000682e+01	9.416200000000000614e+01	9.496299999999999386e+01	9.603900000000000148e+01	9.709199999999999875e+01	9.832800000000000296e+01	1.000439999999999969e+02	1.017150000000000034e+02	1.034549999999999983e+02	1.055370000000000061e+02	1.076430000000000007e+02	1.097259999999999991e+02	1.120610000000000070e+02	1.140520000000000067e+02	1.162030000000000030e+02	1.183319999999999936e+02	1.200490000000000066e+02	1.223139999999999930e+02	1.241230000000000047e+02	1.254500000000000028e+02	1.266629999999999967e+02	1.279680000000000035e+02	1.289290000000000020e+02	1.297299999999999898e+02	1.306229999999999905e+02	1.314240000000000066e+02	1.321109999999999900e+02	1.328660000000000139e+02	1.335529999999999973e+02	1.339869999999999948e+02	1.346510000000000105e+02	1.351090000000000089e+02	1.360469999999999970e+02	1.361850000000000023e+02	1.364139999999999873e+02	1.368029999999999973e+02	1.373520000000000039e+02	1.374890000000000043e+02	1.376040000000000134e+02	1.378559999999999945e+02	1.388629999999999995e+02	1.416779999999999973e+02	1.424099999999999966e+02	1.425020000000000095e+02	1.424099999999999966e+02	1.425699999999999932e+02	1.425929999999999893e+02	1.426850000000000023e+02	1.430049999999999955e+02	1.434170000000000016e+02	1.431659999999999968e+02	1.435089999999999861e+02	1.435320000000000107e+02	1.432110000000000127e+02	1.430970000000000084e+02	1.429819999999999993e+02	1.430970000000000084e+02	1.433720000000000141e+02	1.432800000000000011e+02	1.434629999999999939e+02	1.455229999999999961e+02	1.452259999999999991e+02	1.449739999999999895e+02	1.448820000000000050e+02	1.449970000000000141e+02	1.444470000000000027e+02	1.445389999999999873e+02	1.444470000000000027e+02
0.000000000000000000e+00	1.796260000000000048e+02	1.650469999999999970e+02	1.514739999999999895e+02	1.397090000000000032e+02	1.314470000000000027e+02	1.216740000000000066e+02	1.136629999999999967e+02	1.076659999999999968e+02	1.035690000000000026e+02	9.958599999999999852e+01	9.715999999999999659e+01	9.521500000000000341e+01	9.368099999999999739e+01	9.223900000000000432e+01	9.102599999999999625e+01	8.992799999999999727e+01	8.887500000000000000e+01	8.789100000000000534e+01	8.663200000000000500e+01	8.498399999999999466e+01	8.322100000000000364e+01	8.187099999999999511e+01	8.033799999999999386e+01	7.891800000000000637e+01	7.770499999999999829e+01	7.662999999999999545e+01	7.582899999999999352e+01	7.495900000000000318e+01	7.431799999999999784e+01	7.356300000000000239e+01	7.319599999999999795e+01	7.269299999999999784e+01	7.230400000000000205e+01	7.198300000000000409e+01	7.164000000000000057e+01	7.148000000000000398e+01	7.127400000000000091e+01	7.113599999999999568e+01	7.095300000000000296e+01	7.104500000000000171e+01	7.109099999999999397e+01	7.127400000000000091e+01	7.125100000000000477e+01	7.129699999999999704e+01	7.150300000000000011e+01	7.159399999999999409e+01	7.170900000000000318e+01	7.177700000000000102e+01	7.209799999999999898e+01	7.253300000000000125e+01	7.262399999999999523e+01	7.282999999999999829e+01	7.308199999999999363e+01	7.324200000000000443e+01	7.342499999999999716e+01	7.372299999999999898e+01	7.372299999999999898e+01	7.397499999999999432e+01	7.440900000000000603e+01	7.459300000000000352e+01	7.482099999999999795e+01	7.500499999999999545e+01	7.530200000000000671e+01	7.550799999999999557e+01	7.582899999999999352e+01	7.598900000000000432e+01	7.626300000000000523e+01	7.651500000000000057e+01	7.679000000000000625e+01	7.708700000000000330e+01	7.733899999999999864e+01	7.763700000000000045e+01	7.786599999999999966e+01	7.811700000000000443e+01	7.834600000000000364e+01	7.875799999999999557e+01	7.905599999999999739e+01	7.930800000000000693e+01	7.962800000000000011e+01	7.985699999999999932e+01	8.017700000000000671e+01	8.052100000000000080e+01	8.075000000000000000e+01	8.093300000000000693e+01	8.200799999999999557e+01	8.235200000000000387e+01	8.264900000000000091e+01	8.303799999999999670e+01	8.333599999999999852e+01	8.372499999999999432e+01	8.390800000000000125e+01	8.420600000000000307e+01	8.450300000000000011e+01	8.512099999999999511e+01	8.544199999999999307e+01	8.589900000000000091e+01	8.624299999999999500e+01	8.665500000000000114e+01	8.706699999999999307e+01	8.747899999999999920e+01	8.784499999999999886e+01	8.812000000000000455e+01	8.871500000000000341e+01	8.924099999999999966e+01	8.969899999999999807e+01	9.015699999999999648e+01	9.059099999999999397e+01	9.118699999999999761e+01	9.164400000000000546e+01	9.219400000000000261e+01	9.267400000000000659e+01	9.331499999999999773e+01	9.395600000000000307e+01	9.441400000000000148e+01	9.503199999999999648e+01	9.567300000000000182e+01	9.610699999999999932e+01	9.638200000000000500e+01	9.686299999999999955e+01	9.741200000000000614e+01	9.798399999999999466e+01	9.853400000000000603e+01	9.890000000000000568e+01	9.919700000000000273e+01	9.944899999999999807e+01	9.951800000000000068e+01	9.963200000000000500e+01	9.967799999999999727e+01	9.967799999999999727e+01	9.995300000000000296e+01	9.997599999999999909e+01	1.000210000000000008e+02	1.000900000000000034e+02	1.001359999999999957e+02	1.002039999999999935e+02	1.003190000000000026e+02	1.005250000000000057e+02	1.004099999999999966e+02	1.005480000000000018e+02	1.005480000000000018e+02	1.007770000000000010e+02	1.008220000000000027e+02	1.008449999999999989e+02	1.008679999999999950e+02	1.009140000000000015e+02	1.010739999999999981e+02	1.010060000000000002e+02	1.012800000000000011e+02	1.012800000000000011e+02	1.013490000000000038e+02	1.014399999999999977e+02	1.015090000000000003e+02	1.016009999999999991e+02	1.016919999999999931e+02	1.017150000000000034e+02	1.017150000000000034e+02	1.019669999999999987e+02	1.018979999999999961e+02	1.019210000000000065e+02	1.019899999999999949e+02	1.020360000000000014e+02	1.021039999999999992e+02	1.020810000000000031e+02	1.021039999999999992e+02	1.020580000000000069e+02	1.021500000000000057e+02	1.022639999999999958e+02	1.023100000000000023e+02	1.022639999999999958e+02	1.023329999999999984e+02	1.025160000000000053e+02	1.024479999999999933e+02	1.025619999999999976e+02	1.025390000000000015e+02	1.025849999999999937e+02	1.026760000000000019e+02	1.027219999999999942e+02	1.026989999999999981e+02	1.027680000000000007e+02	1.028589999999999947e+02	1.029050000000000011e+02	1.029509999999999934e+02	1.029050000000000011e+02	1.029279999999999973e+02	1.030199999999999960e+02	1.030199999999999960e+02	1.029969999999999999e+02	1.031569999999999965e+02	1.032030000000000030e+02
0.000000000000000000e+00	2.101099999999999923e+01	2.423900000000000077e+01	2.346000000000000085e+01	2.776300000000000168e+01	2.684799999999999898e+01	2.650499999999999901e+01	2.021000000000000085e+01	2.222400000000000020e+01	2.286499999999999844e+01	2.046199999999999974e+01	2.444500000000000028e+01	2.185800000000000054e+01	2.229299999999999926e+01	2.041600000000000037e+01	2.085099999999999909e+01	2.803800000000000026e+01	2.481099999999999994e+01	2.398699999999999832e+01	2.684799999999999898e+01	2.776300000000000168e+01	2.126300000000000168e+01	2.634400000000000119e+01	2.586400000000000077e+01	2.190399999999999991e+01	2.847299999999999898e+01	2.643599999999999994e+01	2.870200000000000173e+01	2.435300000000000153e+01	2.851899999999999835e+01	2.659600000000000009e+01	2.080499999999999972e+01	2.636700000000000088e+01	2.064499999999999957e+01	2.014199999999999946e+01	2.259100000000000108e+01	2.041600000000000037e+01	2.854200000000000159e+01	2.851899999999999835e+01	2.334600000000000009e+01	2.055399999999999849e+01	2.771799999999999997e+01	2.188100000000000023e+01	2.911400000000000077e+01	2.149200000000000088e+01	2.217899999999999849e+01	2.121699999999999875e+01	2.226999999999999957e+01	2.018700000000000117e+01	2.059900000000000020e+01	2.398699999999999832e+01	2.412399999999999878e+01	2.812999999999999901e+01	2.396399999999999864e+01	2.737399999999999878e+01	2.925100000000000122e+01	2.904500000000000171e+01	2.105699999999999861e+01	2.096600000000000108e+01	2.190399999999999991e+01	2.073699999999999832e+01	2.703099999999999881e+01	2.421600000000000108e+01	2.620700000000000074e+01	2.613800000000000168e+01	2.357499999999999929e+01	2.236199999999999832e+01	2.460500000000000043e+01	2.822100000000000009e+01	2.847299999999999898e+01	2.906800000000000139e+01	2.121699999999999875e+01	2.538299999999999912e+01	2.073699999999999832e+01	2.352899999999999991e+01	2.879299999999999926e+01	2.542899999999999849e+01	2.948000000000000043e+01	2.153800000000000026e+01	2.382700000000000173e+01	2.410099999999999909e+01	2.043900000000000006e+01	2.510800000000000054e+01	2.142299999999999827e+01	2.215599999999999881e+01	2.828999999999999915e+01	2.041600000000000037e+01	2.769500000000000028e+01	2.357499999999999929e+01	2.092000000000000171e+01	2.151500000000000057e+01	2.366600000000000037e+01	2.403300000000000125e+01	2.103399999999999892e+01	2.934299999999999997e+01	2.746600000000000108e+01	2.069099999999999895e+01	2.229299999999999926e+01	2.085099999999999909e+01	2.691700000000000159e+01	2.284199999999999875e+01	2.224699999999999989e+01	2.922800000000000153e+01	2.204100000000000037e+01	2.551999999999999957e+01	2.435300000000000153e+01	2.089699999999999847e+01	2.625300000000000011e+01	2.185800000000000054e+01	2.767200000000000060e+01	2.938800000000000168e+01	2.288800000000000168e+01	2.966300000000000026e+01	2.295700000000000074e+01	2.149200000000000088e+01	2.192699999999999960e+01	2.064499999999999957e+01	2.503999999999999915e+01	2.751200000000000045e+01	2.703099999999999881e+01	2.623000000000000043e+01	2.744300000000000139e+01	2.346000000000000085e+01	2.183500000000000085e+01	2.210999999999999943e+01	2.913700000000000045e+01	2.114900000000000091e+01	2.201800000000000068e+01	2.810699999999999932e+01	2.819800000000000040e+01	2.426099999999999923e+01	2.448999999999999844e+01	2.961700000000000088e+01	2.508500000000000085e+01	2.909100000000000108e+01	2.410099999999999909e+01	2.103399999999999892e+01	2.494800000000000040e+01	2.059900000000000020e+01	2.320899999999999963e+01	2.641300000000000026e+01	2.194999999999999929e+01	2.886199999999999832e+01	2.531400000000000006e+01	2.076000000000000156e+01	2.465099999999999980e+01	2.217899999999999849e+01	2.922800000000000153e+01	2.641300000000000026e+01	2.078200000000000003e+01	2.098799999999999955e+01	2.082799999999999940e+01	2.199599999999999866e+01	2.700799999999999912e+01	2.916000000000000014e+01	2.357499999999999929e+01	2.783200000000000074e+01	2.860999999999999943e+01	2.572599999999999909e+01	2.620700000000000074e+01	2.655000000000000071e+01	2.851899999999999835e+01	2.497100000000000009e+01	2.849599999999999866e+01	2.938800000000000168e+01	2.959400000000000119e+01	2.799200000000000088e+01	2.707700000000000173e+01	2.176699999999999946e+01	2.494800000000000040e+01	2.350600000000000023e+01	2.160600000000000165e+01	2.771799999999999997e+01	2.577199999999999847e+01	2.201800000000000068e+01	2.460500000000000043e+01	2.069099999999999895e+01	2.098799999999999955e+01	2.387199999999999989e+01	2.835800000000000054e+01	2.522299999999999898e+01	2.771799999999999997e+01	2.597800000000000153e+01	2.444500000000000028e+01	2.867899999999999849e+01	2.945700000000000074e+01	2.893100000000000094e+01	2.334600000000000009e+01	2.966300000000000026e+01	2.860999999999999943e+01
1.000000000000000000e+00	2.550889999999999986e+02	2.275089999999999861e+02	2.040480000000000018e+02	1.840440000000000111e+02	1.660540000000000020e+02	1.509699999999999989e+02	1.388400000000000034e+02	1.274410000000000025e+02	1.181949999999999932e+02	1.109620000000000033e+02	1.054000000000000057e+02	1.012570000000000050e+02	9.752700000000000102e+01	9.448199999999999932e+01	9.171299999999999386e+01	8.905800000000000693e+01	8.713500000000000512e+01	8.523600000000000421e+01	8.383899999999999864e+01	8.260299999999999443e+01	8.134499999999999886e+01	8.040600000000000591e+01	7.939900000000000091e+01	7.878100000000000591e+01	7.814000000000000057e+01	7.791100000000000136e+01	7.765999999999999659e+01	7.736199999999999477e+01	7.736199999999999477e+01	7.713299999999999557e+01	7.704200000000000159e+01	7.708700000000000330e+01	7.706499999999999773e+01	7.729300000000000637e+01	7.747700000000000387e+01	7.777400000000000091e+01	7.802599999999999625e+01	7.829999999999999716e+01	7.852899999999999636e+01	7.880400000000000205e+01	7.903300000000000125e+01	7.939900000000000091e+01	7.974200000000000443e+01	8.010899999999999466e+01	8.052100000000000080e+01	8.084099999999999397e+01	8.116100000000000136e+01	8.150499999999999545e+01	8.193999999999999773e+01	8.235200000000000387e+01	8.271800000000000352e+01	8.310699999999999932e+01	8.354200000000000159e+01	8.397700000000000387e+01	8.434300000000000352e+01	8.461799999999999500e+01	8.507500000000000284e+01	8.557899999999999352e+01	8.601399999999999579e+01	8.647199999999999420e+01	8.695199999999999818e+01	8.745600000000000307e+01	8.793600000000000705e+01	8.832599999999999341e+01	8.876000000000000512e+01	8.926399999999999579e+01	9.081999999999999318e+01	9.146099999999999852e+01	9.210200000000000387e+01	9.271999999999999886e+01	9.333799999999999386e+01	9.400199999999999534e+01	9.482599999999999341e+01	9.576399999999999579e+01	9.668000000000000682e+01	9.784699999999999420e+01	9.912900000000000489e+01	1.005250000000000057e+02	1.020130000000000052e+02	1.038670000000000044e+02	1.058349999999999937e+02	1.080550000000000068e+02	1.105270000000000010e+02	1.138229999999999933e+02	1.167980000000000018e+02	1.201629999999999967e+02	1.224980000000000047e+02	1.262510000000000048e+02	1.305540000000000020e+02	1.346740000000000066e+02	1.392520000000000095e+02	1.438060000000000116e+02	1.487959999999999923e+02	1.537170000000000130e+02	1.587069999999999936e+02	1.635130000000000052e+02	1.680680000000000121e+02	1.728290000000000077e+02	1.771090000000000089e+02	1.809540000000000077e+02	1.849370000000000118e+02	1.885759999999999934e+02	1.919859999999999900e+02	1.951899999999999977e+02	1.983259999999999934e+02	2.016450000000000102e+02	2.039790000000000134e+02	2.068410000000000082e+02	2.085800000000000125e+02	2.120130000000000052e+02	2.139819999999999993e+02	2.156299999999999955e+02	2.170720000000000027e+02	2.194519999999999982e+02	2.213290000000000077e+02	2.235260000000000105e+02	2.238460000000000036e+02	2.253799999999999955e+02	2.270509999999999877e+02	2.271879999999999882e+02	2.277150000000000034e+02	2.289050000000000011e+02	2.303919999999999959e+02	2.311709999999999923e+02	2.341690000000000111e+02	2.343290000000000077e+02	2.367100000000000080e+02	2.366870000000000118e+02	2.370070000000000050e+02	2.391359999999999957e+02	2.402800000000000011e+02	2.386779999999999973e+02	2.408979999999999961e+02	2.416529999999999916e+02	2.423400000000000034e+02	2.427750000000000057e+02	2.433240000000000123e+02	2.422940000000000111e+02	2.420879999999999939e+02	2.446750000000000114e+02	2.434619999999999891e+02	2.444230000000000018e+02	2.465970000000000084e+02	2.470780000000000030e+02	2.471239999999999952e+02	2.452009999999999934e+02	2.469639999999999986e+02	2.474900000000000091e+02	2.472609999999999957e+02	2.474900000000000091e+02	2.477649999999999864e+02	2.479019999999999868e+02	2.484279999999999973e+02	2.485660000000000025e+02	2.475809999999999889e+02	2.486570000000000107e+02	2.488400000000000034e+02	2.476040000000000134e+02	2.486339999999999861e+02	2.461620000000000061e+02	2.487030000000000030e+02	2.476270000000000095e+02	2.461399999999999864e+02	2.457959999999999923e+02	2.489550000000000125e+02	2.469410000000000025e+02	2.491150000000000091e+02	2.463230000000000075e+02	2.477419999999999902e+02	2.482909999999999968e+02	2.492980000000000018e+02	2.481310000000000002e+02	2.465970000000000084e+02	2.468720000000000141e+02	2.472839999999999918e+02	2.467800000000000011e+02	2.483600000000000136e+02	2.489550000000000125e+02	2.508540000000000134e+02	2.502369999999999948e+02	2.500989999999999895e+02	2.505339999999999918e+02	2.492980000000000018e+02	2.519759999999999991e+02	2.525480000000000018e+02	2.502820000000000107e+02	2.506030000000000086e+02	2.511980000000000075e+02	2.507630000000000052e+02
1.000000000000000000e+00	2.807690000000000055e+02	2.577210000000000036e+02	2.356570000000000107e+02	2.155610000000000070e+02	1.980970000000000084e+02	1.822129999999999939e+02	1.696699999999999875e+02	1.572880000000000109e+02	1.468050000000000068e+02	1.398930000000000007e+02	1.366200000000000045e+02	1.308290000000000077e+02	1.258619999999999948e+02	1.227259999999999991e+02	1.196140000000000043e+02	1.168670000000000044e+02	1.148760000000000048e+02	1.131359999999999957e+02	1.115109999999999957e+02	1.102980000000000018e+02	1.090849999999999937e+02	1.082609999999999957e+02	1.075739999999999981e+02	1.069560000000000031e+02	1.062699999999999960e+02	1.059270000000000067e+02	1.055829999999999984e+02	1.051710000000000065e+02	1.050109999999999957e+02	1.047819999999999965e+02	1.046219999999999999e+02	1.045070000000000050e+02	1.045990000000000038e+02	1.045990000000000038e+02	1.047129999999999939e+02	1.048280000000000030e+02	1.049650000000000034e+02	1.051710000000000065e+02	1.053089999999999975e+02	1.054920000000000044e+02	1.058810000000000002e+02	1.060409999999999968e+02	1.062469999999999999e+02	1.066820000000000022e+02	1.070709999999999980e+02	1.072999999999999972e+02	1.076889999999999930e+02	1.080090000000000003e+02	1.084440000000000026e+02	1.090160000000000053e+02	1.093599999999999994e+02	1.098179999999999978e+02	1.102289999999999992e+02	1.105270000000000010e+02	1.109620000000000033e+02	1.114429999999999978e+02	1.117860000000000014e+02	1.121520000000000010e+02	1.128389999999999986e+02	1.130450000000000017e+02	1.134569999999999936e+02	1.140750000000000028e+02	1.144180000000000064e+02	1.148760000000000048e+02	1.154249999999999972e+02	1.157459999999999951e+02	1.161580000000000013e+02	1.167530000000000001e+02	1.173020000000000067e+02	1.177369999999999948e+02	1.182630000000000052e+02	1.185610000000000070e+02	1.190190000000000055e+02	1.196140000000000043e+02	1.201170000000000044e+02	1.205289999999999964e+02	1.212620000000000005e+02	1.218340000000000032e+02	1.223829999999999956e+02	1.231159999999999997e+02	1.237339999999999947e+02	1.243970000000000056e+02	1.253359999999999985e+02	1.260679999999999978e+02	1.268460000000000036e+02	1.279449999999999932e+02	1.288830000000000098e+02	1.299590000000000032e+02	1.311719999999999970e+02	1.326140000000000043e+02	1.339650000000000034e+02	1.356349999999999909e+02	1.372599999999999909e+02	1.390459999999999923e+02	1.410370000000000061e+02	1.430279999999999916e+02	1.452259999999999991e+02	1.476750000000000114e+02	1.503069999999999879e+02	1.529619999999999891e+02	1.559139999999999873e+02	1.588669999999999902e+02	1.620709999999999980e+02	1.655960000000000036e+02	1.690289999999999964e+02	1.725769999999999982e+02	1.764910000000000139e+02	1.800840000000000032e+02	1.843189999999999884e+02	1.882549999999999955e+02	1.923520000000000039e+02	1.965409999999999968e+02	2.008669999999999902e+02	2.044600000000000080e+02	2.089689999999999941e+02	2.130660000000000025e+02	2.167050000000000125e+02	2.208249999999999886e+02	2.247620000000000005e+02	2.285610000000000070e+02	2.320629999999999882e+02	2.354050000000000011e+02	2.386779999999999973e+02	2.421109999999999900e+02	2.458189999999999884e+02	2.477870000000000061e+02	2.501220000000000141e+02	2.538990000000000009e+02	2.562789999999999964e+02	2.585679999999999836e+02	2.610629999999999882e+02	2.628480000000000132e+02	2.651600000000000250e+02	2.679060000000000059e+02	2.724610000000000127e+02	2.728960000000000150e+02	2.752760000000000105e+02	2.765350000000000250e+02	2.779080000000000155e+02	2.801059999999999945e+02	2.809069999999999823e+02	2.826000000000000227e+02	2.841569999999999823e+02	2.852099999999999795e+02	2.857359999999999900e+02	2.871089999999999804e+02	2.879560000000000173e+02	2.882769999999999868e+02	2.898100000000000023e+02	2.910000000000000000e+02	2.911829999999999927e+02	2.928090000000000259e+02	2.930830000000000268e+02	2.936779999999999973e+02	2.942049999999999841e+02	2.948460000000000036e+02	2.949599999999999795e+02	2.962420000000000186e+02	2.966999999999999886e+02	2.966999999999999886e+02	2.972719999999999914e+02	3.009569999999999936e+02	3.024669999999999845e+02	3.042760000000000105e+02	3.037490000000000236e+02	3.031080000000000041e+02	3.043210000000000264e+02	3.040240000000000009e+02	3.042980000000000018e+02	3.054889999999999759e+02	3.039089999999999918e+02	3.065640000000000214e+02	3.064039999999999964e+02	3.069759999999999991e+02	3.077549999999999955e+02	3.080749999999999886e+02	3.090590000000000259e+02	3.080289999999999964e+02	3.104100000000000250e+02	3.107300000000000182e+02	3.106840000000000259e+02	3.113480000000000132e+02	3.095400000000000205e+02	3.110280000000000200e+02	3.112339999999999804e+02	3.098600000000000136e+02	3.119429999999999836e+02	3.118740000000000236e+02	3.117139999999999986e+02
0.000000000000000000e+00	5.024639999999999986e+02	4.422450000000000045e+02	3.863070000000000164e+02	3.329320000000000164e+02	2.992169999999999845e+02	2.644039999999999964e+02	2.375790000000000077e+02	2.171630000000000109e+02	2.003170000000000073e+02	1.869739999999999895e+02	1.796040000000000134e+02	1.710660000000000025e+02	1.634449999999999932e+02	1.576539999999999964e+02	1.516570000000000107e+02	1.380620000000000118e+02	1.440809999999999889e+02	1.392059999999999889e+02	1.358870000000000005e+02	1.325000000000000000e+02	1.282880000000000109e+02	1.240310000000000059e+02	1.199569999999999936e+02	1.166610000000000014e+02	1.134110000000000014e+02	1.106869999999999976e+02	1.086269999999999953e+02	1.069789999999999992e+02	1.051940000000000026e+02	1.037980000000000018e+02	1.029509999999999934e+02	1.018070000000000022e+02	1.010739999999999981e+02	1.003419999999999987e+02	9.965500000000000114e+01	9.919700000000000273e+01	9.903700000000000614e+01	9.883100000000000307e+01	9.844199999999999307e+01	9.814499999999999602e+01	9.793899999999999295e+01	9.814499999999999602e+01	9.892300000000000182e+01	9.887699999999999534e+01	9.915200000000000102e+01	9.949500000000000455e+01	9.910599999999999454e+01	9.910599999999999454e+01	9.924299999999999500e+01	9.892300000000000182e+01	9.912900000000000489e+01	9.928900000000000148e+01	9.947199999999999420e+01	1.000210000000000008e+02	1.000669999999999931e+02	9.963200000000000500e+01	1.001590000000000060e+02	1.003880000000000052e+02	1.008449999999999989e+02	1.008910000000000053e+02	1.009830000000000041e+02	1.014399999999999977e+02	1.017840000000000060e+02	1.019440000000000026e+02	1.021959999999999980e+02	1.029509999999999934e+02	1.032259999999999991e+02	1.034090000000000060e+02	1.034549999999999983e+02	1.035000000000000000e+02	1.033629999999999995e+02	1.037519999999999953e+02	1.040499999999999972e+02	1.043010000000000019e+02	1.045300000000000011e+02	1.047360000000000042e+02	1.046449999999999960e+02	1.049650000000000034e+02	1.052169999999999987e+02	1.054000000000000057e+02	1.057210000000000036e+02	1.060180000000000007e+02	1.066359999999999957e+02	1.069110000000000014e+02	1.096569999999999965e+02	1.099090000000000060e+02	1.105040000000000049e+02	1.106869999999999976e+02	1.106640000000000015e+02	1.110079999999999956e+02	1.112139999999999986e+02	1.113970000000000056e+02	1.118089999999999975e+02	1.121749999999999972e+02	1.124039999999999964e+02	1.128389999999999986e+02	1.131359999999999957e+02	1.132049999999999983e+02	1.134800000000000040e+02	1.137309999999999945e+02	1.137770000000000010e+02	1.141200000000000045e+02	1.144410000000000025e+02	1.149669999999999987e+02	1.152879999999999967e+02	1.155619999999999976e+02	1.161119999999999948e+02	1.169360000000000070e+02	1.170960000000000036e+02	1.175079999999999956e+02	1.181949999999999932e+02	1.184689999999999941e+02	1.187900000000000063e+02	1.191329999999999956e+02	1.195679999999999978e+02	1.197740000000000009e+02	1.201629999999999967e+02	1.204150000000000063e+02	1.206889999999999930e+02	1.211009999999999991e+02	1.214449999999999932e+02	1.217420000000000044e+02	1.221770000000000067e+02	1.223829999999999956e+02	1.226580000000000013e+02	1.241910000000000025e+02	1.242830000000000013e+02	1.243520000000000039e+02	1.246719999999999970e+02	1.249920000000000044e+02	1.252210000000000036e+02	1.255870000000000033e+02	1.258619999999999948e+02	1.260679999999999978e+02	1.265030000000000001e+02	1.267319999999999993e+02	1.273040000000000020e+02	1.278529999999999944e+02	1.283799999999999955e+02	1.287690000000000055e+02	1.291810000000000116e+02	1.295929999999999893e+02	1.299130000000000109e+02	1.303019999999999925e+02	1.307829999999999870e+02	1.310579999999999927e+02	1.314929999999999950e+02	1.319050000000000011e+02	1.324770000000000039e+02	1.328890000000000100e+02	1.333240000000000123e+02	1.337589999999999861e+02	1.341709999999999923e+02	1.346049999999999898e+02	1.350169999999999959e+02	1.354290000000000020e+02	1.360240000000000009e+02	1.368029999999999973e+02	1.370769999999999982e+02	1.375809999999999889e+02	1.384050000000000011e+02	1.387019999999999982e+02	1.392059999999999889e+02	1.400300000000000011e+02	1.402820000000000107e+02	1.414720000000000084e+02	1.421129999999999995e+02	1.423420000000000130e+02	1.428449999999999989e+02	1.436459999999999866e+02	1.439900000000000091e+02	1.445159999999999911e+02	1.449739999999999895e+02	1.453629999999999995e+02	1.458890000000000100e+02	1.466899999999999977e+02	1.473770000000000095e+02	1.479720000000000084e+02	1.488189999999999884e+02	1.496889999999999930e+02	1.501239999999999952e+02	1.507640000000000100e+02	1.511759999999999877e+02	1.516800000000000068e+02	1.524350000000000023e+02	1.527560000000000002e+02	1.532139999999999986e+02	1.537400000000000091e+02	1.541059999999999945e+02
0.000000000000000000e+00	2.091750000000000114e+02	1.859439999999999884e+02	1.643600000000000136e+02	1.475829999999999984e+02	1.289519999999999982e+02	1.208719999999999999e+02	1.110990000000000038e+02	1.040949999999999989e+02	9.894599999999999795e+01	9.471099999999999852e+01	9.100300000000000011e+01	8.846299999999999386e+01	8.610500000000000398e+01	8.436599999999999966e+01	8.290099999999999625e+01	8.191700000000000159e+01	8.070399999999999352e+01	7.983400000000000318e+01	7.907899999999999352e+01	7.827800000000000580e+01	7.784300000000000352e+01	7.729300000000000637e+01	7.685899999999999466e+01	7.665300000000000580e+01	7.635500000000000398e+01	7.610299999999999443e+01	7.603499999999999659e+01	7.596599999999999397e+01	7.594299999999999784e+01	7.596599999999999397e+01	7.601200000000000045e+01	7.571399999999999864e+01	7.532500000000000284e+01	7.530200000000000671e+01	7.534799999999999898e+01	7.550799999999999557e+01	7.566800000000000637e+01	7.571399999999999864e+01	7.576000000000000512e+01	7.603499999999999659e+01	7.612600000000000477e+01	7.635500000000000398e+01	7.642400000000000659e+01	7.658400000000000318e+01	7.676699999999999591e+01	7.699599999999999511e+01	7.708700000000000330e+01	7.729300000000000637e+01	7.772799999999999443e+01	7.788800000000000523e+01	7.816299999999999670e+01	7.836899999999999977e+01	7.859799999999999898e+01	7.884999999999999432e+01	7.903300000000000125e+01	7.921599999999999397e+01	7.953600000000000136e+01	7.967400000000000659e+01	7.987999999999999545e+01	8.008599999999999852e+01	8.024599999999999511e+01	8.038299999999999557e+01	8.054399999999999693e+01	8.058899999999999864e+01	8.077200000000000557e+01	8.100100000000000477e+01	8.104699999999999704e+01	8.116100000000000136e+01	8.139000000000000057e+01	8.157299999999999329e+01	8.171099999999999852e+01	8.187099999999999511e+01	8.200799999999999557e+01	8.205400000000000205e+01	8.230599999999999739e+01	8.244299999999999784e+01	8.253499999999999659e+01	8.264900000000000091e+01	8.283199999999999363e+01	8.292400000000000659e+01	8.301500000000000057e+01	8.317600000000000193e+01	8.333599999999999852e+01	8.349599999999999511e+01	8.365600000000000591e+01	8.379399999999999693e+01	8.393099999999999739e+01	8.406799999999999784e+01	8.411400000000000432e+01	8.425100000000000477e+01	8.441200000000000614e+01	8.452599999999999625e+01	8.468600000000000705e+01	8.477800000000000580e+01	8.493800000000000239e+01	8.509799999999999898e+01	8.518999999999999773e+01	8.534999999999999432e+01	8.553300000000000125e+01	8.569299999999999784e+01	8.578499999999999659e+01	8.608199999999999363e+01	8.626600000000000534e+01	8.631100000000000705e+01	8.658599999999999852e+01	8.667799999999999727e+01	8.697499999999999432e+01	8.699800000000000466e+01	8.711199999999999477e+01	8.729600000000000648e+01	8.743300000000000693e+01	8.756999999999999318e+01	8.770799999999999841e+01	8.784499999999999886e+01	8.795900000000000318e+01	8.800499999999999545e+01	8.818800000000000239e+01	8.825700000000000500e+01	8.830299999999999727e+01	8.841700000000000159e+01	8.855400000000000205e+01	8.869199999999999307e+01	8.866899999999999693e+01	8.878300000000000125e+01	8.885200000000000387e+01	8.894299999999999784e+01	8.914900000000000091e+01	8.903499999999999659e+01	8.926399999999999579e+01	8.924099999999999966e+01	8.924099999999999966e+01	8.935500000000000398e+01	8.944700000000000273e+01	8.905800000000000693e+01	8.919499999999999318e+01	8.933299999999999841e+01	8.935500000000000398e+01	8.937800000000000011e+01	8.944700000000000273e+01	8.946999999999999886e+01	8.953900000000000148e+01	8.962999999999999545e+01	8.969899999999999807e+01	8.967600000000000193e+01	8.972199999999999420e+01	8.972199999999999420e+01	8.983599999999999852e+01	8.988200000000000500e+01	8.988200000000000500e+01	8.995099999999999341e+01	9.004200000000000159e+01	9.004200000000000159e+01	9.011100000000000421e+01	9.011100000000000421e+01	9.008799999999999386e+01	9.013400000000000034e+01	9.015699999999999648e+01	9.024800000000000466e+01	9.031699999999999307e+01	9.027100000000000080e+01	9.022499999999999432e+01	9.031699999999999307e+01	9.036299999999999955e+01	9.031699999999999307e+01	9.040800000000000125e+01	9.047700000000000387e+01	9.045399999999999352e+01	9.052299999999999613e+01	9.059099999999999397e+01	9.052299999999999613e+01	9.054600000000000648e+01	9.061400000000000432e+01	9.059099999999999397e+01	9.061400000000000432e+01	9.063700000000000045e+01	9.056900000000000261e+01	9.070600000000000307e+01	9.070600000000000307e+01	9.070600000000000307e+01	9.077500000000000568e+01	9.070600000000000307e+01	9.091200000000000614e+01	9.100300000000000011e+01	9.095799999999999841e+01	9.098099999999999454e+01	9.107200000000000273e+01	9.107200000000000273e+01	9.102599999999999625e+01	9.109499999999999886e+01
0.000000000000000000e+00	5.890270000000000437e+02	5.006329999999999814e+02	4.215090000000000146e+02	3.532099999999999795e+02	2.977069999999999936e+02	2.543110000000000070e+02	2.187199999999999989e+02	1.982350000000000136e+02	1.838149999999999977e+02	1.720960000000000036e+02	1.641769999999999925e+02	1.574250000000000114e+02	1.519550000000000125e+02	1.465300000000000011e+02	1.425250000000000057e+02	1.391140000000000043e+02	1.362079999999999984e+02	1.342849999999999966e+02	1.319730000000000132e+02	1.306690000000000111e+02	1.288149999999999977e+02	1.272579999999999956e+02	1.258850000000000051e+02	1.253820000000000050e+02	1.248780000000000001e+02	1.240540000000000020e+02	1.234129999999999967e+02	1.228640000000000043e+02	1.226809999999999974e+02	1.220630000000000024e+02	1.211470000000000056e+02	1.202540000000000049e+02	1.196140000000000043e+02	1.188349999999999937e+02	1.184240000000000066e+02	1.179429999999999978e+02	1.178970000000000056e+02	1.177830000000000013e+02	1.175999999999999943e+02	1.174620000000000033e+02	1.175310000000000059e+02	1.179890000000000043e+02	1.180570000000000022e+02	1.182399999999999949e+02	1.185610000000000070e+02	1.188810000000000002e+02	1.192930000000000064e+02	1.194080000000000013e+02	1.196590000000000060e+02	1.198649999999999949e+02	1.202999999999999972e+02	1.207810000000000059e+02	1.212390000000000043e+02	1.218110000000000070e+02	1.223370000000000033e+02	1.217879999999999967e+02	1.224749999999999943e+02	1.229320000000000022e+02	1.238250000000000028e+02	1.243970000000000056e+02	1.249240000000000066e+02	1.255649999999999977e+02	1.260679999999999978e+02	1.256099999999999994e+02	1.269380000000000024e+02	1.271209999999999951e+02	1.272579999999999956e+02	1.276239999999999952e+02	1.278080000000000069e+02	1.285169999999999959e+02	1.286320000000000050e+02	1.288830000000000098e+02	1.291349999999999909e+02	1.292729999999999961e+02	1.294780000000000086e+02	1.295929999999999893e+02	1.297299999999999898e+02	1.298220000000000027e+02	1.301649999999999920e+02	1.302800000000000011e+02	1.303019999999999925e+02	1.304170000000000016e+02	1.305310000000000059e+02	1.306459999999999866e+02	1.309660000000000082e+02	1.310579999999999927e+02	1.311719999999999970e+02	1.312870000000000061e+02	1.314470000000000027e+02	1.316299999999999955e+02	1.316529999999999916e+02	1.322019999999999982e+02	1.322249999999999943e+02	1.322940000000000111e+02	1.324310000000000116e+02	1.325000000000000000e+02	1.325910000000000082e+02	1.325459999999999923e+02	1.328199999999999932e+02	1.329120000000000061e+02	1.330720000000000027e+02	1.332090000000000032e+02	1.332090000000000032e+02	1.333470000000000084e+02	1.334610000000000127e+02	1.336440000000000055e+02	1.336899999999999977e+02	1.337580000000000098e+02	1.338269999999999982e+02	1.340790000000000077e+02	1.340329999999999870e+02	1.340790000000000077e+02	1.341930000000000121e+02	1.343079999999999927e+02	1.344449999999999932e+02	1.345370000000000061e+02	1.346049999999999898e+02	1.349029999999999916e+02	1.349259999999999877e+02	1.349939999999999998e+02	1.350860000000000127e+02	1.353149999999999977e+02	1.354290000000000020e+02	1.356579999999999870e+02	1.357040000000000077e+02	1.356579999999999870e+02	1.357500000000000000e+02	1.358870000000000005e+02	1.359099999999999966e+02	1.359329999999999927e+02	1.359329999999999927e+02	1.359559999999999889e+02	1.359790000000000134e+02	1.360699999999999932e+02	1.361850000000000023e+02	1.361850000000000023e+02	1.362760000000000105e+02	1.364139999999999873e+02	1.363909999999999911e+02	1.364590000000000032e+02	1.362990000000000066e+02	1.363909999999999911e+02	1.364360000000000070e+02	1.365970000000000084e+02	1.367110000000000127e+02	1.366879999999999882e+02	1.367570000000000050e+02	1.367110000000000127e+02	1.367800000000000011e+02	1.371690000000000111e+02	1.371229999999999905e+02	1.370999999999999943e+02	1.371229999999999905e+02	1.371920000000000073e+02	1.372150000000000034e+02	1.372150000000000034e+02	1.373060000000000116e+02	1.373979999999999961e+02	1.373979999999999961e+02	1.376949999999999932e+02	1.376949999999999932e+02	1.376040000000000134e+02	1.375809999999999889e+02	1.377179999999999893e+02	1.375809999999999889e+02	1.375579999999999927e+02	1.376270000000000095e+02	1.376949999999999932e+02	1.377640000000000100e+02	1.376949999999999932e+02	1.376500000000000057e+02	1.376500000000000057e+02	1.379699999999999989e+02	1.379470000000000027e+02	1.380389999999999873e+02	1.378559999999999945e+02	1.379699999999999989e+02	1.379010000000000105e+02	1.379010000000000105e+02	1.379929999999999950e+02	1.379240000000000066e+02	1.379010000000000105e+02	1.378100000000000023e+02	1.378559999999999945e+02	1.378329999999999984e+02	1.378329999999999984e+02	1.379010000000000105e+02	1.379010000000000105e+02	1.379240000000000066e+02
1.000000000000000000e+00	3.051449999999999818e+02	2.767640000000000100e+02	2.512659999999999911e+02	2.286990000000000123e+02	2.087630000000000052e+02	1.920320000000000107e+02	1.776119999999999948e+02	1.657789999999999964e+02	1.550670000000000073e+02	1.459579999999999984e+02	1.394579999999999984e+02	1.340099999999999909e+02	1.300960000000000036e+02	1.265490000000000066e+02	1.235729999999999933e+02	1.205750000000000028e+02	1.183319999999999936e+02	1.161800000000000068e+02	1.142349999999999994e+02	1.127930000000000064e+02	1.114879999999999995e+02	1.103209999999999980e+02	1.093829999999999956e+02	1.084669999999999987e+02	1.076889999999999930e+02	1.069789999999999992e+02	1.064989999999999952e+02	1.059719999999999942e+02	1.057660000000000053e+02	1.053310000000000031e+02	1.052399999999999949e+02	1.054689999999999941e+02	1.053310000000000031e+02	1.053769999999999953e+02	1.055829999999999984e+02	1.061779999999999973e+02	1.061329999999999956e+02	1.062699999999999960e+02	1.064300000000000068e+02	1.066359999999999957e+02	1.068190000000000026e+02	1.070250000000000057e+02	1.069110000000000014e+02	1.069789999999999992e+02	1.073460000000000036e+02	1.075289999999999964e+02	1.078029999999999973e+02	1.082609999999999957e+02	1.086039999999999992e+02	1.091770000000000067e+02	1.098179999999999978e+02	1.100690000000000026e+02	1.105040000000000049e+02	1.109620000000000033e+02	1.111910000000000025e+02	1.114879999999999995e+02	1.118319999999999936e+02	1.121520000000000010e+02	1.124039999999999964e+02	1.127930000000000064e+02	1.130450000000000017e+02	1.133649999999999949e+02	1.143259999999999934e+02	1.144180000000000064e+02	1.147840000000000060e+02	1.151050000000000040e+02	1.153790000000000049e+02	1.159060000000000059e+02	1.161580000000000013e+02	1.165699999999999932e+02	1.169590000000000032e+02	1.173930000000000007e+02	1.176910000000000025e+02	1.181260000000000048e+02	1.185610000000000070e+02	1.193850000000000051e+02	1.198430000000000035e+02	1.205289999999999964e+02	1.208949999999999960e+02	1.213070000000000022e+02	1.217420000000000044e+02	1.222459999999999951e+02	1.229099999999999966e+02	1.239170000000000016e+02	1.244890000000000043e+02	1.251530000000000058e+02	1.259080000000000013e+02	1.268010000000000019e+02	1.283110000000000070e+02	1.292270000000000039e+02	1.301189999999999998e+02	1.312870000000000061e+02	1.324770000000000039e+02	1.338269999999999982e+02	1.355209999999999866e+02	1.370540000000000020e+02	1.407170000000000130e+02	1.430970000000000084e+02	1.453629999999999995e+02	1.474910000000000139e+02	1.498720000000000141e+02	1.526179999999999950e+02	1.552729999999999961e+02	1.580660000000000025e+02	1.611560000000000059e+02	1.641539999999999964e+02	1.672899999999999920e+02	1.706539999999999964e+02	1.740190000000000055e+02	1.773379999999999939e+02	1.806109999999999900e+02	1.839290000000000020e+02	1.875920000000000130e+02	1.911390000000000100e+02	1.942520000000000095e+02	1.976169999999999902e+02	2.010730000000000075e+02	2.051239999999999952e+02	2.081450000000000102e+02	2.112119999999999891e+02	2.145310000000000059e+02	2.171630000000000109e+02	2.211459999999999866e+02	2.229770000000000039e+02	2.256999999999999886e+02	2.282410000000000139e+02	2.308499999999999943e+02	2.333679999999999950e+02	2.355190000000000055e+02	2.377849999999999966e+02	2.399370000000000118e+02	2.416759999999999877e+02	2.431179999999999950e+02	2.446059999999999945e+02	2.461169999999999902e+02	2.476040000000000134e+02	2.495269999999999868e+02	2.512659999999999911e+02	2.523189999999999884e+02	2.547230000000000132e+02	2.557069999999999936e+02	2.574230000000000018e+02	2.591630000000000109e+02	2.595520000000000209e+02	2.604220000000000255e+02	2.607649999999999864e+02	2.613140000000000214e+02	2.616580000000000155e+02	2.627110000000000127e+02	2.627789999999999964e+02	2.636030000000000086e+02	2.648159999999999741e+02	2.649990000000000236e+02	2.665330000000000155e+02	2.674940000000000282e+02	2.672200000000000273e+02	2.678149999999999977e+02	2.666240000000000236e+02	2.669680000000000177e+02	2.679979999999999905e+02	2.678829999999999814e+02	2.676770000000000209e+02	2.677919999999999732e+02	2.685009999999999764e+02	2.677230000000000132e+02	2.683179999999999836e+02	2.688450000000000273e+02	2.687300000000000182e+02	2.684560000000000173e+02	2.689590000000000032e+02	2.683639999999999759e+02	2.685009999999999764e+02	2.690729999999999791e+02	2.696460000000000150e+02	2.696229999999999905e+02	2.723240000000000123e+02	2.712479999999999905e+02	2.709959999999999809e+02	2.708820000000000050e+02	2.721630000000000109e+02	2.728500000000000227e+02	2.720950000000000273e+02	2.722090000000000032e+02	2.725980000000000132e+02	2.716370000000000005e+02	2.712019999999999982e+02	2.717289999999999850e+02	2.726899999999999977e+02	2.710190000000000055e+02
0.000000000000000000e+00	2.077330000000000041e+02	1.886670000000000016e+02	1.699679999999999893e+02	1.518629999999999995e+02	1.350399999999999920e+02	1.193850000000000051e+02	1.081009999999999991e+02	9.928900000000000148e+01	9.322400000000000375e+01	8.841700000000000159e+01	8.441200000000000614e+01	8.136700000000000443e+01	7.864400000000000546e+01	7.628600000000000136e+01	7.443200000000000216e+01	7.198300000000000409e+01	6.928300000000000125e+01	6.681100000000000705e+01	6.449899999999999523e+01	6.253099999999999881e+01	6.058500000000000085e+01	5.898299999999999699e+01	5.740400000000000347e+01	5.628199999999999648e+01	5.559499999999999886e+01	5.472599999999999909e+01	5.415299999999999869e+01	5.330700000000000216e+01	5.271099999999999852e+01	5.220799999999999841e+01	5.200200000000000244e+01	5.145300000000000296e+01	5.090299999999999869e+01	5.062899999999999778e+01	5.044599999999999795e+01	5.001100000000000279e+01	4.994200000000000017e+01	5.012500000000000000e+01	4.991899999999999693e+01	4.991899999999999693e+01	4.975900000000000034e+01	4.968999999999999773e+01	4.971300000000000097e+01	4.971300000000000097e+01	4.962199999999999989e+01	4.953000000000000114e+01	4.955299999999999727e+01	4.955299999999999727e+01	4.957600000000000051e+01	4.959899999999999665e+01	4.971300000000000097e+01	4.978199999999999648e+01	4.973599999999999710e+01	4.982800000000000296e+01	4.971300000000000097e+01	4.966700000000000159e+01	4.991899999999999693e+01	4.996500000000000341e+01	5.014800000000000324e+01	5.037700000000000244e+01	5.044599999999999795e+01	5.058299999999999841e+01	5.051400000000000290e+01	5.053699999999999903e+01	5.060600000000000165e+01	5.065200000000000102e+01	5.081199999999999761e+01	5.078900000000000148e+01	5.081199999999999761e+01	5.085799999999999699e+01	5.108599999999999852e+01	5.124699999999999989e+01	5.181900000000000261e+01	5.181900000000000261e+01	5.193299999999999983e+01	5.213900000000000290e+01	5.236800000000000210e+01	5.236800000000000210e+01	5.246000000000000085e+01	5.252799999999999869e+01	5.246000000000000085e+01	5.241400000000000148e+01	5.241400000000000148e+01	5.261999999999999744e+01	5.271099999999999852e+01	5.266599999999999682e+01	5.280299999999999727e+01	5.287199999999999989e+01	5.284899999999999665e+01	5.312299999999999756e+01	5.335199999999999676e+01	5.328399999999999892e+01	5.328399999999999892e+01	5.342099999999999937e+01	5.355799999999999983e+01	5.362700000000000244e+01	5.360399999999999920e+01	5.369599999999999795e+01	5.419899999999999807e+01	5.433700000000000330e+01	5.463400000000000034e+01	5.513799999999999812e+01	5.534400000000000119e+01	5.516100000000000136e+01	5.541199999999999903e+01	5.559499999999999886e+01	5.566400000000000148e+01	5.566400000000000148e+01	5.568699999999999761e+01	5.575600000000000023e+01	5.591599999999999682e+01	5.596200000000000330e+01	5.618999999999999773e+01	5.694599999999999795e+01	5.687700000000000244e+01	5.701400000000000290e+01	5.699199999999999733e+01	5.719800000000000040e+01	5.738100000000000023e+01	5.733500000000000085e+01	5.738100000000000023e+01	5.802199999999999847e+01	5.838799999999999812e+01	5.838799999999999812e+01	5.836500000000000199e+01	5.859400000000000119e+01	5.909700000000000131e+01	5.930299999999999727e+01	5.932600000000000051e+01	5.939500000000000313e+01	5.932600000000000051e+01	5.937199999999999989e+01	5.934899999999999665e+01	5.962400000000000233e+01	5.964699999999999847e+01	5.960099999999999909e+01	5.957800000000000296e+01	5.971500000000000341e+01	5.957800000000000296e+01	6.014999999999999858e+01	6.021900000000000119e+01	6.067699999999999960e+01	6.049300000000000210e+01	6.051599999999999824e+01	6.044800000000000040e+01	6.028699999999999903e+01	6.040200000000000102e+01	6.033299999999999841e+01	6.047099999999999653e+01	6.056199999999999761e+01	6.060799999999999699e+01	6.051599999999999824e+01	6.051599999999999824e+01	6.049300000000000210e+01	6.047099999999999653e+01	6.008100000000000307e+01	6.024199999999999733e+01	6.017300000000000182e+01	6.017300000000000182e+01	6.021900000000000119e+01	6.017300000000000182e+01	6.024199999999999733e+01	6.010399999999999920e+01	6.031000000000000227e+01	6.031000000000000227e+01	6.028699999999999903e+01	6.047099999999999653e+01	6.047099999999999653e+01	6.056199999999999761e+01	6.182099999999999795e+01	6.275900000000000034e+01	6.259899999999999665e+01	6.298799999999999955e+01	6.294299999999999784e+01	6.287400000000000233e+01	6.282800000000000296e+01	6.282800000000000296e+01	6.275900000000000034e+01	6.285099999999999909e+01	6.301100000000000279e+01	6.417799999999999727e+01	6.401800000000000068e+01	6.392699999999999960e+01	6.381199999999999761e+01	6.383500000000000085e+01	6.381199999999999761e+01	6.367499999999999716e+01	6.367499999999999716e+01	6.367499999999999716e+01
1.000000000000000000e+00	2.560040000000000191e+02	2.262270000000000039e+02	2.005920000000000130e+02	1.779559999999999889e+02	1.603549999999999898e+02	1.445850000000000080e+02	1.327059999999999889e+02	1.239620000000000033e+02	1.166610000000000014e+02	1.101839999999999975e+02	1.064069999999999965e+02	1.031569999999999965e+02	1.000669999999999931e+02	9.805299999999999727e+01	9.617600000000000193e+01	9.388700000000000045e+01	9.274299999999999500e+01	9.084300000000000352e+01	8.976699999999999591e+01	8.759300000000000352e+01	8.594499999999999318e+01	8.363299999999999557e+01	8.232899999999999352e+01	8.054399999999999693e+01	7.976500000000000057e+01	7.843800000000000239e+01	7.823199999999999932e+01	7.722499999999999432e+01	7.683599999999999852e+01	7.665300000000000580e+01	7.633199999999999363e+01	7.656100000000000705e+01	7.635500000000000398e+01	7.621800000000000352e+01	7.619499999999999318e+01	7.635500000000000398e+01	7.635500000000000398e+01	7.642400000000000659e+01	7.651500000000000057e+01	7.669799999999999329e+01	7.690399999999999636e+01	7.704200000000000159e+01	7.720199999999999818e+01	7.743099999999999739e+01	7.756799999999999784e+01	7.775100000000000477e+01	7.779699999999999704e+01	7.816299999999999670e+01	7.887300000000000466e+01	7.868999999999999773e+01	7.942199999999999704e+01	7.960500000000000398e+01	7.992600000000000193e+01	8.075000000000000000e+01	8.116100000000000136e+01	8.177899999999999636e+01	8.205400000000000205e+01	8.226000000000000512e+01	8.278700000000000614e+01	8.319899999999999807e+01	8.411400000000000432e+01	8.436599999999999966e+01	8.473199999999999932e+01	8.516700000000000159e+01	8.573900000000000432e+01	8.624299999999999500e+01	8.747899999999999920e+01	8.828000000000000114e+01	8.901200000000000045e+01	8.958400000000000318e+01	9.045399999999999352e+01	9.134699999999999420e+01	9.240000000000000568e+01	9.333799999999999386e+01	9.484900000000000375e+01	9.583299999999999841e+01	9.709199999999999875e+01	9.878499999999999659e+01	1.005250000000000057e+02	1.023790000000000049e+02	1.045070000000000050e+02	1.070019999999999953e+02	1.096800000000000068e+02	1.130909999999999940e+02	1.161119999999999948e+02	1.195679999999999978e+02	1.232759999999999962e+02	1.271209999999999951e+02	1.315380000000000109e+02	1.358640000000000043e+02	1.407390000000000043e+02	1.455459999999999923e+02	1.500089999999999861e+02	1.543580000000000041e+02	1.588439999999999941e+02	1.643830000000000098e+02	1.683199999999999932e+02	1.723019999999999925e+02	1.755980000000000132e+02	1.786419999999999959e+02	1.829449999999999932e+02	1.860579999999999927e+02	1.885989999999999895e+02	1.909790000000000134e+02	1.933139999999999930e+02	1.952129999999999939e+02	1.970670000000000073e+02	1.988979999999999961e+02	2.004550000000000125e+02	2.024230000000000018e+02	2.038880000000000052e+02	2.058110000000000070e+02	2.066570000000000107e+02	2.083509999999999991e+02	2.093580000000000041e+02	2.101819999999999879e+02	2.109600000000000080e+02	2.119449999999999932e+02	2.128139999999999930e+02	2.135469999999999970e+02	2.151030000000000086e+02	2.157669999999999959e+02	2.162249999999999943e+02	2.165219999999999914e+02	2.168199999999999932e+02	2.173460000000000036e+02	2.176670000000000016e+02	2.178499999999999943e+02	2.181699999999999875e+02	2.185360000000000014e+02	2.193149999999999977e+02	2.194979999999999905e+02	2.194749999999999943e+02	2.196349999999999909e+02	2.199550000000000125e+02	2.221529999999999916e+02	2.221299999999999955e+02	2.221299999999999955e+02	2.222669999999999959e+02	2.224730000000000132e+02	2.225420000000000016e+02	2.228389999999999986e+02	2.226330000000000098e+02	2.229079999999999870e+02	2.232280000000000086e+02	2.230219999999999914e+02	2.231370000000000005e+02	2.231140000000000043e+02	2.231140000000000043e+02	2.176670000000000016e+02	2.179180000000000064e+02	2.173689999999999998e+02	2.174610000000000127e+02	2.177350000000000136e+02	2.183990000000000009e+02	2.184910000000000139e+02	2.187880000000000109e+02	2.190399999999999920e+02	2.189029999999999916e+02	2.190399999999999920e+02	2.190169999999999959e+02	2.191090000000000089e+02	2.196119999999999948e+02	2.195209999999999866e+02	2.194979999999999905e+02	2.193369999999999891e+02	2.194979999999999905e+02	2.195889999999999986e+02	2.194979999999999905e+02	2.195889999999999986e+02	2.195660000000000025e+02	2.193830000000000098e+02	2.197489999999999952e+02	2.197270000000000039e+02	2.196579999999999870e+02	2.196579999999999870e+02	2.196579999999999870e+02	2.194060000000000059e+02	2.193369999999999891e+02	2.192690000000000055e+02	2.197270000000000039e+02	2.193600000000000136e+02	2.192460000000000093e+02	2.195430000000000064e+02	2.191769999999999925e+02	2.193830000000000098e+02	2.192920000000000016e+02	2.194060000000000059e+02	2.194060000000000059e+02
1.000000000000000000e+00	2.270509999999999877e+02	2.069780000000000086e+02	1.886220000000000141e+02	1.734010000000000105e+02	1.599430000000000121e+02	1.482930000000000064e+02	1.386109999999999900e+02	1.298449999999999989e+02	1.235960000000000036e+02	1.178970000000000056e+02	1.134800000000000040e+02	1.097259999999999991e+02	1.068649999999999949e+02	1.046910000000000025e+02	1.023559999999999945e+02	1.009140000000000015e+02	9.974699999999999989e+01	9.837300000000000466e+01	9.764100000000000534e+01	9.670300000000000296e+01	9.548999999999999488e+01	9.530599999999999739e+01	9.448199999999999932e+01	9.464300000000000068e+01	9.409300000000000352e+01	9.404800000000000182e+01	9.425400000000000489e+01	9.384199999999999875e+01	9.384199999999999875e+01	9.400199999999999534e+01	9.388700000000000045e+01	9.406999999999999318e+01	9.432200000000000273e+01	9.420799999999999841e+01	9.434499999999999886e+01	9.459699999999999420e+01	9.452800000000000580e+01	9.475700000000000500e+01	9.498600000000000421e+01	9.537500000000000000e+01	9.535200000000000387e+01	9.553499999999999659e+01	9.608499999999999375e+01	9.606199999999999761e+01	9.624500000000000455e+01	9.679399999999999693e+01	9.679399999999999693e+01	9.704600000000000648e+01	9.743500000000000227e+01	9.793899999999999295e+01	9.793899999999999295e+01	9.805299999999999727e+01	9.835099999999999909e+01	9.860200000000000387e+01	9.890000000000000568e+01	9.924299999999999500e+01	9.983799999999999386e+01	9.983799999999999386e+01	1.003190000000000026e+02	1.008679999999999950e+02	1.009369999999999976e+02	1.012570000000000050e+02	1.016239999999999952e+02	1.022870000000000061e+02	1.024020000000000010e+02	1.026760000000000019e+02	1.031800000000000068e+02	1.034090000000000060e+02	1.035000000000000000e+02	1.037980000000000018e+02	1.042560000000000002e+02	1.046680000000000064e+02	1.049189999999999969e+02	1.053769999999999953e+02	1.057429999999999950e+02	1.059719999999999942e+02	1.063389999999999986e+02	1.066820000000000022e+02	1.068649999999999949e+02	1.072079999999999984e+02	1.072999999999999972e+02	1.078719999999999999e+02	1.081470000000000056e+02	1.084669999999999987e+02	1.090619999999999976e+02	1.092909999999999968e+02	1.095889999999999986e+02	1.098400000000000034e+02	1.100229999999999961e+02	1.101149999999999949e+02	1.106869999999999976e+02	1.108930000000000007e+02	1.114650000000000034e+02	1.116260000000000048e+02	1.119000000000000057e+02	1.119230000000000018e+02	1.122439999999999998e+02	1.125180000000000007e+02	1.128850000000000051e+02	1.132510000000000048e+02	1.134800000000000040e+02	1.138919999999999959e+02	1.141659999999999968e+02	1.143490000000000038e+02	1.146470000000000056e+02	1.149669999999999987e+02	1.154710000000000036e+02	1.157680000000000007e+02	1.161350000000000051e+02	1.165010000000000048e+02	1.168209999999999980e+02	1.170729999999999933e+02	1.173479999999999990e+02	1.178509999999999991e+02	1.182860000000000014e+02	1.186749999999999972e+02	1.191329999999999956e+02	1.197510000000000048e+02	1.201170000000000044e+02	1.207810000000000059e+02	1.212620000000000005e+02	1.217420000000000044e+02	1.225199999999999960e+02	1.232759999999999962e+02	1.238709999999999951e+02	1.245570000000000022e+02	1.252439999999999998e+02	1.262969999999999970e+02	1.272129999999999939e+02	1.283799999999999955e+02	1.294559999999999889e+02	1.305540000000000020e+02	1.318360000000000127e+02	1.331409999999999911e+02	1.345140000000000100e+02	1.360240000000000009e+02	1.375809999999999889e+02	1.392969999999999970e+02	1.410600000000000023e+02	1.430740000000000123e+02	1.452030000000000030e+02	1.472849999999999966e+02	1.496889999999999930e+02	1.536479999999999961e+02	1.558909999999999911e+02	1.583629999999999995e+02	1.610639999999999930e+02	1.637649999999999864e+02	1.667630000000000052e+02	1.698530000000000086e+02	1.729890000000000043e+02	1.762390000000000043e+02	1.794890000000000043e+02	1.828990000000000009e+02	1.862410000000000139e+02	1.897429999999999950e+02	1.931529999999999916e+02	1.964950000000000045e+02	1.997909999999999968e+02	2.032470000000000141e+02	2.063369999999999891e+02	2.096560000000000059e+02	2.126769999999999925e+02	2.152179999999999893e+02	2.183069999999999879e+02	2.210999999999999943e+02	2.236860000000000070e+02	2.261349999999999909e+02	2.286069999999999993e+02	2.309879999999999995e+02	2.331390000000000100e+02	2.350159999999999911e+02	2.370070000000000050e+02	2.391359999999999957e+02	2.409439999999999884e+02	2.427750000000000057e+02	2.443309999999999889e+02	2.457729999999999961e+02	2.472379999999999995e+02	2.487259999999999991e+02	2.499850000000000136e+02	2.512439999999999998e+02	2.526630000000000109e+02	2.536699999999999875e+02	2.546999999999999886e+02	2.555920000000000130e+02	2.565989999999999895e+02	2.575609999999999786e+02	2.586139999999999759e+02
0.000000000000000000e+00	2.937239999999999895e+02	2.736970000000000027e+02	2.546769999999999925e+02	2.364579999999999984e+02	2.185819999999999936e+02	2.034070000000000107e+02	1.894449999999999932e+02	1.772920000000000016e+02	1.687090000000000032e+02	1.627119999999999891e+02	1.590730000000000075e+02	1.541980000000000075e+02	1.506270000000000095e+02	1.476750000000000114e+02	1.453400000000000034e+02	1.431430000000000007e+02	1.409000000000000057e+02	1.391599999999999966e+02	1.374439999999999884e+02	1.360699999999999932e+02	1.342849999999999966e+02	1.314929999999999950e+02	1.279449999999999932e+02	1.248089999999999975e+02	1.222229999999999990e+02	1.198199999999999932e+02	1.179200000000000017e+02	1.163179999999999978e+02	1.153110000000000070e+02	1.146239999999999952e+02	1.137309999999999945e+02	1.135250000000000057e+02	1.132279999999999944e+02	1.132740000000000009e+02	1.138919999999999959e+02	1.143259999999999934e+02	1.147609999999999957e+02	1.154479999999999933e+02	1.164320000000000022e+02	1.173709999999999951e+02	1.186290000000000049e+02	1.198649999999999949e+02	1.208949999999999960e+02	1.223139999999999930e+02	1.237109999999999985e+02	1.247630000000000052e+02	1.261140000000000043e+02	1.274189999999999969e+02	1.289290000000000020e+02	1.304859999999999900e+02	1.322249999999999943e+02	1.330949999999999989e+02	1.333919999999999959e+02	1.334840000000000089e+02	1.336899999999999977e+02	1.337589999999999861e+02	1.335749999999999886e+02	1.337810000000000059e+02	1.339650000000000034e+02	1.341250000000000000e+02	1.343079999999999927e+02	1.346510000000000105e+02	1.343770000000000095e+02	1.350399999999999920e+02	1.353839999999999861e+02	1.353839999999999861e+02	1.354060000000000059e+02	1.358180000000000121e+02	1.358410000000000082e+02	1.370089999999999861e+02	1.371690000000000111e+02	1.374209999999999923e+02	1.395949999999999989e+02	1.387709999999999866e+02	1.390229999999999961e+02	1.389540000000000077e+02	1.392520000000000095e+02	1.393429999999999893e+02	1.393660000000000139e+02	1.398470000000000084e+02	1.399610000000000127e+02	1.399840000000000089e+02	1.401670000000000016e+02	1.403499999999999943e+02	1.403269999999999982e+02	1.403499999999999943e+02	1.405329999999999870e+02	1.405560000000000116e+02	1.407620000000000005e+02	1.407849999999999966e+02	1.407170000000000130e+02	1.410600000000000023e+02	1.410829999999999984e+02	1.410829999999999984e+02	1.413120000000000118e+02	1.412889999999999873e+02	1.411740000000000066e+02	1.414029999999999916e+02	1.414029999999999916e+02	1.415180000000000007e+02	1.420209999999999866e+02	1.419530000000000030e+02	1.419530000000000030e+02	1.420440000000000111e+02	1.424329999999999927e+02	1.423650000000000091e+02	1.425250000000000057e+02	1.426160000000000139e+02	1.425020000000000095e+02	1.425699999999999932e+02	1.425929999999999893e+02	1.426390000000000100e+02	1.425480000000000018e+02	1.430740000000000123e+02	1.430509999999999877e+02	1.431430000000000007e+02	1.433029999999999973e+02	1.437839999999999918e+02	1.433029999999999973e+02	1.434629999999999939e+02	1.433720000000000141e+02	1.435089999999999861e+02	1.434859999999999900e+02	1.434170000000000016e+02	1.432800000000000011e+02	1.434859999999999900e+02	1.434629999999999939e+02	1.435320000000000107e+02	1.437379999999999995e+02	1.436459999999999866e+02	1.438520000000000039e+02	1.436920000000000073e+02	1.437609999999999957e+02	1.439209999999999923e+02	1.438520000000000039e+02	1.438060000000000116e+02	1.438520000000000039e+02	1.439670000000000130e+02	1.439439999999999884e+02	1.439900000000000091e+02	1.441959999999999980e+02	1.440579999999999927e+02	1.441959999999999980e+02	1.441959999999999980e+02	1.440120000000000005e+02	1.441730000000000018e+02	1.440809999999999889e+02	1.441730000000000018e+02	1.441500000000000057e+02	1.441270000000000095e+02	1.440120000000000005e+02	1.441270000000000095e+02	1.440809999999999889e+02	1.440579999999999927e+02	1.442179999999999893e+02	1.441730000000000018e+02	1.441040000000000134e+02	1.442640000000000100e+02	1.444240000000000066e+02	1.441500000000000057e+02	1.444240000000000066e+02	1.442870000000000061e+02	1.442410000000000139e+02	1.443559999999999945e+02	1.442870000000000061e+02	1.442410000000000139e+02	1.443100000000000023e+02	1.442870000000000061e+02	1.442410000000000139e+02	1.443100000000000023e+02	1.443100000000000023e+02	1.443789999999999907e+02	1.444470000000000027e+02	1.444240000000000066e+02	1.443789999999999907e+02	1.443789999999999907e+02	1.444019999999999868e+02	1.443789999999999907e+02	1.443329999999999984e+02	1.444240000000000066e+02	1.442870000000000061e+02	1.444699999999999989e+02	1.443100000000000023e+02	1.443329999999999984e+02	1.443559999999999945e+02	1.443329999999999984e+02	1.441959999999999980e+02	1.442410000000000139e+02	1.442870000000000061e+02
0.000000000000000000e+00	2.073669999999999902e+02	1.906359999999999957e+02	1.756210000000000093e+02	1.612009999999999934e+02	1.488189999999999884e+02	1.378100000000000023e+02	1.290209999999999866e+02	1.220169999999999959e+02	1.159060000000000059e+02	1.118089999999999975e+02	1.082150000000000034e+02	1.059950000000000045e+02	1.046910000000000025e+02	1.028370000000000033e+02	1.012120000000000033e+02	9.963200000000000500e+01	9.800700000000000500e+01	9.656499999999999773e+01	9.519199999999999307e+01	9.340699999999999648e+01	9.184999999999999432e+01	9.031699999999999307e+01	8.910399999999999920e+01	8.782200000000000273e+01	8.667799999999999727e+01	8.539600000000000080e+01	8.438899999999999579e+01	8.349599999999999511e+01	8.255800000000000693e+01	8.214600000000000080e+01	8.129900000000000659e+01	8.120699999999999363e+01	8.045199999999999818e+01	7.994799999999999329e+01	7.949099999999999966e+01	7.903300000000000125e+01	7.887300000000000466e+01	7.868999999999999773e+01	7.843800000000000239e+01	7.818600000000000705e+01	7.798000000000000398e+01	7.788800000000000523e+01	7.763700000000000045e+01	7.754500000000000171e+01	7.747700000000000387e+01	7.713299999999999557e+01	7.765999999999999659e+01	7.768200000000000216e+01	7.761400000000000432e+01	7.722499999999999432e+01	7.717900000000000205e+01	7.754500000000000171e+01	7.761400000000000432e+01	7.759099999999999397e+01	7.733899999999999864e+01	7.704200000000000159e+01	7.690399999999999636e+01	7.676699999999999591e+01	7.676699999999999591e+01	7.676699999999999591e+01	7.667499999999999716e+01	7.660699999999999932e+01	7.646899999999999409e+01	7.665300000000000580e+01	7.676699999999999591e+01	7.665300000000000580e+01	7.649200000000000443e+01	7.635500000000000398e+01	7.626300000000000523e+01	7.614900000000000091e+01	7.594299999999999784e+01	7.612600000000000477e+01	7.610299999999999443e+01	7.607999999999999829e+01	7.598900000000000432e+01	7.614900000000000091e+01	7.614900000000000091e+01	7.630899999999999750e+01	7.633199999999999363e+01	7.646899999999999409e+01	7.665300000000000580e+01	7.724800000000000466e+01	7.729300000000000637e+01	7.882699999999999818e+01	7.889600000000000080e+01	7.887300000000000466e+01	7.882699999999999818e+01	7.889600000000000080e+01	7.891800000000000637e+01	7.894100000000000250e+01	7.896399999999999864e+01	7.894100000000000250e+01	7.907899999999999352e+01	7.905599999999999739e+01	7.914700000000000557e+01	7.942199999999999704e+01	7.958199999999999363e+01	7.958199999999999363e+01	7.946800000000000352e+01	7.944499999999999318e+01	7.937600000000000477e+01	7.912399999999999523e+01	7.896399999999999864e+01	7.896399999999999864e+01	7.889600000000000080e+01	7.878100000000000591e+01	7.868999999999999773e+01	7.864400000000000546e+01	7.866700000000000159e+01	7.866700000000000159e+01	7.846099999999999852e+01	7.878100000000000591e+01	7.896399999999999864e+01	7.884999999999999432e+01	7.887300000000000466e+01	7.878100000000000591e+01	7.903300000000000125e+01	7.907899999999999352e+01	7.905599999999999739e+01	7.910200000000000387e+01	7.910200000000000387e+01	7.928499999999999659e+01	7.939900000000000091e+01	7.937600000000000477e+01	7.949099999999999966e+01	7.967400000000000659e+01	7.983400000000000318e+01	8.008599999999999852e+01	8.001699999999999591e+01	8.010899999999999466e+01	8.056600000000000250e+01	8.054399999999999693e+01	8.056600000000000250e+01	8.090999999999999659e+01	8.093300000000000693e+01	8.109300000000000352e+01	8.123000000000000398e+01	8.127599999999999625e+01	8.141299999999999670e+01	8.152800000000000580e+01	8.161899999999999977e+01	8.191700000000000159e+01	8.207699999999999818e+01	8.212300000000000466e+01	8.228300000000000125e+01	8.244299999999999784e+01	8.258100000000000307e+01	8.280899999999999750e+01	8.287800000000000011e+01	8.301500000000000057e+01	8.324399999999999977e+01	8.331300000000000239e+01	8.342700000000000671e+01	8.372499999999999432e+01	8.386199999999999477e+01	8.400000000000000000e+01	8.415999999999999659e+01	8.441200000000000614e+01	8.448000000000000398e+01	8.459499999999999886e+01	8.473199999999999932e+01	8.518999999999999773e+01	8.525799999999999557e+01	8.541899999999999693e+01	8.544199999999999307e+01	8.562500000000000000e+01	8.571599999999999397e+01	8.596800000000000352e+01	8.599099999999999966e+01	8.619700000000000273e+01	8.644899999999999807e+01	8.658599999999999852e+01	8.663200000000000500e+01	8.683799999999999386e+01	8.699800000000000466e+01	8.725000000000000000e+01	8.740999999999999659e+01	8.759300000000000352e+01	8.768500000000000227e+01	8.791400000000000148e+01	8.812000000000000455e+01	8.825700000000000500e+01	8.841700000000000159e+01	8.857699999999999818e+01	8.878300000000000125e+01	8.889799999999999613e+01	8.912699999999999534e+01	8.935500000000000398e+01	8.956100000000000705e+01
1.000000000000000000e+00	2.636720000000000255e+02	2.243959999999999866e+02	1.935420000000000016e+02	1.694410000000000025e+02	1.503520000000000039e+02	1.362760000000000105e+02	1.258850000000000051e+02	1.188580000000000041e+02	1.127469999999999999e+02	1.090160000000000053e+02	1.054459999999999980e+02	1.027219999999999942e+02	9.956399999999999295e+01	9.700000000000000000e+01	9.484900000000000375e+01	9.299500000000000455e+01	9.093500000000000227e+01	8.839400000000000546e+01	8.530400000000000205e+01	8.255800000000000693e+01	8.013200000000000500e+01	7.793399999999999750e+01	7.644700000000000273e+01	7.489000000000000057e+01	7.331100000000000705e+01	7.221200000000000330e+01	7.129699999999999704e+01	7.047299999999999898e+01	6.978600000000000136e+01	6.921399999999999864e+01	6.859600000000000364e+01	6.836700000000000443e+01	6.793200000000000216e+01	6.784099999999999397e+01	6.747400000000000375e+01	6.745099999999999341e+01	6.738299999999999557e+01	6.690200000000000102e+01	6.713100000000000023e+01	6.724500000000000455e+01	6.697100000000000364e+01	6.701699999999999591e+01	6.720000000000000284e+01	6.717700000000000671e+01	6.742900000000000205e+01	6.754300000000000637e+01	6.761199999999999477e+01	6.770300000000000296e+01	6.758899999999999864e+01	6.756600000000000250e+01	6.793200000000000216e+01	6.811499999999999488e+01	6.841299999999999670e+01	6.848099999999999454e+01	6.868699999999999761e+01	6.921399999999999864e+01	6.994599999999999795e+01	7.022100000000000364e+01	7.047299999999999898e+01	7.120499999999999829e+01	7.129699999999999704e+01	7.184600000000000364e+01	7.225799999999999557e+01	7.264700000000000557e+01	7.301300000000000523e+01	7.347100000000000364e+01	7.408899999999999864e+01	7.473000000000000398e+01	7.553100000000000591e+01	7.612600000000000477e+01	7.672100000000000364e+01	7.727100000000000080e+01	7.795699999999999363e+01	7.880400000000000205e+01	7.985699999999999932e+01	8.086400000000000432e+01	8.214600000000000080e+01	8.338200000000000500e+01	8.525799999999999557e+01	8.763899999999999579e+01	8.928700000000000614e+01	9.107200000000000273e+01	9.304000000000000625e+01	9.542100000000000648e+01	9.796099999999999852e+01	1.005939999999999941e+02	1.036149999999999949e+02	1.070250000000000057e+02	1.102069999999999936e+02	1.134339999999999975e+02	1.168209999999999980e+02	1.202549999999999955e+02	1.236419999999999959e+02	1.271209999999999951e+02	1.307369999999999948e+02	1.340790000000000077e+02	1.373750000000000000e+02	1.405560000000000116e+02	1.437150000000000034e+02	1.466450000000000102e+02	1.493230000000000075e+02	1.519780000000000086e+02	1.547239999999999895e+02	1.577909999999999968e+02	1.600109999999999957e+02	1.622539999999999907e+02	1.645430000000000064e+02	1.663060000000000116e+02	1.682050000000000125e+02	1.702880000000000109e+02	1.718439999999999941e+02	1.732640000000000100e+02	1.745680000000000121e+02	1.759869999999999948e+02	1.773609999999999900e+02	1.789629999999999939e+02	1.802669999999999959e+02	1.811599999999999966e+02	1.823959999999999866e+02	1.834259999999999877e+02	1.845469999999999970e+02	1.851649999999999920e+02	1.861040000000000134e+02	1.870649999999999977e+02	1.880949999999999989e+02	1.889650000000000034e+02	1.898350000000000080e+02	1.909559999999999889e+02	1.920320000000000107e+02	1.930389999999999873e+02	1.940689999999999884e+02	1.947100000000000080e+02	1.954879999999999995e+02	1.964720000000000084e+02	1.973650000000000091e+02	1.980970000000000084e+02	1.989900000000000091e+02	1.999970000000000141e+02	2.006150000000000091e+02	2.015529999999999973e+02	2.023319999999999936e+02	2.030869999999999891e+02	2.038880000000000052e+02	2.048259999999999934e+02	2.054670000000000130e+02	2.063369999999999891e+02	2.069319999999999879e+02	2.078019999999999925e+02	2.086719999999999970e+02	2.088549999999999898e+02	2.093350000000000080e+02	2.100680000000000121e+02	2.105939999999999941e+02	2.111659999999999968e+02	2.118530000000000086e+02	2.123110000000000070e+02	2.128600000000000136e+02	2.135010000000000048e+02	2.138899999999999864e+02	2.142560000000000002e+02	2.147599999999999909e+02	2.150800000000000125e+02	2.154010000000000105e+02	2.158580000000000041e+02	2.162249999999999943e+02	2.166140000000000043e+02	2.170490000000000066e+02	2.174379999999999882e+02	2.175519999999999925e+02	2.179410000000000025e+02	2.183069999999999879e+02	2.185130000000000052e+02	2.189480000000000075e+02	2.193600000000000136e+02	2.197270000000000039e+02	2.201390000000000100e+02	2.205279999999999916e+02	2.209170000000000016e+02	2.213290000000000077e+02	2.216949999999999932e+02	2.219010000000000105e+02	2.222669999999999959e+02	2.230219999999999914e+02	2.229770000000000039e+02	2.235490000000000066e+02	2.242129999999999939e+02	2.244190000000000111e+02	2.248540000000000134e+02	2.252659999999999911e+02
1.000000000000000000e+00	2.889859999999999900e+02	2.599870000000000232e+02	2.335049999999999955e+02	2.097700000000000102e+02	1.892400000000000091e+02	1.713180000000000121e+02	1.562119999999999891e+02	1.429600000000000080e+02	1.329350000000000023e+02	1.250840000000000032e+02	1.181490000000000009e+02	1.127699999999999960e+02	1.099090000000000060e+02	1.060409999999999968e+02	1.030879999999999939e+02	1.004789999999999992e+02	9.821299999999999386e+01	9.633599999999999852e+01	9.498600000000000421e+01	9.326900000000000546e+01	9.137000000000000455e+01	8.910399999999999920e+01	8.727299999999999613e+01	8.562500000000000000e+01	8.411400000000000432e+01	8.271800000000000352e+01	8.161899999999999977e+01	8.081799999999999784e+01	8.010899999999999466e+01	7.955899999999999750e+01	7.903300000000000125e+01	7.871200000000000330e+01	7.848399999999999466e+01	7.820900000000000318e+01	7.795699999999999363e+01	7.791100000000000136e+01	7.798000000000000398e+01	7.802599999999999625e+01	7.836899999999999977e+01	7.878100000000000591e+01	7.894100000000000250e+01	7.921599999999999397e+01	7.967400000000000659e+01	8.008599999999999852e+01	8.063500000000000512e+01	8.127599999999999625e+01	8.184799999999999898e+01	8.235200000000000387e+01	8.299299999999999500e+01	8.367900000000000205e+01	8.448000000000000398e+01	8.512099999999999511e+01	8.583100000000000307e+01	8.656300000000000239e+01	8.725000000000000000e+01	8.805100000000000193e+01	8.885200000000000387e+01	8.960699999999999932e+01	9.029399999999999693e+01	9.116400000000000148e+01	9.198799999999999955e+01	9.297199999999999420e+01	9.388700000000000045e+01	9.505500000000000682e+01	9.608499999999999375e+01	9.709199999999999875e+01	9.828199999999999648e+01	9.915200000000000102e+01	1.001129999999999995e+02	1.007999999999999972e+02	1.016460000000000008e+02	1.021730000000000018e+02	1.027450000000000045e+02	1.033169999999999931e+02	1.038889999999999958e+02	1.045529999999999973e+02	1.052630000000000052e+02	1.060870000000000033e+02	1.070709999999999980e+02	1.081700000000000017e+02	1.092450000000000045e+02	1.105499999999999972e+02	1.119230000000000018e+02	1.137079999999999984e+02	1.157000000000000028e+02	1.176910000000000025e+02	1.197969999999999970e+02	1.223139999999999930e+02	1.251979999999999933e+02	1.282649999999999864e+02	1.316069999999999993e+02	1.351779999999999973e+02	1.390229999999999961e+02	1.430279999999999916e+02	1.472400000000000091e+02	1.514739999999999895e+02	1.559370000000000118e+02	1.604919999999999902e+02	1.649550000000000125e+02	1.695560000000000116e+02	1.737899999999999920e+02	1.781390000000000100e+02	1.823729999999999905e+02	1.866069999999999993e+02	1.905670000000000073e+02	1.945500000000000114e+02	1.976850000000000023e+02	2.010039999999999907e+02	2.040250000000000057e+02	2.068859999999999957e+02	2.095639999999999930e+02	2.122649999999999864e+02	2.146680000000000064e+02	2.166819999999999879e+02	2.186740000000000066e+02	2.205730000000000075e+02	2.223360000000000127e+02	2.238240000000000123e+02	2.253110000000000070e+02	2.264559999999999889e+02	2.277150000000000034e+02	2.287899999999999920e+02	2.298199999999999932e+02	2.304610000000000127e+02	2.314449999999999932e+02	2.323609999999999900e+02	2.330699999999999932e+02	2.336430000000000007e+02	2.344670000000000130e+02	2.356800000000000068e+02	2.357030000000000030e+02	2.362520000000000095e+02	2.369379999999999882e+02	2.370070000000000050e+02	2.373729999999999905e+02	2.376250000000000000e+02	2.384029999999999916e+02	2.384490000000000123e+02	2.384259999999999877e+02	2.392270000000000039e+02	2.387009999999999934e+02	2.392500000000000000e+02	2.393650000000000091e+02	2.393880000000000052e+02	2.401889999999999930e+02	2.397769999999999868e+02	2.400509999999999877e+02	2.403950000000000102e+02	2.413329999999999984e+02	2.410130000000000052e+02	2.417450000000000045e+02	2.416310000000000002e+02	2.423170000000000073e+02	2.418590000000000089e+02	2.419739999999999895e+02	2.420649999999999977e+02	2.418820000000000050e+02	2.419509999999999934e+02	2.420200000000000102e+02	2.419970000000000141e+02	2.420200000000000102e+02	2.420200000000000102e+02	2.444000000000000057e+02	2.442170000000000130e+02	2.441709999999999923e+02	2.434619999999999891e+02	2.436680000000000064e+02	2.436220000000000141e+02	2.433930000000000007e+02	2.431409999999999911e+02	2.430269999999999868e+02	2.428439999999999941e+02	2.429809999999999945e+02	2.427059999999999889e+02	2.426150000000000091e+02	2.427059999999999889e+02	2.427290000000000134e+02	2.427750000000000057e+02	2.428890000000000100e+02	2.435529999999999973e+02	1.300509999999999877e+02	1.298449999999999989e+02	1.300049999999999955e+02	1.296390000000000100e+02	1.294559999999999889e+02	1.291810000000000116e+02	1.295240000000000009e+02	1.299590000000000032e+02	1.300049999999999955e+02
0.000000000000000000e+00	2.113720000000000141e+02	1.903609999999999900e+02	1.717529999999999859e+02	1.576539999999999964e+02	1.414950000000000045e+02	1.298899999999999864e+02	1.202770000000000010e+02	1.113509999999999991e+02	1.029509999999999934e+02	9.576399999999999579e+01	8.905800000000000693e+01	8.457200000000000273e+01	8.049800000000000466e+01	7.754500000000000171e+01	7.504999999999999716e+01	7.292199999999999704e+01	7.067900000000000205e+01	6.852700000000000102e+01	6.639900000000000091e+01	6.415600000000000591e+01	6.189000000000000057e+01	6.008100000000000307e+01	5.818200000000000216e+01	5.669400000000000261e+01	5.509199999999999875e+01	5.403900000000000148e+01	5.298599999999999710e+01	5.248299999999999699e+01	5.181900000000000261e+01	5.090299999999999869e+01	5.049099999999999966e+01	4.994200000000000017e+01	4.941599999999999682e+01	4.916400000000000148e+01	4.882000000000000028e+01	4.865999999999999659e+01	4.831700000000000017e+01	4.806499999999999773e+01	4.804200000000000159e+01	4.799699999999999989e+01	4.772200000000000131e+01	4.765299999999999869e+01	4.776800000000000068e+01	4.746999999999999886e+01	4.726400000000000290e+01	4.717300000000000182e+01	4.701200000000000045e+01	4.687500000000000000e+01	4.710399999999999920e+01	4.710399999999999920e+01	4.701200000000000045e+01	4.701200000000000045e+01	4.733299999999999841e+01	4.703499999999999659e+01	4.724099999999999966e+01	4.726400000000000290e+01	4.714999999999999858e+01	4.703499999999999659e+01	4.694400000000000261e+01	4.696699999999999875e+01	4.735600000000000165e+01	4.737899999999999778e+01	4.708100000000000307e+01	4.808800000000000097e+01	4.779099999999999682e+01	4.776800000000000068e+01	4.769899999999999807e+01	4.763000000000000256e+01	4.767600000000000193e+01	4.756199999999999761e+01	4.749300000000000210e+01	4.820300000000000296e+01	4.907200000000000273e+01	4.875200000000000244e+01	4.882000000000000028e+01	4.882000000000000028e+01	4.861500000000000199e+01	4.884300000000000352e+01	4.909499999999999886e+01	4.932399999999999807e+01	4.927799999999999869e+01	4.907200000000000273e+01	4.964399999999999835e+01	4.943800000000000239e+01	4.934700000000000131e+01	4.964399999999999835e+01	5.019400000000000261e+01	5.062899999999999778e+01	5.037700000000000244e+01	5.017099999999999937e+01	5.024000000000000199e+01	5.037700000000000244e+01	5.039999999999999858e+01	5.051400000000000290e+01	5.085799999999999699e+01	5.081199999999999761e+01	5.140699999999999648e+01	5.149799999999999756e+01	5.200200000000000244e+01	5.197899999999999920e+01	5.190999999999999659e+01	5.220799999999999841e+01	5.273400000000000176e+01	5.296300000000000097e+01	5.293999999999999773e+01	5.305499999999999972e+01	5.349000000000000199e+01	5.396999999999999886e+01	5.413100000000000023e+01	5.422200000000000131e+01	5.445100000000000051e+01	5.463400000000000034e+01	5.467999999999999972e+01	5.506900000000000261e+01	5.554999999999999716e+01	5.607600000000000051e+01	5.676299999999999812e+01	5.724300000000000210e+01	5.797599999999999909e+01	5.893699999999999761e+01	5.953199999999999648e+01	6.017300000000000182e+01	6.095100000000000051e+01	6.170700000000000074e+01	6.282800000000000296e+01	6.383500000000000085e+01	6.475100000000000477e+01	6.568899999999999295e+01	6.674200000000000443e+01	6.880200000000000671e+01	7.012900000000000489e+01	7.164000000000000057e+01	7.280700000000000216e+01	7.420300000000000296e+01	7.537099999999999511e+01	7.660699999999999932e+01	7.765999999999999659e+01	7.923900000000000432e+01	8.033799999999999386e+01	8.148199999999999932e+01	8.258100000000000307e+01	8.361100000000000421e+01	8.470900000000000318e+01	8.569299999999999784e+01	8.663200000000000500e+01	8.756999999999999318e+01	8.857699999999999818e+01	8.949299999999999500e+01	9.036299999999999955e+01	9.111799999999999500e+01	9.189600000000000080e+01	9.262800000000000011e+01	9.329200000000000159e+01	9.420799999999999841e+01	9.462000000000000455e+01	9.528400000000000603e+01	9.596999999999999886e+01	9.668000000000000682e+01	9.732099999999999795e+01	9.803000000000000114e+01	9.841899999999999693e+01	9.887699999999999534e+01	1.004789999999999992e+02	1.029740000000000038e+02	1.039350000000000023e+02	1.047819999999999965e+02	1.055600000000000023e+02	1.063160000000000025e+02	1.070709999999999980e+02	1.076889999999999930e+02	1.083529999999999944e+02	1.088559999999999945e+02	1.092219999999999942e+02	1.100010000000000048e+02	1.105270000000000010e+02	1.109849999999999994e+02	1.114879999999999995e+02	1.120610000000000070e+02	1.125180000000000007e+02	1.130220000000000056e+02	1.133190000000000026e+02	1.147840000000000060e+02	1.145100000000000051e+02	1.149219999999999970e+02	1.154710000000000036e+02	1.159740000000000038e+02	1.165919999999999987e+02	1.169360000000000070e+02	1.175990000000000038e+02
0.000000000000000000e+00	4.567570000000000050e+02	4.038159999999999741e+02	3.595280000000000200e+02	3.212130000000000223e+02	2.906800000000000068e+02	2.642440000000000282e+02	2.444000000000000057e+02	2.285389999999999873e+02	2.162019999999999982e+02	2.048489999999999895e+02	1.959459999999999980e+02	1.888499999999999943e+02	1.824650000000000034e+02	1.775440000000000111e+02	1.731260000000000048e+02	1.697160000000000082e+02	1.666490000000000009e+02	1.640399999999999920e+02	1.613849999999999909e+02	1.590960000000000036e+02	1.568979999999999961e+02	1.547930000000000064e+02	1.528930000000000007e+02	1.504900000000000091e+02	1.481320000000000050e+02	1.460490000000000066e+02	1.443789999999999907e+02	1.429139999999999873e+02	1.414490000000000123e+02	1.405109999999999957e+02	1.394809999999999945e+02	1.384739999999999895e+02	1.379929999999999950e+02	1.379240000000000066e+02	1.375349999999999966e+02	1.376949999999999932e+02	1.376719999999999970e+02	1.374660000000000082e+02	1.376040000000000134e+02	1.375809999999999889e+02	1.377179999999999893e+02	1.386570000000000107e+02	1.395029999999999859e+02	1.396639999999999873e+02	1.400529999999999973e+02	1.408770000000000095e+02	1.411740000000000066e+02	1.417690000000000055e+02	1.423420000000000130e+02	1.429139999999999873e+02	1.436920000000000073e+02	1.446529999999999916e+02	1.454319999999999879e+02	1.464159999999999968e+02	1.509929999999999950e+02	1.518170000000000073e+02	1.528019999999999925e+02	1.539689999999999941e+02	1.548389999999999986e+02	1.559139999999999873e+02	1.569670000000000130e+02	1.577909999999999968e+02	1.587750000000000057e+02	1.604000000000000057e+02	1.610409999999999968e+02	1.623230000000000075e+02	1.635360000000000014e+02	1.646119999999999948e+02	1.658940000000000055e+02	1.671069999999999993e+02	1.681589999999999918e+02	1.693499999999999943e+02	1.706539999999999964e+02	1.716380000000000052e+02	1.733319999999999936e+02	1.703110000000000070e+02	1.730800000000000125e+02	1.747280000000000086e+02	1.757810000000000059e+02	1.766510000000000105e+02	1.774979999999999905e+02	1.782760000000000105e+02	1.791690000000000111e+02	1.796949999999999932e+02	1.800380000000000109e+02	1.803360000000000127e+02	1.810680000000000121e+02	1.816639999999999873e+02	1.820529999999999973e+02	1.825560000000000116e+02	1.829910000000000139e+02	1.858750000000000000e+02	1.863779999999999859e+02	1.866299999999999955e+02	1.867450000000000045e+02	1.861500000000000057e+02	1.862179999999999893e+02	1.864470000000000027e+02	1.869050000000000011e+02	1.873170000000000073e+02	1.876599999999999966e+02	1.882779999999999916e+02	1.913679999999999950e+02	1.918259999999999934e+02	1.924209999999999923e+02	1.946179999999999950e+02	1.947100000000000080e+02	1.950759999999999934e+02	1.953050000000000068e+02	1.955339999999999918e+02	1.959000000000000057e+02	1.962429999999999950e+02	1.964039999999999964e+02	1.967930000000000064e+02	1.969530000000000030e+02	1.970440000000000111e+02	1.974110000000000014e+02	1.975250000000000057e+02	1.976169999999999902e+02	1.979830000000000041e+02	1.989209999999999923e+02	1.988979999999999961e+02	1.990130000000000052e+02	1.991270000000000095e+02	1.991500000000000057e+02	1.996080000000000041e+02	1.996769999999999925e+02	1.996539999999999964e+02	1.998369999999999891e+02	1.995389999999999873e+02	2.000200000000000102e+02	2.002719999999999914e+02	2.006150000000000091e+02	2.006610000000000014e+02	2.009579999999999984e+02	2.011870000000000118e+02	2.012560000000000002e+02	2.015080000000000098e+02	2.016680000000000064e+02	2.016680000000000064e+02	2.018509999999999991e+02	2.018969999999999914e+02	2.019650000000000034e+02	2.023540000000000134e+02	2.025600000000000023e+02	2.027210000000000036e+02	2.031330000000000098e+02	2.032470000000000141e+02	2.032470000000000141e+02	2.036589999999999918e+02	2.039339999999999975e+02	2.037959999999999923e+02	2.040709999999999980e+02	2.042309999999999945e+02	2.041169999999999902e+02	2.043460000000000036e+02	2.045060000000000002e+02	2.045289999999999964e+02	2.046889999999999930e+02	2.049869999999999948e+02	2.049410000000000025e+02	2.051930000000000121e+02	2.055130000000000052e+02	2.055589999999999975e+02	2.058110000000000070e+02	2.058329999999999984e+02	2.057189999999999941e+02	2.059710000000000036e+02	2.060389999999999873e+02	2.061080000000000041e+02	2.064290000000000020e+02	2.064290000000000020e+02	2.065200000000000102e+02	2.067030000000000030e+02	2.067030000000000030e+02	2.068410000000000082e+02	2.070240000000000009e+02	2.071150000000000091e+02	2.070920000000000130e+02	2.070689999999999884e+02	2.075039999999999907e+02	2.074360000000000070e+02	2.075269999999999868e+02	2.075269999999999868e+02	2.074579999999999984e+02	2.076639999999999873e+02	2.078249999999999886e+02	2.077100000000000080e+02	2.080080000000000098e+02
1.000000000000000000e+00	4.324259999999999877e+02	3.876109999999999900e+02	3.462300000000000182e+02	3.105470000000000255e+02	2.804030000000000200e+02	2.539670000000000130e+02	2.329559999999999889e+02	2.174149999999999920e+02	2.041169999999999902e+02	1.937030000000000030e+02	1.852800000000000011e+02	1.792139999999999986e+02	1.730579999999999927e+02	1.682280000000000086e+02	1.643369999999999891e+02	1.611330000000000098e+02	1.585920000000000130e+02	1.557309999999999945e+02	1.545869999999999891e+02	1.518400000000000034e+02	1.495060000000000002e+02	1.474910000000000139e+02	1.461179999999999950e+02	1.432340000000000089e+02	1.403499999999999943e+02	1.378329999999999984e+02	1.347889999999999873e+02	1.323389999999999986e+02	1.301649999999999920e+02	1.303249999999999886e+02	1.269839999999999947e+02	1.255420000000000016e+02	1.241910000000000025e+02	1.254270000000000067e+02	1.257249999999999943e+02	1.252210000000000036e+02	1.248550000000000040e+02	1.245349999999999966e+02	1.251749999999999972e+02	1.242830000000000013e+02	1.244200000000000017e+02	1.244659999999999940e+02	1.246719999999999970e+02	1.263659999999999997e+02	1.276020000000000039e+02	1.282649999999999864e+02	1.288379999999999939e+02	1.297069999999999936e+02	1.304170000000000016e+02	1.312870000000000061e+02	1.316299999999999955e+02	1.348569999999999993e+02	1.360240000000000009e+02	1.383820000000000050e+02	1.388400000000000034e+02	1.399840000000000089e+02	1.407849999999999966e+02	1.416090000000000089e+02	1.424329999999999927e+02	1.433489999999999895e+02	1.442410000000000139e+02	1.452259999999999991e+02	1.482009999999999934e+02	1.491169999999999902e+02	1.502150000000000034e+02	1.507870000000000061e+02	1.517259999999999991e+02	1.527789999999999964e+02	1.540600000000000023e+02	1.549759999999999991e+02	1.561200000000000045e+02	1.568069999999999879e+02	1.577450000000000045e+02	1.586839999999999975e+02	1.593019999999999925e+02	1.601260000000000048e+02	1.613160000000000025e+02	1.620029999999999859e+02	1.628720000000000141e+02	1.638789999999999907e+02	1.648859999999999957e+02	1.658249999999999886e+02	1.667630000000000052e+02	1.679310000000000116e+02	1.685490000000000066e+02	1.692119999999999891e+02	1.697390000000000043e+02	1.704250000000000114e+02	1.707920000000000016e+02	1.712949999999999875e+02	1.716380000000000052e+02	1.719360000000000070e+02	1.722789999999999964e+02	1.725999999999999943e+02	1.728520000000000039e+02	1.733319999999999936e+02	1.737439999999999998e+02	1.745680000000000121e+02	1.750490000000000066e+02	1.758959999999999866e+02	1.768340000000000032e+02	1.779099999999999966e+02	1.796949999999999932e+02	1.814350000000000023e+02	1.826479999999999961e+02	1.851649999999999920e+02	1.879809999999999945e+02	1.915740000000000123e+02	1.958770000000000095e+02	2.012330000000000041e+02	2.072750000000000057e+02	2.144850000000000136e+02	2.229540000000000077e+02	2.317659999999999911e+02	2.419970000000000141e+02	2.526169999999999902e+02	2.634200000000000159e+02	2.741999999999999886e+02	2.844089999999999918e+02	2.940670000000000073e+02	3.032459999999999809e+02	3.116909999999999741e+02	3.186039999999999850e+02	3.260649999999999977e+02	3.320160000000000196e+02	3.376009999999999991e+02	3.423389999999999986e+02	3.470760000000000218e+02	3.512649999999999864e+02	3.553849999999999909e+02	3.587269999999999754e+02	3.613589999999999804e+02	3.639909999999999854e+02	3.668290000000000077e+02	3.693700000000000045e+02	3.713609999999999900e+02	3.733059999999999832e+02	3.746109999999999900e+02	3.773799999999999955e+02	3.790740000000000123e+02	3.804470000000000027e+02	3.812479999999999905e+02	3.823700000000000045e+02	3.833999999999999773e+02	3.843149999999999977e+02	3.850939999999999941e+02	3.865360000000000014e+02	3.874739999999999895e+02	3.880230000000000246e+02	3.880230000000000246e+02	3.922350000000000136e+02	3.924870000000000232e+02	3.930360000000000014e+02	3.937450000000000045e+02	3.937679999999999723e+02	3.954850000000000136e+02	3.959660000000000082e+02	3.963550000000000182e+02	3.963999999999999773e+02	3.968809999999999718e+02	3.969959999999999809e+02	3.977970000000000255e+02	3.983460000000000036e+02	4.018480000000000132e+02	4.018249999999999886e+02	4.015269999999999868e+02	4.014130000000000109e+02	4.013439999999999941e+02	4.012989999999999782e+02	4.015269999999999868e+02	4.015729999999999791e+02	4.012760000000000105e+02	4.060360000000000014e+02	4.065400000000000205e+02	4.129259999999999877e+02	4.156490000000000009e+02	4.159929999999999950e+02	4.154429999999999836e+02	4.143910000000000196e+02	4.134979999999999905e+02	4.125140000000000100e+02	4.111859999999999786e+02	4.093550000000000182e+02	4.085310000000000059e+02	4.082110000000000127e+02	4.108430000000000177e+02	4.102939999999999827e+02	4.094010000000000105e+02	4.083480000000000132e+02
1.000000000000000000e+00	4.197690000000000055e+02	3.690029999999999859e+02	3.259279999999999973e+02	2.906800000000000068e+02	2.584990000000000236e+02	2.331620000000000061e+02	2.118760000000000048e+02	1.943439999999999941e+02	1.778870000000000005e+02	1.646349999999999909e+02	1.540829999999999984e+02	1.448590000000000089e+02	1.378329999999999984e+02	1.322709999999999866e+02	1.276470000000000056e+02	1.234360000000000070e+02	1.200939999999999941e+02	1.166610000000000014e+02	1.123349999999999937e+02	1.087189999999999941e+02	1.050109999999999957e+02	1.014399999999999977e+02	9.839600000000000080e+01	9.617600000000000193e+01	9.482599999999999341e+01	9.347499999999999432e+01	9.223900000000000432e+01	9.095799999999999841e+01	9.095799999999999841e+01	9.006499999999999773e+01	8.933299999999999841e+01	8.889799999999999613e+01	8.873699999999999477e+01	8.843999999999999773e+01	8.828000000000000114e+01	8.779900000000000659e+01	8.770799999999999841e+01	8.729600000000000648e+01	8.736400000000000432e+01	8.704399999999999693e+01	8.663200000000000500e+01	8.667799999999999727e+01	8.667799999999999727e+01	8.674599999999999511e+01	8.692900000000000205e+01	8.697499999999999432e+01	8.658599999999999852e+01	8.651699999999999591e+01	8.663200000000000500e+01	8.649399999999999977e+01	8.699800000000000466e+01	8.729600000000000648e+01	8.745600000000000307e+01	8.800499999999999545e+01	8.823399999999999466e+01	8.857699999999999818e+01	8.905800000000000693e+01	8.940099999999999625e+01	8.999599999999999511e+01	9.111799999999999500e+01	9.155299999999999727e+01	9.184999999999999432e+01	9.219400000000000261e+01	9.251399999999999579e+01	9.274299999999999500e+01	9.301800000000000068e+01	9.354399999999999693e+01	9.384199999999999875e+01	9.416200000000000614e+01	9.452800000000000580e+01	9.489400000000000546e+01	9.555800000000000693e+01	9.599299999999999500e+01	9.619899999999999807e+01	9.670300000000000296e+01	9.706900000000000261e+01	9.757200000000000273e+01	9.887699999999999534e+01	9.928900000000000148e+01	9.935800000000000409e+01	1.000669999999999931e+02	1.005019999999999953e+02	1.009369999999999976e+02	1.020580000000000069e+02	1.024249999999999972e+02	1.030430000000000064e+02	1.033629999999999995e+02	1.036149999999999949e+02	1.035919999999999987e+02	1.039350000000000023e+02	1.043469999999999942e+02	1.051479999999999961e+02	1.055370000000000061e+02	1.060409999999999968e+02	1.064300000000000068e+02	1.072540000000000049e+02	1.079860000000000042e+02	1.085589999999999975e+02	1.090390000000000015e+02	1.099549999999999983e+02	1.109159999999999968e+02	1.120610000000000070e+02	1.134800000000000040e+02	1.152420000000000044e+02	1.171880000000000024e+02	1.197279999999999944e+02	1.238479999999999990e+02	1.270520000000000067e+02	1.310120000000000005e+02	1.354519999999999982e+02	1.403269999999999982e+02	1.455229999999999961e+02	1.517940000000000111e+02	1.580430000000000064e+02	1.650920000000000130e+02	1.717299999999999898e+02	1.792829999999999870e+02	1.856690000000000111e+02	1.822810000000000059e+02	1.883930000000000007e+02	1.940689999999999884e+02	1.989900000000000091e+02	2.038650000000000091e+02	2.083280000000000030e+02	2.121959999999999980e+02	2.157899999999999920e+02	2.191090000000000089e+02	2.234799999999999898e+02	2.279890000000000043e+02	2.273249999999999886e+02	2.293400000000000034e+02	2.326349999999999909e+02	2.344439999999999884e+02	2.360920000000000130e+02	2.375339999999999918e+02	2.396850000000000023e+02	2.411270000000000095e+02	2.438509999999999991e+02	2.447659999999999911e+02	2.467119999999999891e+02	2.485430000000000064e+02	2.497100000000000080e+02	2.499159999999999968e+02	2.512210000000000036e+02	2.522050000000000125e+02	2.537839999999999918e+02	2.544939999999999998e+02	2.553629999999999995e+02	2.558669999999999902e+02	2.568740000000000236e+02	2.581100000000000136e+02	2.589340000000000259e+02	2.589340000000000259e+02	2.591399999999999864e+02	2.593690000000000282e+02	2.598500000000000227e+02	2.618179999999999836e+02	2.620009999999999764e+02	2.623439999999999941e+02	2.611309999999999718e+02	2.638090000000000259e+02	2.635799999999999841e+02	2.645419999999999732e+02	2.631000000000000227e+02	2.650910000000000082e+02	2.655260000000000105e+02	2.642669999999999959e+02	2.663269999999999982e+02	2.668759999999999764e+02	2.661669999999999732e+02	2.657780000000000200e+02	2.676770000000000209e+02	2.681809999999999832e+02	2.684100000000000250e+02	2.657780000000000200e+02	2.655939999999999941e+02	2.674940000000000282e+02	2.680439999999999827e+02	2.661899999999999977e+02	2.686610000000000014e+02	2.674479999999999791e+02	2.681349999999999909e+02	2.667620000000000005e+02	2.678149999999999977e+02	2.665330000000000155e+02	2.675629999999999882e+02	2.658690000000000282e+02	2.672649999999999864e+02	2.653879999999999768e+02
1.000000000000000000e+00	5.583110000000000355e+02	5.004499999999999886e+02	4.491349999999999909e+02	4.036329999999999814e+02	3.626399999999999864e+02	3.285369999999999777e+02	2.999499999999999886e+02	2.756879999999999882e+02	2.544710000000000036e+02	2.372129999999999939e+02	2.230000000000000000e+02	2.129519999999999982e+02	2.033160000000000025e+02	1.950300000000000011e+02	1.883700000000000045e+02	1.823959999999999866e+02	1.764910000000000139e+02	1.690749999999999886e+02	1.607210000000000036e+02	1.539919999999999902e+02	1.476970000000000027e+02	1.428220000000000027e+02	1.391140000000000043e+02	1.357040000000000077e+02	1.330029999999999859e+02	1.306920000000000073e+02	1.289290000000000020e+02	1.274869999999999948e+02	1.265259999999999962e+02	1.258160000000000025e+02	1.259309999999999974e+02	1.261370000000000005e+02	1.251069999999999993e+02	1.248089999999999975e+02	1.243970000000000056e+02	1.231610000000000014e+02	1.226809999999999974e+02	1.219249999999999972e+02	1.212620000000000005e+02	1.210330000000000013e+02	1.206209999999999951e+02	1.207579999999999956e+02	1.223370000000000033e+02	1.219479999999999933e+02	1.213990000000000009e+02	1.215130000000000052e+02	1.219020000000000010e+02	1.216740000000000066e+02	1.221539999999999964e+02	1.220859999999999985e+02	1.226350000000000051e+02	1.227950000000000017e+02	1.227039999999999935e+02	1.230010000000000048e+02	1.229549999999999983e+02	1.234590000000000032e+02	1.236650000000000063e+02	1.237789999999999964e+02	1.242369999999999948e+02	1.245799999999999983e+02	1.246029999999999944e+02	1.253589999999999947e+02	1.266400000000000006e+02	1.272349999999999994e+02	1.275559999999999974e+02	1.281049999999999898e+02	1.280140000000000100e+02	1.281970000000000027e+02	1.281970000000000027e+02	1.281049999999999898e+02	1.284939999999999998e+02	1.291579999999999870e+02	1.299130000000000109e+02	1.299819999999999993e+02	1.309199999999999875e+02	1.307599999999999909e+02	1.313100000000000023e+02	1.314010000000000105e+02	1.313100000000000023e+02	1.313319999999999936e+02	1.314240000000000066e+02	1.316069999999999993e+02	1.318590000000000089e+02	1.321109999999999900e+02	1.330720000000000027e+02	1.336899999999999977e+02	1.337359999999999900e+02	1.342160000000000082e+02	1.343540000000000134e+02	1.344679999999999893e+02	1.358410000000000082e+02	1.364590000000000032e+02	1.370999999999999943e+02	1.374890000000000043e+02	1.385649999999999977e+02	1.385420000000000016e+02	1.389079999999999870e+02	1.389079999999999870e+02	1.393199999999999932e+02	1.394120000000000061e+02	1.394809999999999945e+02	1.400759999999999934e+02	1.403959999999999866e+02	1.405329999999999870e+02	1.406479999999999961e+02	1.407620000000000005e+02	1.411289999999999907e+02	1.411970000000000027e+02	1.414950000000000045e+02	1.425699999999999932e+02	1.428220000000000027e+02	1.428449999999999989e+02	1.430970000000000084e+02	1.433489999999999895e+02	1.441959999999999980e+02	1.441730000000000018e+02	1.431659999999999968e+02	1.433720000000000141e+02	1.434859999999999900e+02	1.437379999999999995e+02	1.439209999999999923e+02	1.441500000000000057e+02	1.445389999999999873e+02	1.446759999999999877e+02	1.449279999999999973e+02	1.453170000000000073e+02	1.456599999999999966e+02	1.459350000000000023e+02	1.461870000000000118e+02	1.465300000000000011e+02	1.469420000000000073e+02	1.474000000000000057e+02	1.477199999999999989e+02	1.483379999999999939e+02	1.488189999999999884e+02	1.493230000000000075e+02	1.496200000000000045e+02	1.502609999999999957e+02	1.507419999999999902e+02	1.512220000000000084e+02	1.517940000000000111e+02	1.526179999999999950e+02	1.532589999999999861e+02	1.541289999999999907e+02	1.555250000000000057e+02	1.565550000000000068e+02	1.576539999999999964e+02	1.589809999999999945e+02	1.604919999999999902e+02	1.621169999999999902e+02	1.635589999999999975e+02	1.656649999999999920e+02	1.678849999999999909e+02	1.704029999999999916e+02	1.732640000000000100e+02	1.762160000000000082e+02	1.796040000000000134e+02	1.832889999999999873e+02	1.872479999999999905e+02	1.915049999999999955e+02	1.958309999999999889e+02	2.004319999999999879e+02	2.052609999999999957e+02	2.101589999999999918e+02	2.157210000000000036e+02	2.213969999999999914e+02	2.269590000000000032e+02	2.327500000000000000e+02	2.388609999999999900e+02	2.443079999999999927e+02	2.497330000000000041e+02	2.546769999999999925e+02	2.596209999999999809e+02	2.643589999999999804e+02	2.687300000000000182e+02	2.728729999999999905e+02	2.769470000000000027e+02	2.805179999999999723e+02	2.841800000000000068e+02	2.881390000000000100e+02	2.913439999999999941e+02	2.941589999999999918e+02	2.971120000000000232e+02	2.997210000000000036e+02	3.021469999999999914e+02	3.044359999999999786e+02	3.067699999999999818e+02	3.090590000000000259e+02	3.110500000000000114e+02
0.000000000000000000e+00	3.231349999999999909e+02	2.842939999999999827e+02	2.521819999999999879e+02	2.260209999999999866e+02	2.025600000000000023e+02	1.830370000000000061e+02	1.668089999999999975e+02	1.526639999999999873e+02	1.411289999999999907e+02	1.328660000000000139e+02	1.263430000000000035e+02	1.208040000000000020e+02	1.161580000000000013e+02	1.111219999999999999e+02	1.071400000000000006e+02	1.031569999999999965e+02	9.944899999999999807e+01	9.624500000000000455e+01	9.324599999999999511e+01	9.054600000000000648e+01	8.809699999999999420e+01	8.544199999999999307e+01	8.374800000000000466e+01	8.264900000000000091e+01	8.097799999999999443e+01	7.983400000000000318e+01	7.864400000000000546e+01	7.784300000000000352e+01	7.724800000000000466e+01	7.633199999999999363e+01	7.605700000000000216e+01	7.562300000000000466e+01	7.539400000000000546e+01	7.511899999999999977e+01	7.500499999999999545e+01	7.459300000000000352e+01	7.466100000000000136e+01	7.427200000000000557e+01	7.383700000000000330e+01	7.379200000000000159e+01	7.422599999999999909e+01	7.404300000000000637e+01	7.461499999999999488e+01	7.438700000000000045e+01	7.429500000000000171e+01	7.438700000000000045e+01	7.427200000000000557e+01	7.434099999999999397e+01	7.422599999999999909e+01	7.356300000000000239e+01	7.342499999999999716e+01	7.289900000000000091e+01	7.264700000000000557e+01	7.264700000000000557e+01	7.331100000000000705e+01	7.337999999999999545e+01	7.340200000000000102e+01	7.296800000000000352e+01	7.282999999999999829e+01	7.280700000000000216e+01	7.315099999999999625e+01	7.315099999999999625e+01	7.317400000000000659e+01	7.282999999999999829e+01	7.264700000000000557e+01	7.232699999999999818e+01	7.198300000000000409e+01	7.186899999999999977e+01	7.170900000000000318e+01	7.182299999999999329e+01	7.134199999999999875e+01	7.127400000000000091e+01	7.159399999999999409e+01	7.127400000000000091e+01	7.099899999999999523e+01	7.097599999999999909e+01	7.134199999999999875e+01	7.152599999999999625e+01	7.166299999999999670e+01	7.093000000000000682e+01	7.093000000000000682e+01	7.065600000000000591e+01	7.047299999999999898e+01	7.058700000000000330e+01	7.019799999999999329e+01	7.019799999999999329e+01	7.001500000000000057e+01	7.129699999999999704e+01	7.081600000000000250e+01	7.067900000000000205e+01	7.029000000000000625e+01	6.999200000000000443e+01	7.001500000000000057e+01	7.003799999999999670e+01	6.985500000000000398e+01	6.962600000000000477e+01	6.955700000000000216e+01	6.937399999999999523e+01	6.935099999999999909e+01	6.937399999999999523e+01	6.921399999999999864e+01	6.912199999999999989e+01	7.138800000000000523e+01	7.145699999999999363e+01	7.111400000000000432e+01	7.104500000000000171e+01	7.120499999999999829e+01	7.154800000000000182e+01	7.186899999999999977e+01	7.214400000000000546e+01	7.205200000000000671e+01	7.223499999999999943e+01	7.218899999999999295e+01	7.207500000000000284e+01	7.212099999999999511e+01	7.239499999999999602e+01	7.214400000000000546e+01	7.207500000000000284e+01	7.282999999999999829e+01	7.251000000000000512e+01	7.237199999999999989e+01	7.223499999999999943e+01	7.246399999999999864e+01	7.223499999999999943e+01	7.232699999999999818e+01	7.228100000000000591e+01	7.205200000000000671e+01	7.195999999999999375e+01	7.184600000000000364e+01	7.168600000000000705e+01	7.161700000000000443e+01	7.234999999999999432e+01	7.239499999999999602e+01	7.225799999999999557e+01	7.232699999999999818e+01	7.301300000000000523e+01	7.269299999999999784e+01	7.241800000000000637e+01	7.221200000000000330e+01	7.228100000000000591e+01	7.223499999999999943e+01	7.218899999999999295e+01	7.200600000000000023e+01	7.212099999999999511e+01	7.125100000000000477e+01	7.106799999999999784e+01	7.095300000000000296e+01	7.099899999999999523e+01	7.104500000000000171e+01	7.090800000000000125e+01	7.079300000000000637e+01	7.099899999999999523e+01	7.104500000000000171e+01	7.099899999999999523e+01	7.090800000000000125e+01	7.212099999999999511e+01	7.195999999999999375e+01	7.175400000000000489e+01	7.175400000000000489e+01	7.164000000000000057e+01	7.159399999999999409e+01	7.154800000000000182e+01	7.148000000000000398e+01	7.148000000000000398e+01	7.161700000000000443e+01	7.152599999999999625e+01	7.143399999999999750e+01	7.209799999999999898e+01	7.205200000000000671e+01	7.193800000000000239e+01	7.191500000000000625e+01	7.198300000000000409e+01	7.191500000000000625e+01	7.186899999999999977e+01	7.360800000000000409e+01	7.351699999999999591e+01	7.342499999999999716e+01	7.333400000000000318e+01	7.331100000000000705e+01	7.315099999999999625e+01	7.308199999999999363e+01	7.315099999999999625e+01	7.312800000000000011e+01	7.319599999999999795e+01	7.303600000000000136e+01	7.296800000000000352e+01	7.287600000000000477e+01	7.292199999999999704e+01	7.287600000000000477e+01
1.000000000000000000e+00	4.106600000000000250e+02	3.537139999999999986e+02	3.077090000000000032e+02	2.710649999999999977e+02	2.403029999999999973e+02	2.158129999999999882e+02	1.975939999999999941e+02	1.844099999999999966e+02	1.738590000000000089e+02	1.671299999999999955e+02	1.606519999999999868e+02	1.553650000000000091e+02	1.509480000000000075e+02	1.477199999999999989e+02	1.448139999999999930e+02	1.420440000000000111e+02	1.389770000000000039e+02	1.364819999999999993e+02	1.357270000000000039e+02	1.344449999999999932e+02	1.328199999999999932e+02	1.314240000000000066e+02	1.306459999999999866e+02	1.297990000000000066e+02	1.290889999999999986e+02	1.287230000000000132e+02	1.283569999999999993e+02	1.282199999999999989e+02	1.280819999999999936e+02	1.280140000000000100e+02	1.278990000000000009e+02	1.280819999999999936e+02	1.285169999999999959e+02	1.288379999999999939e+02	1.290660000000000025e+02	1.292719999999999914e+02	1.295469999999999970e+02	1.299360000000000070e+02	1.303019999999999925e+02	1.304859999999999900e+02	1.307599999999999909e+02	1.311040000000000134e+02	1.314240000000000066e+02	1.316529999999999916e+02	1.319730000000000132e+02	1.324770000000000039e+02	1.327969999999999970e+02	1.331409999999999911e+02	1.334149999999999920e+02	1.339190000000000111e+02	1.343990000000000009e+02	1.348110000000000070e+02	1.352920000000000016e+02	1.357959999999999923e+02	1.362990000000000066e+02	1.368940000000000055e+02	1.374209999999999923e+02	1.379010000000000105e+02	1.385420000000000016e+02	1.391370000000000005e+02	1.396870000000000118e+02	1.403269999999999982e+02	1.409449999999999932e+02	1.415629999999999882e+02	1.421810000000000116e+02	1.428220000000000027e+02	1.434629999999999939e+02	1.441040000000000134e+02	1.445850000000000080e+02	1.452030000000000030e+02	1.455459999999999923e+02	1.460269999999999868e+02	1.466220000000000141e+02	1.470109999999999957e+02	1.474910000000000139e+02	1.478350000000000080e+02	1.482930000000000064e+02	1.487270000000000039e+02	1.492769999999999868e+02	1.495289999999999964e+02	1.499859999999999900e+02	1.504209999999999923e+02	1.507640000000000100e+02	1.508329999999999984e+02	1.512220000000000084e+02	1.517489999999999952e+02	1.521610000000000014e+02	1.524809999999999945e+02	1.528700000000000045e+02	1.533280000000000030e+02	1.537860000000000014e+02	1.542429999999999950e+02	1.546330000000000098e+02	1.550670000000000073e+02	1.555480000000000018e+02	1.559830000000000041e+02	1.564410000000000025e+02	1.569439999999999884e+02	1.572189999999999941e+02	1.576539999999999964e+02	1.580200000000000102e+02	1.584089999999999918e+02	1.588209999999999980e+02	1.591639999999999873e+02	1.595540000000000020e+02	1.600109999999999957e+02	1.604230000000000018e+02	1.609039999999999964e+02	1.613389999999999986e+02	1.618420000000000130e+02	1.625749999999999886e+02	1.629639999999999986e+02	1.635589999999999975e+02	1.641769999999999925e+02	1.652069999999999936e+02	1.661450000000000102e+02	1.672899999999999920e+02	1.687549999999999955e+02	1.702189999999999941e+02	1.719360000000000070e+02	1.742019999999999982e+02	1.768340000000000032e+02	1.800840000000000032e+02	1.833340000000000032e+02	1.875689999999999884e+02	1.929699999999999989e+02	1.980289999999999964e+02	2.045289999999999964e+02	2.114180000000000064e+02	2.195889999999999986e+02	2.280120000000000005e+02	2.383120000000000118e+02	2.468489999999999895e+02	2.568279999999999745e+02	2.667620000000000005e+02	2.767180000000000177e+02	2.863770000000000095e+02	2.955779999999999745e+02	3.047789999999999964e+02	3.129730000000000132e+02	3.212359999999999900e+02	3.291320000000000050e+02	3.363190000000000168e+02	3.426360000000000241e+02	3.488849999999999909e+02	3.544239999999999782e+02	3.595960000000000036e+02	3.641050000000000182e+02	3.682939999999999827e+02	3.719329999999999927e+02	3.753430000000000177e+02	3.785710000000000264e+02	3.818439999999999941e+02	3.847730000000000246e+02	3.877939999999999827e+02	3.903120000000000118e+02	3.923720000000000141e+02	3.942259999999999991e+02	3.958050000000000068e+02	3.974080000000000155e+02	3.986890000000000214e+02	4.000169999999999959e+02	4.010930000000000177e+02	4.028550000000000182e+02	4.039759999999999991e+02	4.048460000000000036e+02	4.058070000000000164e+02	4.067230000000000132e+02	4.074549999999999841e+02	4.082789999999999964e+02	4.088519999999999754e+02	4.096070000000000277e+02	4.103620000000000232e+02	4.110489999999999782e+02	4.116669999999999732e+02	4.123079999999999927e+02	4.129259999999999877e+02	4.135889999999999986e+02	4.141390000000000100e+02	4.147339999999999804e+02	4.151920000000000073e+02	4.157409999999999854e+02	4.165880000000000223e+02	4.173430000000000177e+02	4.180529999999999973e+02	4.186019999999999754e+02	4.191739999999999782e+02	4.194259999999999877e+02	4.198149999999999977e+02
1.000000000000000000e+00	2.010039999999999907e+02	1.833799999999999955e+02	1.669689999999999941e+02	1.525960000000000036e+02	1.374660000000000082e+02	1.257710000000000008e+02	1.153340000000000032e+02	1.070019999999999953e+02	1.006850000000000023e+02	9.548999999999999488e+01	9.175900000000000034e+01	8.823399999999999466e+01	8.601399999999999579e+01	8.372499999999999432e+01	8.180200000000000671e+01	8.013200000000000500e+01	7.878100000000000591e+01	7.777400000000000091e+01	7.679000000000000625e+01	7.594299999999999784e+01	7.516500000000000625e+01	7.429500000000000171e+01	7.326500000000000057e+01	7.212099999999999511e+01	7.099899999999999523e+01	7.012900000000000489e+01	6.932800000000000296e+01	6.882500000000000284e+01	6.836700000000000443e+01	6.795499999999999829e+01	6.761199999999999477e+01	6.731399999999999295e+01	6.715399999999999636e+01	6.697100000000000364e+01	6.697100000000000364e+01	6.692499999999999716e+01	6.701699999999999591e+01	6.706199999999999761e+01	6.731399999999999295e+01	6.733700000000000330e+01	6.756600000000000250e+01	6.774899999999999523e+01	6.795499999999999829e+01	6.825300000000000011e+01	6.866500000000000625e+01	6.900799999999999557e+01	6.953400000000000603e+01	6.983199999999999363e+01	7.026699999999999591e+01	7.074699999999999989e+01	7.113599999999999568e+01	7.152599999999999625e+01	7.193800000000000239e+01	7.234999999999999432e+01	7.269299999999999784e+01	7.315099999999999625e+01	7.395199999999999818e+01	7.427200000000000557e+01	7.486700000000000443e+01	7.518800000000000239e+01	7.562300000000000466e+01	7.619499999999999318e+01	7.665300000000000580e+01	7.720199999999999818e+01	7.765999999999999659e+01	7.811700000000000443e+01	7.846099999999999852e+01	7.896399999999999864e+01	7.939900000000000091e+01	7.992600000000000193e+01	8.042900000000000205e+01	8.088700000000000045e+01	8.136700000000000443e+01	8.180200000000000671e+01	8.232899999999999352e+01	8.271800000000000352e+01	8.308400000000000318e+01	8.347299999999999898e+01	8.388500000000000512e+01	8.441200000000000614e+01	8.468600000000000705e+01	8.496099999999999852e+01	8.512099999999999511e+01	8.530400000000000205e+01	8.557899999999999352e+01	8.592199999999999704e+01	8.626600000000000534e+01	8.670000000000000284e+01	8.702100000000000080e+01	8.729600000000000648e+01	8.766200000000000614e+01	8.809699999999999420e+01	8.848600000000000421e+01	8.898900000000000432e+01	8.969899999999999807e+01	9.024800000000000466e+01	9.125499999999999545e+01	9.237699999999999534e+01	9.359000000000000341e+01	9.498600000000000421e+01	9.668000000000000682e+01	9.862500000000000000e+01	1.010060000000000002e+02	1.039579999999999984e+02	1.072309999999999945e+02	1.106640000000000015e+02	1.145319999999999965e+02	1.191560000000000059e+02	1.237560000000000002e+02	1.292719999999999914e+02	1.343990000000000009e+02	1.400070000000000050e+02	1.445850000000000080e+02	1.494830000000000041e+02	1.563720000000000141e+02	1.607669999999999959e+02	1.655960000000000036e+02	1.701049999999999898e+02	1.742940000000000111e+02	1.782990000000000066e+02	1.820529999999999973e+02	1.855320000000000107e+02	1.888280000000000030e+02	1.917340000000000089e+02	1.966779999999999973e+02	2.000889999999999986e+02	2.022170000000000130e+02	2.042079999999999984e+02	2.063139999999999930e+02	2.081450000000000102e+02	2.098619999999999948e+02	2.113040000000000020e+02	2.131810000000000116e+02	2.147829999999999870e+02	2.158580000000000041e+02	2.171860000000000070e+02	2.181020000000000039e+02	2.198640000000000043e+02	2.207110000000000127e+02	2.226560000000000059e+02	2.237779999999999916e+02	2.245560000000000116e+02	2.252659999999999911e+02	2.260209999999999866e+02	2.269360000000000070e+02	2.276690000000000111e+02	2.281719999999999970e+02	2.288590000000000089e+02	2.299350000000000023e+02	2.304379999999999882e+02	2.309190000000000111e+02	2.313540000000000134e+02	2.316970000000000027e+02	2.320629999999999882e+02	2.325900000000000034e+02	2.327959999999999923e+02	2.332990000000000066e+02	2.334590000000000032e+02	2.338029999999999973e+02	2.344439999999999884e+02	2.348559999999999945e+02	2.351069999999999993e+02	2.350620000000000118e+02	2.354050000000000011e+02	2.361829999999999927e+02	2.364350000000000023e+02	2.366870000000000118e+02	2.366179999999999950e+02	2.371440000000000055e+02	2.419739999999999895e+02	2.420879999999999939e+02	2.421570000000000107e+02	2.421339999999999861e+02	2.406229999999999905e+02	2.407150000000000034e+02	2.407379999999999995e+02	2.411500000000000057e+02	2.414250000000000114e+02	2.412189999999999941e+02	2.411040000000000134e+02	2.410130000000000052e+02	2.409670000000000130e+02	2.411270000000000095e+02	2.411040000000000134e+02	2.408069999999999879e+02	2.409439999999999884e+02	2.408290000000000077e+02	2.405780000000000030e+02	2.402800000000000011e+02
0.000000000000000000e+00	3.566669999999999732e+02	3.149189999999999827e+02	2.799909999999999854e+02	2.477419999999999902e+02	2.234569999999999936e+02	2.024000000000000057e+02	1.837230000000000132e+02	1.692810000000000059e+02	1.591419999999999959e+02	1.504900000000000091e+02	1.448590000000000089e+02	1.398930000000000007e+02	1.360469999999999970e+02	1.327969999999999970e+02	1.296160000000000139e+02	1.261830000000000069e+02	1.239399999999999977e+02	1.218110000000000070e+02	1.198880000000000052e+02	1.181029999999999944e+02	1.165240000000000009e+02	1.149440000000000026e+02	1.126790000000000020e+02	1.108020000000000067e+02	1.087879999999999967e+02	1.067500000000000000e+02	1.051710000000000065e+02	1.036610000000000014e+02	1.024249999999999972e+02	1.017840000000000060e+02	1.014180000000000064e+02	1.005709999999999980e+02	1.010060000000000002e+02	1.005019999999999953e+02	1.002729999999999961e+02	1.001359999999999957e+02	1.003880000000000052e+02	1.000439999999999969e+02	9.956399999999999295e+01	9.997599999999999909e+01	1.000210000000000008e+02	1.003190000000000026e+02	1.003649999999999949e+02	1.002960000000000065e+02	1.002960000000000065e+02	1.004330000000000069e+02	1.006389999999999958e+02	1.012570000000000050e+02	1.012339999999999947e+02	1.017609999999999957e+02	1.017150000000000034e+02	1.017609999999999957e+02	1.035919999999999987e+02	1.038889999999999958e+02	1.040270000000000010e+02	1.025619999999999976e+02	1.028139999999999930e+02	1.033859999999999957e+02	1.072079999999999984e+02	1.074369999999999976e+02	1.075969999999999942e+02	1.078259999999999934e+02	1.079860000000000042e+02	1.083070000000000022e+02	1.086959999999999980e+02	1.087879999999999967e+02	1.089020000000000010e+02	1.090849999999999937e+02	1.093829999999999956e+02	1.097720000000000056e+02	1.105040000000000049e+02	1.108020000000000067e+02	1.119689999999999941e+02	1.122439999999999998e+02	1.124950000000000045e+02	1.127009999999999934e+02	1.130450000000000017e+02	1.132969999999999970e+02	1.136170000000000044e+02	1.142349999999999994e+02	1.146009999999999991e+02	1.147840000000000060e+02	1.152189999999999941e+02	1.156310000000000002e+02	1.159740000000000038e+02	1.160199999999999960e+02	1.163409999999999940e+02	1.167069999999999936e+02	1.171189999999999998e+02	1.175310000000000059e+02	1.178509999999999991e+02	1.182630000000000052e+02	1.186069999999999993e+02	1.188580000000000041e+02	1.191329999999999956e+02	1.194080000000000013e+02	1.197279999999999944e+02	1.203689999999999998e+02	1.205979999999999990e+02	1.209180000000000064e+02	1.213070000000000022e+02	1.218340000000000032e+02	1.223599999999999994e+02	1.226809999999999974e+02	1.229099999999999966e+02	1.232759999999999962e+02	1.236650000000000063e+02	1.238940000000000055e+02	1.241910000000000025e+02	1.243520000000000039e+02	1.247409999999999997e+02	1.250150000000000006e+02	1.252900000000000063e+02	1.255870000000000033e+02	1.257249999999999943e+02	1.260450000000000017e+02	1.261830000000000069e+02	1.245570000000000022e+02	1.248319999999999936e+02	1.250150000000000006e+02	1.252669999999999959e+02	1.255870000000000033e+02	1.259770000000000039e+02	1.261599999999999966e+02	1.265720000000000027e+02	1.265490000000000066e+02	1.267549999999999955e+02	1.269380000000000024e+02	1.270070000000000050e+02	1.271440000000000055e+02	1.273499999999999943e+02	1.274869999999999948e+02	1.276250000000000000e+02	1.278080000000000069e+02	1.279449999999999932e+02	1.274410000000000025e+02	1.276700000000000017e+02	1.278310000000000031e+02	1.278529999999999944e+02	1.279680000000000035e+02	1.281740000000000066e+02	1.282649999999999864e+02	1.284029999999999916e+02	1.285860000000000127e+02	1.286090000000000089e+02	1.287230000000000132e+02	1.290440000000000111e+02	1.292270000000000039e+02	1.293640000000000043e+02	1.293640000000000043e+02	1.295010000000000048e+02	1.293870000000000005e+02	1.294559999999999889e+02	1.297069999999999936e+02	1.299130000000000109e+02	1.298899999999999864e+02	1.299819999999999993e+02	1.301419999999999959e+02	1.301879999999999882e+02	1.302340000000000089e+02	1.290209999999999866e+02	1.290209999999999866e+02	1.291810000000000116e+02	1.292040000000000077e+02	1.292719999999999914e+02	1.286320000000000050e+02	1.293640000000000043e+02	1.294099999999999966e+02	1.294559999999999889e+02	1.295469999999999970e+02	1.295240000000000009e+02	1.296390000000000100e+02	1.296839999999999975e+02	1.301419999999999959e+02	1.301649999999999920e+02	1.300740000000000123e+02	1.300509999999999877e+02	1.300509999999999877e+02	1.300740000000000123e+02	1.299130000000000109e+02	1.300049999999999955e+02	1.301419999999999959e+02	1.302110000000000127e+02	1.303249999999999886e+02	1.303710000000000093e+02	1.303480000000000132e+02	1.303710000000000093e+02	1.303249999999999886e+02	1.303249999999999886e+02
0.000000000000000000e+00	1.483609999999999900e+02	1.397090000000000032e+02	1.312179999999999893e+02	1.234360000000000070e+02	1.162259999999999991e+02	1.096569999999999965e+02	1.040729999999999933e+02	9.869400000000000261e+01	9.434499999999999886e+01	9.104900000000000659e+01	8.850900000000000034e+01	8.631100000000000705e+01	8.448000000000000398e+01	8.280899999999999750e+01	8.118399999999999750e+01	7.910200000000000387e+01	7.658400000000000318e+01	7.440900000000000603e+01	7.255599999999999739e+01	7.088500000000000512e+01	6.932800000000000296e+01	6.793200000000000216e+01	6.667300000000000182e+01	6.543699999999999761e+01	6.445300000000000296e+01	6.356000000000000227e+01	6.264500000000000313e+01	6.202700000000000102e+01	6.145499999999999829e+01	6.088300000000000267e+01	6.047099999999999653e+01	5.996699999999999875e+01	5.957800000000000296e+01	5.916599999999999682e+01	5.889099999999999824e+01	5.873100000000000165e+01	5.852499999999999858e+01	5.843399999999999750e+01	5.827300000000000324e+01	5.822800000000000153e+01	5.822800000000000153e+01	5.825000000000000000e+01	5.809000000000000341e+01	5.790699999999999648e+01	5.792999999999999972e+01	5.795300000000000296e+01	5.779299999999999926e+01	5.783800000000000097e+01	5.781600000000000250e+01	5.767799999999999727e+01	5.783800000000000097e+01	5.781600000000000250e+01	5.799900000000000233e+01	5.797599999999999909e+01	5.809000000000000341e+01	5.799900000000000233e+01	5.795300000000000296e+01	5.790699999999999648e+01	5.795300000000000296e+01	5.792999999999999972e+01	5.781600000000000250e+01	5.799900000000000233e+01	5.783800000000000097e+01	5.779299999999999926e+01	5.783800000000000097e+01	5.806700000000000017e+01	5.788400000000000034e+01	5.815899999999999892e+01	5.820499999999999829e+01	5.838799999999999812e+01	5.841100000000000136e+01	5.847899999999999920e+01	5.857099999999999795e+01	5.859400000000000119e+01	5.857099999999999795e+01	5.841100000000000136e+01	5.852499999999999858e+01	5.877700000000000102e+01	5.868500000000000227e+01	5.859400000000000119e+01	5.884599999999999653e+01	5.896000000000000085e+01	5.886800000000000210e+01	5.898299999999999699e+01	5.902900000000000347e+01	5.898299999999999699e+01	5.889099999999999824e+01	5.879999999999999716e+01	5.889099999999999824e+01	5.884599999999999653e+01	5.875399999999999778e+01	5.873100000000000165e+01	5.873100000000000165e+01	5.866199999999999903e+01	5.902900000000000347e+01	5.925800000000000267e+01	5.948599999999999710e+01	5.969200000000000017e+01	5.976100000000000279e+01	5.973799999999999955e+01	6.026500000000000057e+01	6.026500000000000057e+01	6.024199999999999733e+01	6.065400000000000347e+01	6.051599999999999824e+01	6.042499999999999716e+01	6.051599999999999824e+01	6.060799999999999699e+01	6.049300000000000210e+01	6.042499999999999716e+01	6.049300000000000210e+01	6.095100000000000051e+01	6.140899999999999892e+01	6.241599999999999682e+01	6.236999999999999744e+01	6.250800000000000267e+01	6.257600000000000051e+01	6.264500000000000313e+01	6.266799999999999926e+01	6.264500000000000313e+01	6.271399999999999864e+01	6.289699999999999847e+01	6.287400000000000233e+01	6.301100000000000279e+01	6.321699999999999875e+01	6.333200000000000074e+01	6.339999999999999858e+01	6.360600000000000165e+01	6.378900000000000148e+01	6.390400000000000347e+01	6.420099999999999341e+01	6.447599999999999909e+01	6.470499999999999829e+01	6.484199999999999875e+01	6.504800000000000182e+01	6.532299999999999329e+01	6.541400000000000148e+01	6.562000000000000455e+01	6.580400000000000205e+01	6.612399999999999523e+01	6.632999999999999829e+01	6.655899999999999750e+01	6.683299999999999841e+01	6.701699999999999591e+01	6.726800000000000068e+01	6.751999999999999602e+01	6.786299999999999955e+01	6.827500000000000568e+01	6.841299999999999670e+01	6.864199999999999591e+01	6.877899999999999636e+01	6.916800000000000637e+01	6.935099999999999909e+01	6.973999999999999488e+01	6.994599999999999795e+01	7.012900000000000489e+01	7.038100000000000023e+01	7.054099999999999682e+01	7.079300000000000637e+01	7.097599999999999909e+01	7.129699999999999704e+01	7.152599999999999625e+01	7.177700000000000102e+01	7.200600000000000023e+01	7.239499999999999602e+01	7.264700000000000557e+01	7.319599999999999795e+01	7.349399999999999977e+01	7.413500000000000512e+01	7.447799999999999443e+01	7.486700000000000443e+01	7.516500000000000625e+01	7.555400000000000205e+01	7.580599999999999739e+01	7.610299999999999443e+01	7.630899999999999750e+01	7.665300000000000580e+01	7.692700000000000671e+01	7.733899999999999864e+01	7.745399999999999352e+01	7.775100000000000477e+01	7.816299999999999670e+01	7.843800000000000239e+01	7.875799999999999557e+01	7.903300000000000125e+01	7.932999999999999829e+01	7.951399999999999579e+01	7.987999999999999545e+01	8.013200000000000500e+01
0.000000000000000000e+00	1.459350000000000023e+02	1.328890000000000100e+02	1.212390000000000043e+02	1.107099999999999937e+02	1.012800000000000011e+02	9.345199999999999818e+01	8.621999999999999886e+01	7.953600000000000136e+01	7.399699999999999989e+01	6.891599999999999682e+01	6.465900000000000603e+01	6.129500000000000171e+01	5.836500000000000199e+01	5.662500000000000000e+01	5.413100000000000023e+01	5.236800000000000210e+01	5.104099999999999682e+01	4.982800000000000296e+01	4.838600000000000279e+01	4.664600000000000080e+01	4.520400000000000063e+01	4.357900000000000063e+01	4.234300000000000352e+01	4.128999999999999915e+01	4.053499999999999659e+01	4.007699999999999818e+01	3.936800000000000210e+01	3.877300000000000324e+01	3.822299999999999898e+01	3.760499999999999687e+01	3.712500000000000000e+01	3.662100000000000222e+01	3.611800000000000210e+01	3.595700000000000074e+01	3.568299999999999983e+01	3.524799999999999756e+01	3.490400000000000347e+01	3.488199999999999790e+01	3.440100000000000335e+01	3.481300000000000239e+01	3.463000000000000256e+01	3.463000000000000256e+01	3.442399999999999949e+01	3.414900000000000091e+01	3.433200000000000074e+01	3.428600000000000136e+01	3.417199999999999704e+01	3.410300000000000153e+01	3.410300000000000153e+01	3.387500000000000000e+01	3.417199999999999704e+01	3.389699999999999847e+01	3.389699999999999847e+01	3.387500000000000000e+01	3.385199999999999676e+01	3.403499999999999659e+01	3.410300000000000153e+01	3.414900000000000091e+01	3.424099999999999966e+01	3.449199999999999733e+01	3.453799999999999670e+01	3.430899999999999750e+01	3.444700000000000273e+01	3.465299999999999869e+01	3.446999999999999886e+01	3.451500000000000057e+01	3.430899999999999750e+01	3.446999999999999886e+01	3.456099999999999994e+01	3.467600000000000193e+01	3.478999999999999915e+01	3.492699999999999960e+01	3.497299999999999898e+01	3.497299999999999898e+01	3.510999999999999943e+01	3.513300000000000267e+01	3.570600000000000307e+01	3.614000000000000057e+01	3.609499999999999886e+01	3.618599999999999994e+01	3.627799999999999869e+01	3.618599999999999994e+01	3.616299999999999670e+01	3.632399999999999807e+01	3.650699999999999790e+01	3.639200000000000301e+01	3.657500000000000284e+01	3.659799999999999898e+01	3.657500000000000284e+01	3.671300000000000097e+01	3.705599999999999739e+01	3.696399999999999864e+01	3.694200000000000017e+01	3.712500000000000000e+01	3.726200000000000045e+01	3.723899999999999721e+01	3.737599999999999767e+01	3.721600000000000108e+01	3.730799999999999983e+01	3.737599999999999767e+01	3.808599999999999852e+01	3.829200000000000159e+01	3.820000000000000284e+01	3.822299999999999898e+01	3.810900000000000176e+01	3.799399999999999977e+01	3.854399999999999693e+01	3.845199999999999818e+01	3.840599999999999881e+01	3.849799999999999756e+01	3.842900000000000205e+01	3.895600000000000307e+01	3.893299999999999983e+01	3.881799999999999784e+01	3.895600000000000307e+01	3.895600000000000307e+01	3.893299999999999983e+01	3.927600000000000335e+01	3.927600000000000335e+01	3.948199999999999932e+01	3.934499999999999886e+01	3.934499999999999886e+01	3.950500000000000256e+01	3.959700000000000131e+01	3.975699999999999790e+01	3.975699999999999790e+01	3.996300000000000097e+01	4.003099999999999881e+01	4.010000000000000142e+01	4.016899999999999693e+01	4.042099999999999937e+01	4.035199999999999676e+01	4.048899999999999721e+01	4.074099999999999966e+01	4.074099999999999966e+01	4.106099999999999994e+01	4.138199999999999790e+01	4.140500000000000114e+01	4.149600000000000222e+01	4.174799999999999756e+01	4.193099999999999739e+01	4.204599999999999937e+01	4.209100000000000108e+01	4.234300000000000352e+01	4.234300000000000352e+01	4.252600000000000335e+01	4.273199999999999932e+01	4.286999999999999744e+01	4.300699999999999790e+01	4.282399999999999807e+01	4.289200000000000301e+01	4.305299999999999727e+01	4.335000000000000142e+01	4.337299999999999756e+01	4.355599999999999739e+01	4.376200000000000045e+01	4.394500000000000028e+01	4.410600000000000165e+01	4.419700000000000273e+01	4.449499999999999744e+01	4.451800000000000068e+01	4.470100000000000051e+01	4.502100000000000080e+01	4.513499999999999801e+01	4.527300000000000324e+01	4.538700000000000045e+01	4.554699999999999704e+01	4.563900000000000290e+01	4.573100000000000165e+01	4.591400000000000148e+01	4.595900000000000318e+01	4.616499999999999915e+01	4.632600000000000051e+01	4.643999999999999773e+01	4.687500000000000000e+01	4.696699999999999875e+01	4.705799999999999983e+01	4.724099999999999966e+01	4.737899999999999778e+01	4.740100000000000335e+01	4.753900000000000148e+01	4.765299999999999869e+01	4.781300000000000239e+01	4.790500000000000114e+01	4.795100000000000051e+01	4.824799999999999756e+01	4.831700000000000017e+01	4.854599999999999937e+01	4.870600000000000307e+01
0.000000000000000000e+00	2.238919999999999959e+02	2.050780000000000030e+02	1.851649999999999920e+02	1.683650000000000091e+02	1.520920000000000130e+02	1.380620000000000118e+02	1.250379999999999967e+02	1.160660000000000025e+02	1.086039999999999992e+02	1.028589999999999947e+02	9.741200000000000614e+01	9.326900000000000546e+01	8.995099999999999341e+01	8.754699999999999704e+01	8.503000000000000114e+01	8.292400000000000659e+01	8.040600000000000591e+01	7.841500000000000625e+01	7.649200000000000443e+01	7.484399999999999409e+01	7.333400000000000318e+01	7.189199999999999591e+01	7.065600000000000591e+01	6.923699999999999477e+01	6.859600000000000364e+01	6.754300000000000637e+01	6.658199999999999363e+01	6.584900000000000375e+01	6.525400000000000489e+01	6.470499999999999829e+01	6.426999999999999602e+01	6.372099999999999653e+01	6.342300000000000182e+01	6.312599999999999767e+01	6.301100000000000279e+01	6.285099999999999909e+01	6.287400000000000233e+01	6.259899999999999665e+01	6.259899999999999665e+01	6.257600000000000051e+01	6.259899999999999665e+01	6.269100000000000250e+01	6.257600000000000051e+01	6.269100000000000250e+01	6.264500000000000313e+01	6.223299999999999699e+01	6.257600000000000051e+01	6.259899999999999665e+01	6.211899999999999977e+01	6.250800000000000267e+01	6.232500000000000284e+01	6.257600000000000051e+01	6.248499999999999943e+01	6.305700000000000216e+01	6.301100000000000279e+01	6.328600000000000136e+01	6.317099999999999937e+01	6.317099999999999937e+01	6.317099999999999937e+01	6.310300000000000153e+01	6.319400000000000261e+01	6.438400000000000034e+01	6.431600000000000250e+01	6.452200000000000557e+01	6.459000000000000341e+01	6.484199999999999875e+01	6.486499999999999488e+01	6.516299999999999670e+01	6.498000000000000398e+01	6.507099999999999795e+01	6.539199999999999591e+01	6.552899999999999636e+01	6.568899999999999295e+01	6.607800000000000296e+01	6.612399999999999523e+01	6.623799999999999955e+01	6.626099999999999568e+01	6.610099999999999909e+01	6.628400000000000603e+01	6.648999999999999488e+01	6.626099999999999568e+01	6.662800000000000011e+01	6.692499999999999716e+01	6.694799999999999329e+01	6.720000000000000284e+01	6.795499999999999829e+01	6.823000000000000398e+01	6.832099999999999795e+01	6.866500000000000625e+01	6.864199999999999591e+01	6.889300000000000068e+01	6.903100000000000591e+01	6.971699999999999875e+01	6.980899999999999750e+01	6.983199999999999363e+01	7.003799999999999670e+01	7.012900000000000489e+01	7.031199999999999761e+01	7.042700000000000671e+01	7.074699999999999989e+01	7.102200000000000557e+01	7.159399999999999409e+01	7.223499999999999943e+01	7.239499999999999602e+01	7.280700000000000216e+01	7.308199999999999363e+01	7.344799999999999329e+01	7.342499999999999716e+01	7.454699999999999704e+01	7.504999999999999716e+01	7.562300000000000466e+01	7.601200000000000045e+01	7.740800000000000125e+01	7.775100000000000477e+01	7.871200000000000330e+01	7.962800000000000011e+01	8.047499999999999432e+01	8.150499999999999545e+01	8.269499999999999318e+01	8.377100000000000080e+01	8.452599999999999625e+01	8.617400000000000659e+01	8.644899999999999807e+01	8.754699999999999704e+01	8.839400000000000546e+01	8.917199999999999704e+01	8.990500000000000114e+01	9.056900000000000261e+01	9.159900000000000375e+01	9.478000000000000114e+01	9.587900000000000489e+01	9.670300000000000296e+01	9.748099999999999454e+01	9.777800000000000580e+01	9.816700000000000159e+01	9.860200000000000387e+01	9.894599999999999795e+01	9.915200000000000102e+01	1.001359999999999957e+02	1.002500000000000000e+02	9.976999999999999602e+01	9.997599999999999909e+01	1.002729999999999961e+02	1.004099999999999966e+02	1.005709999999999980e+02	1.008679999999999950e+02	1.007999999999999972e+02	1.007540000000000049e+02	1.007309999999999945e+02	1.008220000000000027e+02	1.008449999999999989e+02	1.011659999999999968e+02	1.013490000000000038e+02	1.014860000000000042e+02	1.022420000000000044e+02	1.021500000000000057e+02	1.021500000000000057e+02	1.022189999999999941e+02	1.023100000000000023e+02	1.023559999999999945e+02	1.025390000000000015e+02	1.027680000000000007e+02	1.025619999999999976e+02	1.029969999999999999e+02	1.028820000000000050e+02	1.026760000000000019e+02	1.028589999999999947e+02	1.029509999999999934e+02	1.031340000000000003e+02	1.031110000000000042e+02	1.031800000000000068e+02	1.033629999999999995e+02	1.037060000000000031e+02	1.039579999999999984e+02	1.042330000000000041e+02	1.041640000000000015e+02	1.038889999999999958e+02	1.041869999999999976e+02	1.049650000000000034e+02	1.049419999999999931e+02	1.052169999999999987e+02	1.051710000000000065e+02	1.052399999999999949e+02	1.052860000000000014e+02	1.049879999999999995e+02	1.053539999999999992e+02	1.060639999999999930e+02	1.064759999999999991e+02	1.063610000000000042e+02
1.000000000000000000e+00	4.390409999999999968e+02	3.991240000000000236e+02	3.615649999999999977e+02	3.300930000000000177e+02	3.053740000000000236e+02	2.882309999999999945e+02	2.647250000000000227e+02	2.452239999999999895e+02	2.318120000000000118e+02	2.216490000000000009e+02	2.125169999999999959e+02	2.049410000000000025e+02	1.991270000000000095e+02	1.944350000000000023e+02	1.904070000000000107e+02	1.870649999999999977e+02	1.841579999999999870e+02	1.815720000000000027e+02	1.795579999999999927e+02	1.775889999999999986e+02	1.756899999999999977e+02	1.742249999999999943e+02	1.727139999999999986e+02	1.711810000000000116e+02	1.697849999999999966e+02	1.683880000000000052e+02	1.667179999999999893e+02	1.647489999999999952e+02	1.625519999999999925e+02	1.603319999999999936e+02	1.585920000000000130e+02	1.565780000000000030e+02	1.551359999999999957e+02	1.538540000000000134e+02	1.526409999999999911e+02	1.519780000000000086e+02	1.512909999999999968e+02	1.511080000000000041e+02	1.506270000000000095e+02	1.505130000000000052e+02	1.503300000000000125e+02	1.507640000000000100e+02	1.506500000000000057e+02	1.512220000000000084e+02	1.517030000000000030e+02	1.526409999999999911e+02	1.534879999999999995e+02	1.541750000000000114e+02	1.549300000000000068e+02	1.559830000000000041e+02	1.568530000000000086e+02	1.578830000000000098e+02	1.590730000000000075e+02	1.604230000000000018e+02	1.618880000000000052e+02	1.635589999999999975e+02	1.651380000000000052e+02	1.666030000000000086e+02	1.683429999999999893e+02	1.698530000000000086e+02	1.712949999999999875e+02	1.727599999999999909e+02	1.737439999999999998e+02	1.743619999999999948e+02	1.749569999999999936e+02	1.754610000000000127e+02	1.760790000000000077e+02	1.765819999999999936e+02	1.771550000000000011e+02	1.778640000000000043e+02	1.782760000000000105e+02	1.785740000000000123e+02	1.789399999999999977e+02	1.793290000000000077e+02	1.796490000000000009e+02	1.800380000000000109e+02	1.805420000000000016e+02	1.809310000000000116e+02	1.812740000000000009e+02	1.817090000000000032e+02	1.820759999999999934e+02	1.823959999999999866e+02	1.828540000000000134e+02	1.829679999999999893e+02	1.836779999999999973e+02	1.839290000000000020e+02	1.841579999999999870e+02	1.845699999999999932e+02	1.870420000000000016e+02	1.871570000000000107e+02	1.869739999999999895e+02	1.870649999999999977e+02	1.870879999999999939e+02	1.873170000000000073e+02	1.874079999999999870e+02	1.875689999999999884e+02	1.879579999999999984e+02	1.881639999999999873e+02	1.883470000000000084e+02	1.886440000000000055e+02	1.889420000000000073e+02	1.892620000000000005e+02	1.895829999999999984e+02	1.899259999999999877e+02	1.902009999999999934e+02	1.905670000000000073e+02	1.907500000000000000e+02	1.916430000000000007e+02	1.922150000000000034e+02	1.926270000000000095e+02	1.930159999999999911e+02	1.932680000000000007e+02	1.934970000000000141e+02	1.937259999999999991e+02	1.940920000000000130e+02	1.948240000000000123e+02	1.950300000000000011e+02	1.954420000000000073e+02	1.958309999999999889e+02	1.963580000000000041e+02	1.968379999999999939e+02	1.973650000000000091e+02	1.979139999999999873e+02	1.985780000000000030e+02	1.994480000000000075e+02	2.002940000000000111e+02	2.012100000000000080e+02	2.022860000000000014e+02	2.035680000000000121e+02	2.048720000000000141e+02	2.065889999999999986e+02	2.084430000000000121e+02	2.106399999999999864e+02	2.133410000000000082e+02	2.163389999999999986e+02	2.212599999999999909e+02	2.255629999999999882e+02	2.303470000000000084e+02	2.358629999999999995e+02	2.422259999999999991e+02	2.493209999999999980e+02	2.570339999999999918e+02	2.665330000000000155e+02	2.757570000000000050e+02	2.855070000000000050e+02	2.958980000000000246e+02	3.061519999999999868e+02	3.165439999999999827e+02	3.272320000000000277e+02	3.369599999999999795e+02	3.468249999999999886e+02	3.563229999999999791e+02	3.652950000000000159e+02	3.731229999999999905e+02	3.805160000000000196e+02	3.874739999999999895e+02	3.937450000000000045e+02	4.014359999999999786e+02	4.070430000000000064e+02	4.121480000000000246e+02	4.165649999999999977e+02	4.205699999999999932e+02	4.243700000000000045e+02	4.275969999999999800e+02	4.306410000000000196e+02	4.343260000000000218e+02	4.371190000000000282e+02	4.393840000000000146e+02	4.414220000000000255e+02	4.434590000000000032e+02	4.449689999999999941e+02	4.466630000000000109e+02	4.482420000000000186e+02	4.498210000000000264e+02	4.515149999999999864e+02	4.533460000000000036e+02	4.549940000000000282e+02	4.587710000000000150e+02	4.593890000000000100e+02	4.596179999999999950e+02	4.603500000000000227e+02	4.609220000000000255e+02	4.616089999999999804e+02	4.627989999999999782e+02	4.635090000000000146e+02	4.639889999999999759e+02	4.644470000000000027e+02	4.652250000000000227e+02	4.652250000000000227e+02
1.000000000000000000e+00	4.827579999999999814e+02	3.986659999999999968e+02	3.310779999999999745e+02	2.832409999999999854e+02	2.421800000000000068e+02	2.128369999999999891e+02	1.913679999999999950e+02	1.757350000000000136e+02	1.646800000000000068e+02	1.560519999999999925e+02	1.493230000000000075e+02	1.438750000000000000e+02	1.387940000000000111e+02	1.348569999999999993e+02	1.312870000000000061e+02	1.285169999999999959e+02	1.261599999999999966e+02	1.236650000000000063e+02	1.211009999999999991e+02	1.192469999999999999e+02	1.177600000000000051e+02	1.163640000000000043e+02	1.151050000000000040e+02	1.140750000000000028e+02	1.131359999999999957e+02	1.126099999999999994e+02	1.120150000000000006e+02	1.114879999999999995e+02	1.112590000000000003e+02	1.110990000000000038e+02	1.108020000000000067e+02	1.108250000000000028e+02	1.109159999999999968e+02	1.106640000000000015e+02	1.108930000000000007e+02	1.111680000000000064e+02	1.113050000000000068e+02	1.114879999999999995e+02	1.116260000000000048e+02	1.118769999999999953e+02	1.120610000000000070e+02	1.121290000000000049e+02	1.141200000000000045e+02	1.145319999999999965e+02	1.149219999999999970e+02	1.152420000000000044e+02	1.155619999999999976e+02	1.161800000000000068e+02	1.165919999999999987e+02	1.172560000000000002e+02	1.177830000000000013e+02	1.182399999999999949e+02	1.189729999999999990e+02	1.194530000000000030e+02	1.198430000000000035e+02	1.203919999999999959e+02	1.209639999999999986e+02	1.213070000000000022e+02	1.218569999999999993e+02	1.222920000000000016e+02	1.227720000000000056e+02	1.232300000000000040e+02	1.237789999999999964e+02	1.239620000000000033e+02	1.244429999999999978e+02	1.248550000000000040e+02	1.250840000000000032e+02	1.256329999999999956e+02	1.259770000000000039e+02	1.263430000000000035e+02	1.268229999999999933e+02	1.271440000000000055e+02	1.273499999999999943e+02	1.280819999999999936e+02	1.284939999999999998e+02	1.287920000000000016e+02	1.291810000000000116e+02	1.293180000000000121e+02	1.296620000000000061e+02	1.301649999999999920e+02	1.304629999999999939e+02	1.305999999999999943e+02	1.309890000000000043e+02	1.313319999999999936e+02	1.315610000000000070e+02	1.318590000000000089e+02	1.322249999999999943e+02	1.323849999999999909e+02	1.329350000000000023e+02	1.332090000000000032e+02	1.335070000000000050e+02	1.339190000000000111e+02	1.343540000000000134e+02	1.345829999999999984e+02	1.348569999999999993e+02	1.350860000000000127e+02	1.352460000000000093e+02	1.358180000000000121e+02	1.361620000000000061e+02	1.363679999999999950e+02	1.365970000000000084e+02	1.368940000000000055e+02	1.370320000000000107e+02	1.373520000000000039e+02	1.376040000000000134e+02	1.377640000000000100e+02	1.382450000000000045e+02	1.383129999999999882e+02	1.386339999999999861e+02	1.392059999999999889e+02	1.396179999999999950e+02	1.400070000000000050e+02	1.407390000000000043e+02	1.412889999999999873e+02	1.420900000000000034e+02	1.430509999999999877e+02	1.439900000000000091e+02	1.451339999999999861e+02	1.464610000000000127e+02	1.480869999999999891e+02	1.499180000000000064e+02	1.523899999999999864e+02	1.553420000000000130e+02	1.585459999999999923e+02	1.626210000000000093e+02	1.671980000000000075e+02	1.724170000000000016e+02	1.781620000000000061e+02	1.847760000000000105e+02	1.916200000000000045e+02	1.993789999999999907e+02	2.076189999999999998e+02	2.159039999999999964e+02	2.244190000000000111e+02	2.327500000000000000e+02	2.408979999999999961e+02	2.474209999999999923e+02	2.547680000000000007e+02	2.616349999999999909e+02	2.680659999999999741e+02	2.736970000000000027e+02	2.786870000000000118e+02	2.834700000000000273e+02	2.874529999999999745e+02	2.907710000000000150e+02	2.940219999999999914e+02	2.972029999999999745e+02	3.000640000000000214e+02	3.027189999999999941e+02	3.049850000000000136e+02	3.072970000000000255e+02	3.092189999999999941e+02	3.112789999999999964e+02	3.127669999999999959e+02	3.143229999999999791e+02	3.153990000000000009e+02	3.166580000000000155e+02	3.179630000000000223e+02	3.194270000000000209e+02	3.207780000000000200e+02	3.216709999999999923e+02	3.222200000000000273e+02	3.234560000000000173e+02	3.238910000000000196e+02	3.244169999999999732e+02	3.247379999999999995e+02	3.390199999999999818e+02	3.381499999999999773e+02	3.380579999999999927e+02	3.387219999999999800e+02	3.390199999999999818e+02	3.392259999999999991e+02	3.395919999999999845e+02	3.397749999999999773e+02	3.397980000000000018e+02	3.406909999999999741e+02	3.407139999999999986e+02	3.401870000000000118e+02	3.400729999999999791e+02	3.410570000000000164e+02	3.405760000000000218e+02	3.403020000000000209e+02	3.405760000000000218e+02	3.405529999999999973e+02	3.414460000000000264e+02	3.417210000000000036e+02	3.416979999999999791e+02	3.430710000000000264e+02	3.427959999999999923e+02
1.000000000000000000e+00	4.795299999999999727e+02	4.302980000000000018e+02	3.853679999999999950e+02	3.465729999999999791e+02	3.095629999999999882e+02	2.767869999999999777e+02	2.522280000000000086e+02	2.332529999999999859e+02	2.174379999999999882e+02	2.045519999999999925e+02	1.939319999999999879e+02	1.837460000000000093e+02	1.752779999999999916e+02	1.693040000000000020e+02	1.642909999999999968e+02	1.590500000000000114e+02	1.522290000000000134e+02	1.449509999999999934e+02	1.384739999999999895e+02	1.325229999999999961e+02	1.284480000000000075e+02	1.245349999999999966e+02	1.212620000000000005e+02	1.187669999999999959e+02	1.168439999999999941e+02	1.150130000000000052e+02	1.135939999999999941e+02	1.124039999999999964e+02	1.115109999999999957e+02	1.106869999999999976e+02	1.101149999999999949e+02	1.095889999999999986e+02	1.093370000000000033e+02	1.090390000000000015e+02	1.085130000000000052e+02	1.079860000000000042e+02	1.079410000000000025e+02	1.077349999999999994e+02	1.077120000000000033e+02	1.076889999999999930e+02	1.077579999999999956e+02	1.072079999999999984e+02	1.068419999999999987e+02	1.067729999999999961e+02	1.070019999999999953e+02	1.073229999999999933e+02	1.070250000000000057e+02	1.065669999999999931e+02	1.063160000000000025e+02	1.061329999999999956e+02	1.064069999999999965e+02	1.071170000000000044e+02	1.080090000000000003e+02	1.079860000000000042e+02	1.081700000000000017e+02	1.084440000000000026e+02	1.090619999999999976e+02	1.090390000000000015e+02	1.092909999999999968e+02	1.094740000000000038e+02	1.095199999999999960e+02	1.097720000000000056e+02	1.102519999999999953e+02	1.110990000000000038e+02	1.114429999999999978e+02	1.123349999999999937e+02	1.125639999999999930e+02	1.124270000000000067e+02	1.122669999999999959e+02	1.141889999999999930e+02	1.155619999999999976e+02	1.159060000000000059e+02	1.156080000000000041e+02	1.162489999999999952e+02	1.161580000000000013e+02	1.164549999999999983e+02	1.165919999999999987e+02	1.170499999999999972e+02	1.173709999999999951e+02	1.179659999999999940e+02	1.191329999999999956e+02	1.191790000000000020e+02	1.202770000000000010e+02	1.202549999999999955e+02	1.202090000000000032e+02	1.204380000000000024e+02	1.204830000000000041e+02	1.208949999999999960e+02	1.226809999999999974e+02	1.250840000000000032e+02	1.255420000000000016e+02	1.257710000000000008e+02	1.257710000000000008e+02	1.273269999999999982e+02	1.276020000000000039e+02	1.283340000000000032e+02	1.289979999999999905e+02	1.298899999999999864e+02	1.308979999999999961e+02	1.328660000000000139e+02	1.341930000000000121e+02	1.357040000000000077e+02	1.386339999999999861e+02	1.409230000000000018e+02	1.435780000000000030e+02	1.463700000000000045e+02	1.493909999999999911e+02	1.527330000000000041e+02	1.560749999999999886e+02	1.597820000000000107e+02	1.631469999999999914e+02	1.673129999999999882e+02	1.720960000000000036e+02	1.764679999999999893e+02	1.811829999999999927e+02	1.880260000000000105e+02	1.943660000000000139e+02	1.985550000000000068e+02	2.027210000000000036e+02	2.067030000000000030e+02	2.116699999999999875e+02	2.168429999999999893e+02	2.215809999999999889e+02	2.267069999999999936e+02	2.314000000000000057e+02	2.360689999999999884e+02	2.406690000000000111e+02	2.466889999999999930e+02	2.510600000000000023e+02	2.549739999999999895e+02	2.583389999999999986e+02	2.651820000000000164e+02	2.681349999999999909e+02	2.709049999999999727e+02	2.779309999999999832e+02	2.827379999999999995e+02	2.855760000000000218e+02	2.887799999999999727e+02	2.912060000000000173e+02	2.936329999999999814e+02	2.959669999999999845e+02	2.978439999999999941e+02	3.020319999999999823e+02	3.059920000000000186e+02	3.073430000000000177e+02	3.088070000000000164e+02	3.102719999999999914e+02	3.118969999999999914e+02	3.130190000000000055e+02	3.143690000000000282e+02	3.155590000000000259e+02	3.174359999999999786e+02	3.185350000000000250e+02	3.199309999999999832e+02	3.210070000000000050e+02	3.220140000000000100e+02	3.229979999999999905e+02	3.342819999999999823e+02	3.350140000000000100e+02	3.359759999999999991e+02	3.370289999999999964e+02	3.379669999999999845e+02	3.393629999999999995e+02	3.420409999999999968e+02	3.430710000000000264e+02	3.431850000000000023e+02	3.439870000000000232e+02	3.450620000000000118e+02	3.462749999999999773e+02	3.472139999999999986e+02	3.480830000000000268e+02	3.489300000000000068e+02	3.499150000000000205e+02	3.507610000000000241e+02	3.516770000000000209e+02	3.528210000000000264e+02	3.536000000000000227e+02	3.545380000000000109e+02	3.557509999999999764e+02	3.570099999999999909e+02	3.580860000000000127e+02	3.588410000000000082e+02	3.600769999999999982e+02	3.608319999999999936e+02	3.617250000000000227e+02	3.626630000000000109e+02	3.634409999999999741e+02	3.645169999999999959e+02	3.652730000000000246e+02
0.000000000000000000e+00	2.758480000000000132e+02	2.543329999999999984e+02	2.400049999999999955e+02	2.246020000000000039e+02	2.117160000000000082e+02	1.959000000000000057e+02	1.857379999999999995e+02	1.750490000000000066e+02	1.683650000000000091e+02	1.615910000000000082e+02	1.555250000000000057e+02	1.507870000000000061e+02	1.473309999999999889e+02	1.446529999999999916e+02	1.419749999999999943e+02	1.397779999999999916e+02	1.375349999999999966e+02	1.355670000000000073e+02	1.340099999999999909e+02	1.321330000000000098e+02	1.297299999999999898e+02	1.265720000000000027e+02	1.236650000000000063e+02	1.206670000000000016e+02	1.180799999999999983e+02	1.194080000000000013e+02	1.135939999999999941e+02	1.116940000000000026e+02	1.101380000000000052e+02	1.088559999999999945e+02	1.078029999999999973e+02	1.065900000000000034e+02	1.056520000000000010e+02	1.052169999999999987e+02	1.045070000000000050e+02	1.041869999999999976e+02	1.036830000000000069e+02	1.032489999999999952e+02	1.028820000000000050e+02	1.026989999999999981e+02	1.021500000000000057e+02	1.018979999999999961e+02	1.019899999999999949e+02	1.021500000000000057e+02	1.023329999999999984e+02	1.026989999999999981e+02	1.024020000000000010e+02	1.022189999999999941e+02	1.024479999999999933e+02	1.030199999999999960e+02	1.029740000000000038e+02	1.028589999999999947e+02	1.029050000000000011e+02	1.032259999999999991e+02	1.036149999999999949e+02	1.038209999999999980e+02	1.046449999999999960e+02	1.049650000000000034e+02	1.059719999999999942e+02	1.062930000000000064e+02	1.064530000000000030e+02	1.067960000000000065e+02	1.068880000000000052e+02	1.075289999999999964e+02	1.077120000000000033e+02	1.081009999999999991e+02	1.084210000000000065e+02	1.088329999999999984e+02	1.095199999999999960e+02	1.100010000000000048e+02	1.103209999999999980e+02	1.108469999999999942e+02	1.113970000000000056e+02	1.118089999999999975e+02	1.125639999999999930e+02	1.130450000000000017e+02	1.135030000000000001e+02	1.139599999999999937e+02	1.146929999999999978e+02	1.153340000000000032e+02	1.159519999999999982e+02	1.164090000000000060e+02	1.168209999999999980e+02	1.174620000000000033e+02	1.181260000000000048e+02	1.199339999999999975e+02	1.203460000000000036e+02	1.208719999999999999e+02	1.214680000000000035e+02	1.220859999999999985e+02	1.227720000000000056e+02	1.235280000000000058e+02	1.242600000000000051e+02	1.249470000000000027e+02	1.255649999999999977e+02	1.264800000000000040e+02	1.271899999999999977e+02	1.278990000000000009e+02	1.286999999999999886e+02	1.293640000000000043e+02	1.301649999999999920e+02	1.308290000000000077e+02	1.316069999999999993e+02	1.321790000000000020e+02	1.330029999999999859e+02	1.337359999999999900e+02	1.345829999999999984e+02	1.350629999999999882e+02	1.357729999999999961e+02	1.362529999999999859e+02	1.369399999999999977e+02	1.375120000000000005e+02	1.380389999999999873e+02	1.386570000000000107e+02	1.393890000000000100e+02	1.403269999999999982e+02	1.408770000000000095e+02	1.411289999999999907e+02	1.413120000000000118e+02	1.415629999999999882e+02	1.417470000000000141e+02	1.417470000000000141e+02	1.425929999999999893e+02	1.426390000000000100e+02	1.425480000000000018e+02	1.427539999999999907e+02	1.427760000000000105e+02	1.425250000000000057e+02	1.425480000000000018e+02	1.427079999999999984e+02	1.428679999999999950e+02	1.429600000000000080e+02	1.428679999999999950e+02	1.430740000000000123e+02	1.431200000000000045e+02	1.431659999999999968e+02	1.432340000000000089e+02	1.434170000000000016e+02	1.435320000000000107e+02	1.435999999999999943e+02	1.438290000000000077e+02	1.438290000000000077e+02	1.439209999999999923e+02	1.439670000000000130e+02	1.440579999999999927e+02	1.441500000000000057e+02	1.442179999999999893e+02	1.442640000000000100e+02	1.443100000000000023e+02	1.444019999999999868e+02	1.444019999999999868e+02	1.445159999999999911e+02	1.448139999999999930e+02	1.447680000000000007e+02	1.447220000000000084e+02	1.449279999999999973e+02	1.449279999999999973e+02	1.448820000000000050e+02	1.450200000000000102e+02	1.451570000000000107e+02	1.451800000000000068e+02	1.454540000000000077e+02	1.471020000000000039e+02	1.466450000000000102e+02	1.465529999999999973e+02	1.464389999999999930e+02	1.464610000000000127e+02	1.464840000000000089e+02	1.466450000000000102e+02	1.465529999999999973e+02	1.467129999999999939e+02	1.467589999999999861e+02	1.468050000000000068e+02	1.468729999999999905e+02	1.468959999999999866e+02	1.464159999999999968e+02	1.465300000000000011e+02	1.465759999999999934e+02	1.464840000000000089e+02	1.466450000000000102e+02	1.466670000000000016e+02	1.466899999999999977e+02	1.468509999999999991e+02	1.468729999999999905e+02	1.468280000000000030e+02	1.470339999999999918e+02	1.472849999999999966e+02	1.472400000000000091e+02	1.473079999999999927e+02
1.000000000000000000e+00	2.646329999999999814e+02	2.374190000000000111e+02	2.115329999999999870e+02	1.892620000000000005e+02	1.750260000000000105e+02	1.583629999999999995e+02	1.448590000000000089e+02	1.338040000000000020e+02	1.256790000000000020e+02	1.187439999999999998e+02	1.127469999999999999e+02	1.085130000000000052e+02	1.050799999999999983e+02	1.020130000000000052e+02	9.954099999999999682e+01	9.727500000000000568e+01	9.542100000000000648e+01	9.290300000000000580e+01	8.853100000000000591e+01	8.697499999999999432e+01	8.415999999999999659e+01	8.159600000000000364e+01	7.949099999999999966e+01	7.756799999999999784e+01	7.578300000000000125e+01	7.438700000000000045e+01	7.303600000000000136e+01	7.212099999999999511e+01	7.127400000000000091e+01	7.045000000000000284e+01	7.003799999999999670e+01	6.969499999999999318e+01	6.916800000000000637e+01	6.868699999999999761e+01	6.843600000000000705e+01	6.825300000000000011e+01	6.788599999999999568e+01	6.772599999999999909e+01	6.774899999999999523e+01	6.758899999999999864e+01	6.816100000000000136e+01	6.809199999999999875e+01	6.800100000000000477e+01	6.806900000000000261e+01	6.797799999999999443e+01	6.802400000000000091e+01	6.797799999999999443e+01	6.786299999999999955e+01	6.795499999999999829e+01	6.839000000000000057e+01	6.843600000000000705e+01	6.864199999999999591e+01	6.866500000000000625e+01	6.951099999999999568e+01	6.926000000000000512e+01	6.976300000000000523e+01	6.987800000000000011e+01	7.045000000000000284e+01	7.070199999999999818e+01	7.095300000000000296e+01	7.136499999999999488e+01	7.148000000000000398e+01	7.154800000000000182e+01	7.198300000000000409e+01	7.202899999999999636e+01	7.280700000000000216e+01	7.340200000000000102e+01	7.370000000000000284e+01	7.468399999999999750e+01	7.507299999999999329e+01	7.559999999999999432e+01	7.610299999999999443e+01	7.697299999999999898e+01	7.898699999999999477e+01	7.983400000000000318e+01	8.065800000000000125e+01	8.161899999999999977e+01	8.267199999999999704e+01	8.354200000000000159e+01	8.468600000000000705e+01	8.599099999999999966e+01	8.740999999999999659e+01	8.876000000000000512e+01	9.100300000000000011e+01	9.246800000000000352e+01	9.462000000000000455e+01	9.677100000000000080e+01	9.876300000000000523e+01	1.009830000000000041e+02	1.032939999999999969e+02	1.057429999999999950e+02	1.091770000000000067e+02	1.117169999999999987e+02	1.142349999999999994e+02	1.173250000000000028e+02	1.210559999999999974e+02	1.244200000000000017e+02	1.271670000000000016e+02	1.296620000000000061e+02	1.333470000000000084e+02	1.359099999999999966e+02	1.396409999999999911e+02	1.420670000000000073e+02	1.443100000000000023e+02	1.468050000000000068e+02	1.490020000000000095e+02	1.525269999999999868e+02	1.541980000000000075e+02	1.572189999999999941e+02	1.581570000000000107e+02	1.606059999999999945e+02	1.624149999999999920e+02	1.649780000000000086e+02	1.657100000000000080e+02	1.668319999999999936e+02	1.679759999999999991e+02	1.700360000000000014e+02	1.704710000000000036e+02	1.715240000000000009e+02	1.723940000000000055e+02	1.731949999999999932e+02	1.732860000000000014e+02	1.744310000000000116e+02	1.747059999999999889e+02	1.753460000000000036e+02	1.756440000000000055e+02	1.759869999999999948e+02	1.767649999999999864e+02	1.771550000000000011e+02	1.774979999999999905e+02	1.779099999999999966e+02	1.780469999999999970e+02	1.813429999999999893e+02	1.813429999999999893e+02	1.815720000000000027e+02	1.824650000000000034e+02	1.824420000000000073e+02	1.835169999999999959e+02	1.835399999999999920e+02	1.834950000000000045e+02	1.841349999999999909e+02	1.847990000000000066e+02	1.860349999999999966e+02	1.860809999999999889e+02	1.869739999999999895e+02	1.869739999999999895e+02	1.869050000000000011e+02	1.877750000000000057e+02	1.873400000000000034e+02	1.880039999999999907e+02	1.872940000000000111e+02	1.880039999999999907e+02	1.879579999999999984e+02	1.889879999999999995e+02	1.886670000000000016e+02	1.894910000000000139e+02	1.894230000000000018e+02	1.916889999999999930e+02	1.917570000000000050e+02	1.921920000000000073e+02	1.915279999999999916e+02	1.920550000000000068e+02	1.916659999999999968e+02	1.922379999999999995e+02	1.920089999999999861e+02	1.925130000000000052e+02	1.920089999999999861e+02	1.923290000000000077e+02	1.918489999999999895e+02	1.922609999999999957e+02	1.934279999999999973e+02	1.935420000000000016e+02	1.926959999999999980e+02	1.928559999999999945e+02	1.928559999999999945e+02	1.929929999999999950e+02	1.928100000000000023e+02	1.933139999999999930e+02	1.938859999999999957e+02	1.947779999999999916e+02	1.946409999999999911e+02	1.947330000000000041e+02	1.947779999999999916e+02	1.952359999999999900e+02	1.954650000000000034e+02	1.954879999999999995e+02	1.953739999999999952e+02	1.952820000000000107e+02	1.955569999999999879e+02
1.000000000000000000e+00	5.259249999999999545e+02	4.924850000000000136e+02	4.632110000000000127e+02	4.339830000000000041e+02	4.091490000000000009e+02	3.871080000000000041e+02	3.674239999999999782e+02	3.496859999999999786e+02	3.337099999999999795e+02	3.197939999999999827e+02	3.080059999999999718e+02	2.980040000000000191e+02	2.882080000000000268e+02	2.793500000000000227e+02	2.714769999999999754e+02	2.639010000000000105e+02	2.572860000000000014e+02	2.517009999999999934e+02	2.470089999999999861e+02	2.432560000000000002e+02	2.399370000000000118e+02	2.374190000000000111e+02	2.354739999999999895e+02	2.337570000000000050e+02	2.323379999999999939e+02	2.311479999999999961e+02	2.304149999999999920e+02	2.281270000000000095e+02	2.270279999999999916e+02	2.260889999999999986e+02	2.253340000000000032e+02	2.246930000000000121e+02	2.241670000000000016e+02	2.231829999999999927e+02	2.216949999999999932e+02	2.204590000000000032e+02	2.193149999999999977e+02	2.177810000000000059e+02	2.160869999999999891e+02	2.147369999999999948e+02	2.135469999999999970e+02	2.122880000000000109e+02	2.110519999999999925e+02	2.098389999999999986e+02	2.085109999999999957e+02	2.074130000000000109e+02	2.063830000000000098e+02	2.054900000000000091e+02	2.047350000000000136e+02	2.041399999999999864e+02	2.034759999999999991e+02	2.029950000000000045e+02	2.026059999999999945e+02	2.022400000000000091e+02	2.020339999999999918e+02	2.017139999999999986e+02	2.014619999999999891e+02	2.013240000000000123e+02	2.013019999999999925e+02	2.012100000000000080e+02	2.010500000000000114e+02	2.011870000000000118e+02	2.012100000000000080e+02	2.013470000000000084e+02	2.018050000000000068e+02	2.017820000000000107e+02	2.019199999999999875e+02	2.018969999999999914e+02	2.019879999999999995e+02	2.021260000000000048e+02	2.022860000000000014e+02	2.024689999999999941e+02	2.027439999999999998e+02	2.030180000000000007e+02	2.033389999999999986e+02	2.037280000000000086e+02	2.040709999999999980e+02	2.045289999999999964e+02	2.048489999999999895e+02	2.051699999999999875e+02	2.054209999999999923e+02	2.057880000000000109e+02	2.059250000000000114e+02	2.066570000000000107e+02	2.069550000000000125e+02	2.074130000000000109e+02	2.075730000000000075e+02	2.081220000000000141e+02	2.082599999999999909e+02	2.085109999999999957e+02	2.089000000000000057e+02	2.091059999999999945e+02	2.096790000000000020e+02	2.100910000000000082e+02	2.103880000000000052e+02	2.108919999999999959e+02	2.111659999999999968e+02	2.117390000000000043e+02	2.119449999999999932e+02	2.123789999999999907e+02	2.126999999999999886e+02	2.129060000000000059e+02	2.134550000000000125e+02	2.137069999999999936e+02	2.142789999999999964e+02	2.148509999999999991e+02	2.152630000000000052e+02	2.157439999999999998e+02	2.164079999999999870e+02	2.170029999999999859e+02	2.173689999999999998e+02	2.184219999999999970e+02	2.193369999999999891e+02	2.202760000000000105e+02	2.215809999999999889e+02	2.232059999999999889e+02	2.248760000000000048e+02	2.270970000000000084e+02	2.295910000000000082e+02	2.323149999999999977e+02	2.360689999999999884e+02	2.401659999999999968e+02	2.447889999999999873e+02	2.505339999999999918e+02	2.577900000000000205e+02	2.660749999999999886e+02	2.757339999999999804e+02	2.863770000000000095e+02	2.992860000000000014e+02	3.109130000000000109e+02	3.241879999999999882e+02	3.380810000000000173e+02	3.526150000000000091e+02	3.670350000000000250e+02	3.811109999999999900e+02	3.948899999999999864e+02	4.075240000000000009e+02	4.211879999999999882e+02	4.340969999999999800e+02	4.450609999999999786e+02	4.552919999999999732e+02	4.652250000000000227e+02	4.741519999999999868e+02	4.828489999999999895e+02	4.908369999999999891e+02	4.974289999999999736e+02	5.045470000000000255e+02	5.109100000000000250e+02	5.167469999999999573e+02	5.217359999999999900e+02	5.264279999999999973e+02	5.312809999999999491e+02	5.356520000000000437e+02	5.401609999999999445e+02	5.441440000000000055e+02	5.480349999999999682e+02	5.518799999999999955e+02	5.555879999999999654e+02	5.592730000000000246e+02	5.628200000000000500e+02	5.661849999999999454e+02	5.695720000000000027e+02	5.725940000000000509e+02	5.757749999999999773e+02	5.788880000000000337e+02	5.817720000000000482e+02	5.845639999999999645e+02	5.877690000000000055e+02	5.902630000000000337e+02	5.930099999999999909e+02	5.957789999999999964e+02	5.982060000000000173e+02	6.008150000000000546e+02	6.034470000000000027e+02	6.057359999999999900e+02	6.083220000000000027e+02	6.109539999999999509e+02	6.131059999999999945e+02	6.154629999999999654e+02	6.177980000000000018e+02	6.195599999999999454e+02	6.217799999999999727e+02	6.240230000000000246e+02	6.260829999999999700e+02	6.282580000000000382e+02	6.303410000000000082e+02	6.321259999999999764e+02	6.342089999999999463e+02	6.356739999999999782e+02
0.000000000000000000e+00	1.787340000000000089e+02	1.622539999999999907e+02	1.481779999999999973e+02	1.359790000000000134e+02	1.251069999999999993e+02	1.160199999999999960e+02	1.090619999999999976e+02	1.047819999999999965e+02	9.878499999999999659e+01	9.434499999999999886e+01	9.084300000000000352e+01	8.839400000000000546e+01	8.615099999999999625e+01	8.427400000000000091e+01	8.315300000000000580e+01	8.182500000000000284e+01	8.075000000000000000e+01	7.999399999999999977e+01	7.919299999999999784e+01	7.843800000000000239e+01	7.795699999999999363e+01	7.747700000000000387e+01	7.649200000000000443e+01	7.539400000000000546e+01	7.401999999999999602e+01	7.285299999999999443e+01	7.166299999999999670e+01	7.072400000000000375e+01	6.999200000000000443e+01	6.930500000000000682e+01	6.889300000000000068e+01	6.829800000000000182e+01	6.802400000000000091e+01	6.770300000000000296e+01	6.758899999999999864e+01	6.745099999999999341e+01	6.740600000000000591e+01	6.729099999999999682e+01	6.738299999999999557e+01	6.751999999999999602e+01	6.754300000000000637e+01	6.772599999999999909e+01	6.777200000000000557e+01	6.790900000000000603e+01	6.809199999999999875e+01	6.823000000000000398e+01	6.834399999999999409e+01	6.870999999999999375e+01	6.880200000000000671e+01	6.900799999999999557e+01	6.937399999999999523e+01	6.948900000000000432e+01	6.990099999999999625e+01	7.022100000000000364e+01	7.054099999999999682e+01	7.074699999999999989e+01	7.095300000000000296e+01	7.134199999999999875e+01	7.159399999999999409e+01	7.182299999999999329e+01	7.216599999999999682e+01	7.234999999999999432e+01	7.280700000000000216e+01	7.305899999999999750e+01	7.331100000000000705e+01	7.356300000000000239e+01	7.395199999999999818e+01	7.418099999999999739e+01	7.443200000000000216e+01	7.489000000000000057e+01	7.518800000000000239e+01	7.543899999999999295e+01	7.585099999999999909e+01	7.619499999999999318e+01	7.662999999999999545e+01	7.701900000000000546e+01	7.727100000000000080e+01	7.761400000000000432e+01	7.802599999999999625e+01	7.834600000000000364e+01	7.871200000000000330e+01	7.901000000000000512e+01	7.937600000000000477e+01	7.974200000000000443e+01	8.024599999999999511e+01	8.052100000000000080e+01	8.100100000000000477e+01	8.136700000000000443e+01	8.171099999999999852e+01	8.214600000000000080e+01	8.253499999999999659e+01	8.287800000000000011e+01	8.331300000000000239e+01	8.372499999999999432e+01	8.413700000000000045e+01	8.448000000000000398e+01	8.493800000000000239e+01	8.530400000000000205e+01	8.583100000000000307e+01	8.615099999999999625e+01	8.651699999999999591e+01	8.697499999999999432e+01	8.731799999999999784e+01	8.770799999999999841e+01	8.805100000000000193e+01	8.818800000000000239e+01	8.846299999999999386e+01	8.864600000000000080e+01	8.889799999999999613e+01	8.903499999999999659e+01	8.928700000000000614e+01	8.940099999999999625e+01	8.946999999999999886e+01	8.956100000000000705e+01	8.967600000000000193e+01	8.972199999999999420e+01	8.988200000000000500e+01	9.001900000000000546e+01	9.008799999999999386e+01	9.017900000000000205e+01	9.031699999999999307e+01	9.038500000000000512e+01	9.063700000000000045e+01	9.068300000000000693e+01	9.070600000000000307e+01	9.086599999999999966e+01	9.084300000000000352e+01	9.102599999999999625e+01	9.107200000000000273e+01	9.107200000000000273e+01	9.088899999999999579e+01	9.109499999999999886e+01	9.111799999999999500e+01	9.127800000000000580e+01	9.134699999999999420e+01	9.132399999999999807e+01	9.137000000000000455e+01	9.143800000000000239e+01	9.143800000000000239e+01	9.141500000000000625e+01	9.148399999999999466e+01	9.155299999999999727e+01	9.132399999999999807e+01	9.139300000000000068e+01	9.139300000000000068e+01	9.134699999999999420e+01	9.137000000000000455e+01	9.141500000000000625e+01	9.139300000000000068e+01	9.143800000000000239e+01	9.162099999999999511e+01	9.166700000000000159e+01	9.164400000000000546e+01	9.166700000000000159e+01	9.184999999999999432e+01	9.182699999999999818e+01	9.189600000000000080e+01	9.182699999999999818e+01	9.189600000000000080e+01	9.187300000000000466e+01	9.191899999999999693e+01	9.201000000000000512e+01	9.198799999999999955e+01	9.201000000000000512e+01	9.205599999999999739e+01	9.205599999999999739e+01	9.212500000000000000e+01	9.217100000000000648e+01	9.217100000000000648e+01	9.214799999999999613e+01	9.210200000000000387e+01	9.207899999999999352e+01	9.203300000000000125e+01	9.205599999999999739e+01	9.205599999999999739e+01	9.203300000000000125e+01	9.212500000000000000e+01	9.217100000000000648e+01	9.207899999999999352e+01	9.207899999999999352e+01	9.207899999999999352e+01	9.198799999999999955e+01	9.198799999999999955e+01	9.207899999999999352e+01	9.210200000000000387e+01	9.210200000000000387e+01	9.212500000000000000e+01	9.212500000000000000e+01	9.210200000000000387e+01
1.000000000000000000e+00	2.718890000000000100e+02	2.417220000000000084e+02	2.139819999999999993e+02	1.893770000000000095e+02	1.694639999999999986e+02	1.510850000000000080e+02	1.363220000000000027e+02	1.254959999999999951e+02	1.165919999999999987e+02	1.189039999999999964e+02	1.052399999999999949e+02	1.008910000000000053e+02	9.720600000000000307e+01	9.390999999999999659e+01	9.189600000000000080e+01	8.951600000000000534e+01	8.828000000000000114e+01	8.709000000000000341e+01	8.592199999999999704e+01	8.486899999999999977e+01	8.383899999999999864e+01	8.287800000000000011e+01	8.155100000000000193e+01	7.969700000000000273e+01	7.788800000000000523e+01	7.653799999999999670e+01	7.504999999999999716e+01	7.404300000000000637e+01	7.331100000000000705e+01	7.257800000000000296e+01	7.205200000000000671e+01	7.170900000000000318e+01	7.129699999999999704e+01	7.118200000000000216e+01	7.113599999999999568e+01	7.099899999999999523e+01	7.106799999999999784e+01	7.125100000000000477e+01	7.154800000000000182e+01	7.189199999999999591e+01	7.214400000000000546e+01	7.257800000000000296e+01	7.296800000000000352e+01	7.342499999999999716e+01	7.388299999999999557e+01	7.447799999999999443e+01	7.500499999999999545e+01	7.555400000000000205e+01	7.619499999999999318e+01	7.685899999999999466e+01	7.745399999999999352e+01	7.820900000000000318e+01	7.891800000000000637e+01	7.958199999999999363e+01	8.020000000000000284e+01	8.095600000000000307e+01	8.175700000000000500e+01	8.255800000000000693e+01	8.340500000000000114e+01	8.427400000000000091e+01	8.503000000000000114e+01	8.592199999999999704e+01	8.679200000000000159e+01	8.761599999999999966e+01	8.855400000000000205e+01	8.940099999999999625e+01	9.006499999999999773e+01	9.072899999999999920e+01	9.132399999999999807e+01	9.194199999999999307e+01	9.251399999999999579e+01	9.315500000000000114e+01	9.379600000000000648e+01	9.445999999999999375e+01	9.523799999999999955e+01	9.601600000000000534e+01	9.690900000000000603e+01	9.805299999999999727e+01	9.919700000000000273e+01	1.005709999999999980e+02	1.019899999999999949e+02	1.035460000000000065e+02	1.054230000000000018e+02	1.075060000000000002e+02	1.097489999999999952e+02	1.122439999999999998e+02	1.150130000000000052e+02	1.180799999999999983e+02	1.213070000000000022e+02	1.247860000000000014e+02	1.286090000000000089e+02	1.327510000000000048e+02	1.370089999999999861e+02	1.413569999999999993e+02	1.458890000000000100e+02	1.503979999999999961e+02	1.549070000000000107e+02	1.593019999999999925e+02	1.639250000000000114e+02	1.677930000000000064e+02	1.719130000000000109e+02	1.756899999999999977e+02	1.790999999999999943e+02	1.825560000000000116e+02	1.857829999999999870e+02	1.885759999999999934e+02	1.913449999999999989e+02	1.939089999999999918e+02	1.960600000000000023e+02	1.980060000000000002e+02	1.997450000000000045e+02	2.014619999999999891e+02	2.034300000000000068e+02	2.048259999999999934e+02	2.060850000000000080e+02	2.077330000000000041e+02	2.086939999999999884e+02	2.096790000000000020e+02	2.107769999999999868e+02	2.117609999999999957e+02	2.125850000000000080e+02	2.135469999999999970e+02	2.143019999999999925e+02	2.150339999999999918e+02	2.158129999999999882e+02	2.165680000000000121e+02	2.175749999999999886e+02	2.182620000000000005e+02	2.189029999999999916e+02	2.193369999999999891e+02	2.200010000000000048e+02	2.201390000000000100e+02	2.208710000000000093e+02	2.215120000000000005e+02	2.215349999999999966e+02	2.221759999999999877e+02	2.226100000000000136e+02	2.226560000000000059e+02	2.232280000000000086e+02	2.236630000000000109e+02	2.237319999999999993e+02	2.241440000000000055e+02	2.246250000000000000e+02	2.246699999999999875e+02	2.250819999999999936e+02	2.254490000000000123e+02	2.252880000000000109e+02	2.258609999999999900e+02	2.261349999999999909e+02	2.260889999999999986e+02	2.262500000000000000e+02	2.265699999999999932e+02	2.265469999999999970e+02	2.267299999999999898e+02	2.267760000000000105e+02	2.269360000000000070e+02	2.271189999999999998e+02	2.272800000000000011e+02	2.274399999999999977e+02	2.274859999999999900e+02	2.277829999999999870e+02	2.278750000000000000e+02	2.279209999999999923e+02	2.280349999999999966e+02	2.280349999999999966e+02	2.279209999999999923e+02	2.283549999999999898e+02	2.283329999999999984e+02	2.284010000000000105e+02	2.282410000000000139e+02	2.280349999999999966e+02	2.282410000000000139e+02	2.278060000000000116e+02	2.280120000000000005e+02	2.279209999999999923e+02	2.278750000000000000e+02	2.278060000000000116e+02	2.276690000000000111e+02	2.276920000000000073e+02	2.278060000000000116e+02	2.277829999999999870e+02	2.277829999999999870e+02	2.276920000000000073e+02	2.277829999999999870e+02	2.277150000000000034e+02	2.277829999999999870e+02	2.276229999999999905e+02	2.276459999999999866e+02	2.276229999999999905e+02
1.000000000000000000e+00	5.232240000000000464e+02	4.379200000000000159e+02	3.650889999999999986e+02	3.025819999999999936e+02	2.561650000000000205e+02	2.227249999999999943e+02	1.993100000000000023e+02	1.791229999999999905e+02	1.649089999999999918e+02	1.535339999999999918e+02	1.445620000000000118e+02	1.368940000000000055e+02	1.322940000000000111e+02	1.271899999999999977e+02	1.224290000000000020e+02	1.174159999999999968e+02	1.139140000000000015e+02	1.111910000000000025e+02	1.089249999999999972e+02	1.059270000000000067e+02	1.024020000000000010e+02	9.908299999999999841e+01	9.585599999999999454e+01	9.381900000000000261e+01	9.132399999999999807e+01	8.969899999999999807e+01	8.876000000000000512e+01	8.786799999999999500e+01	8.658599999999999852e+01	8.571599999999999397e+01	8.443500000000000227e+01	8.363299999999999557e+01	8.381699999999999307e+01	8.306100000000000705e+01	8.246599999999999397e+01	8.198499999999999943e+01	8.143600000000000705e+01	8.182500000000000284e+01	8.148199999999999932e+01	8.132200000000000273e+01	8.095600000000000307e+01	8.061199999999999477e+01	8.033799999999999386e+01	7.997100000000000364e+01	7.971999999999999886e+01	7.949099999999999966e+01	7.935299999999999443e+01	7.939900000000000091e+01	7.926200000000000045e+01	7.953600000000000136e+01	7.942199999999999704e+01	7.942199999999999704e+01	7.937600000000000477e+01	7.932999999999999829e+01	7.919299999999999784e+01	7.930800000000000693e+01	7.932999999999999829e+01	7.921599999999999397e+01	7.951399999999999579e+01	7.932999999999999829e+01	7.926200000000000045e+01	7.932999999999999829e+01	7.946800000000000352e+01	7.953600000000000136e+01	7.951399999999999579e+01	7.960500000000000398e+01	7.949099999999999966e+01	7.946800000000000352e+01	7.935299999999999443e+01	7.960500000000000398e+01	7.935299999999999443e+01	7.953600000000000136e+01	7.942199999999999704e+01	7.939900000000000091e+01	7.960500000000000398e+01	7.978799999999999670e+01	7.987999999999999545e+01	7.997100000000000364e+01	7.997100000000000364e+01	7.999399999999999977e+01	8.079500000000000171e+01	8.095600000000000307e+01	8.123000000000000398e+01	8.120699999999999363e+01	8.166500000000000625e+01	8.209999999999999432e+01	8.209999999999999432e+01	8.235200000000000387e+01	8.251200000000000045e+01	8.255800000000000693e+01	8.280899999999999750e+01	8.276399999999999579e+01	8.301500000000000057e+01	8.296999999999999886e+01	8.303799999999999670e+01	8.333599999999999852e+01	8.338200000000000500e+01	8.342700000000000671e+01	8.349599999999999511e+01	8.365600000000000591e+01	8.393099999999999739e+01	8.406799999999999784e+01	8.438899999999999579e+01	8.461799999999999500e+01	8.532699999999999818e+01	8.576200000000000045e+01	8.612800000000000011e+01	8.644899999999999807e+01	8.690600000000000591e+01	8.756999999999999318e+01	8.843999999999999773e+01	9.045399999999999352e+01	9.143800000000000239e+01	9.274299999999999500e+01	9.439100000000000534e+01	9.663400000000000034e+01	9.894599999999999795e+01	1.016239999999999952e+02	1.058810000000000002e+02	1.089020000000000010e+02	1.122890000000000015e+02	1.154939999999999998e+02	1.192699999999999960e+02	1.226350000000000051e+02	1.259989999999999952e+02	1.293640000000000043e+02	1.325229999999999961e+02	1.356119999999999948e+02	1.388170000000000073e+02	1.416090000000000089e+02	1.440809999999999889e+02	1.462100000000000080e+02	1.482009999999999934e+02	1.504439999999999884e+02	1.520689999999999884e+02	1.535800000000000125e+02	1.553420000000000130e+02	1.565550000000000068e+02	1.577680000000000007e+02	1.588209999999999980e+02	1.601939999999999884e+02	1.610180000000000007e+02	1.617740000000000009e+02	1.628269999999999982e+02	1.647259999999999991e+02	1.650469999999999970e+02	1.658019999999999925e+02	1.663280000000000030e+02	1.670380000000000109e+02	1.674269999999999925e+02	1.678619999999999948e+02	1.681589999999999918e+02	1.684569999999999936e+02	1.687769999999999868e+02	1.693950000000000102e+02	1.697390000000000043e+02	1.700360000000000014e+02	1.702880000000000109e+02	1.705629999999999882e+02	1.712489999999999952e+02	1.717760000000000105e+02	1.721879999999999882e+02	1.724850000000000136e+02	1.726459999999999866e+02	1.728969999999999914e+02	1.732640000000000100e+02	1.734919999999999902e+02	1.775670000000000073e+02	1.783220000000000027e+02	1.782990000000000066e+02	1.784590000000000032e+02	1.786419999999999959e+02	1.788019999999999925e+02	1.790540000000000020e+02	1.793520000000000039e+02	1.795120000000000005e+02	1.800380000000000109e+02	1.807249999999999943e+02	1.852570000000000050e+02	1.853259999999999934e+02	1.852340000000000089e+02	1.853259999999999934e+02	1.854629999999999939e+02	1.853710000000000093e+02	1.855089999999999861e+02	1.855550000000000068e+02	1.861949999999999932e+02	1.861040000000000134e+02	1.861949999999999932e+02
1.000000000000000000e+00	2.349929999999999950e+02	2.178269999999999982e+02	1.982800000000000011e+02	1.816860000000000070e+02	1.671069999999999993e+02	1.540370000000000061e+02	1.431879999999999882e+02	1.342160000000000082e+02	1.272349999999999994e+02	1.214899999999999949e+02	1.166380000000000052e+02	1.129069999999999965e+02	1.094279999999999973e+02	1.071170000000000044e+02	1.051710000000000065e+02	1.030879999999999939e+02	1.020580000000000069e+02	1.010510000000000019e+02	1.000439999999999969e+02	9.906000000000000227e+01	9.814499999999999602e+01	9.773300000000000409e+01	9.697700000000000387e+01	9.638200000000000500e+01	9.638200000000000500e+01	9.606199999999999761e+01	9.606199999999999761e+01	9.585599999999999454e+01	9.553499999999999659e+01	9.528400000000000603e+01	9.585599999999999454e+01	9.581000000000000227e+01	9.583299999999999841e+01	9.583299999999999841e+01	9.622199999999999420e+01	9.649699999999999989e+01	9.658799999999999386e+01	9.684000000000000341e+01	9.674800000000000466e+01	9.715999999999999659e+01	9.741200000000000614e+01	9.697700000000000387e+01	9.741200000000000614e+01	9.775499999999999545e+01	9.754900000000000659e+01	9.780100000000000193e+01	9.857899999999999352e+01	9.841899999999999693e+01	9.937999999999999545e+01	9.958599999999999852e+01	1.003190000000000026e+02	1.006850000000000023e+02	1.015319999999999965e+02	1.021500000000000057e+02	1.025390000000000015e+02	1.028589999999999947e+02	1.030430000000000064e+02	1.035690000000000026e+02	1.039120000000000061e+02	1.041640000000000015e+02	1.044620000000000033e+02	1.046910000000000025e+02	1.050799999999999983e+02	1.056059999999999945e+02	1.060870000000000033e+02	1.086039999999999992e+02	1.062240000000000038e+02	1.064989999999999952e+02	1.067729999999999961e+02	1.070019999999999953e+02	1.074599999999999937e+02	1.078029999999999973e+02	1.082609999999999957e+02	1.086500000000000057e+02	1.090619999999999976e+02	1.095199999999999960e+02	1.099779999999999944e+02	1.106410000000000053e+02	1.110759999999999934e+02	1.118089999999999975e+02	1.133190000000000026e+02	1.141200000000000045e+02	1.159060000000000059e+02	1.165010000000000048e+02	1.177830000000000013e+02	1.188810000000000002e+02	1.201170000000000044e+02	1.184920000000000044e+02	1.198430000000000035e+02	1.214680000000000035e+02	1.231839999999999975e+02	1.250840000000000032e+02	1.269609999999999985e+02	1.289519999999999982e+02	1.308979999999999961e+02	1.326599999999999966e+02	1.349259999999999877e+02	1.368029999999999973e+02	1.384960000000000093e+02	1.401899999999999977e+02	1.418609999999999900e+02	1.437150000000000034e+02	1.458890000000000100e+02	1.481090000000000089e+02	1.505360000000000014e+02	1.528930000000000007e+02	1.553650000000000091e+02	1.575850000000000080e+02	1.585920000000000130e+02	1.591639999999999873e+02	1.600339999999999918e+02	1.611100000000000136e+02	1.621860000000000070e+02	1.635589999999999975e+02	1.649780000000000086e+02	1.666030000000000086e+02	1.677930000000000064e+02	1.680449999999999875e+02	1.683429999999999893e+02	1.685490000000000066e+02	1.689149999999999920e+02	1.696009999999999991e+02	1.703340000000000032e+02	1.712949999999999875e+02	1.722110000000000127e+02	1.732410000000000139e+02	1.742019999999999982e+02	1.751630000000000109e+02	1.777040000000000077e+02	1.786189999999999998e+02	1.794430000000000121e+02	1.804499999999999886e+02	1.815260000000000105e+02	1.824190000000000111e+02	1.834259999999999877e+02	1.844329999999999927e+02	1.853489999999999895e+02	1.862410000000000139e+02	1.871800000000000068e+02	1.880720000000000027e+02	1.890790000000000077e+02	1.900180000000000007e+02	1.909790000000000134e+02	1.919170000000000016e+02	1.928100000000000023e+02	1.937259999999999991e+02	1.945720000000000027e+02	1.955109999999999957e+02	1.963580000000000041e+02	1.972729999999999961e+02	1.980740000000000123e+02	1.988530000000000086e+02	1.996310000000000002e+02	2.004089999999999918e+02	2.011179999999999950e+02	2.017359999999999900e+02	2.024230000000000018e+02	2.019650000000000034e+02	2.026980000000000075e+02	2.032700000000000102e+02	2.038420000000000130e+02	2.045289999999999964e+02	2.052379999999999995e+02	2.060169999999999959e+02	2.066800000000000068e+02	2.064739999999999895e+02	2.062230000000000132e+02	2.060850000000000080e+02	2.056730000000000018e+02	2.056270000000000095e+02	2.052839999999999918e+02	2.052609999999999957e+02	2.052609999999999957e+02	2.053530000000000086e+02	2.055130000000000052e+02	2.056049999999999898e+02	2.058329999999999984e+02	2.060620000000000118e+02	2.061769999999999925e+02	2.067949999999999875e+02	2.072750000000000057e+02	2.073899999999999864e+02	2.076639999999999873e+02	2.078480000000000132e+02	2.079619999999999891e+02	2.083509999999999991e+02	2.083280000000000030e+02	2.085339999999999918e+02	2.085339999999999918e+02
1.000000000000000000e+00	3.594590000000000032e+02	3.186490000000000009e+02	2.829209999999999923e+02	2.511519999999999868e+02	2.247390000000000043e+02	2.040939999999999941e+02	1.872019999999999982e+02	1.735380000000000109e+02	1.628720000000000141e+02	1.545409999999999968e+02	1.478580000000000041e+02	1.425250000000000057e+02	1.381990000000000123e+02	1.338959999999999866e+02	1.298220000000000027e+02	1.253359999999999985e+02	1.203460000000000036e+02	1.157000000000000028e+02	1.116029999999999944e+02	1.080780000000000030e+02	1.051029999999999944e+02	1.024699999999999989e+02	1.004330000000000069e+02	9.864799999999999613e+01	9.704600000000000648e+01	9.592400000000000659e+01	9.507800000000000296e+01	9.406999999999999318e+01	9.304000000000000625e+01	9.244499999999999318e+01	9.189600000000000080e+01	9.125499999999999545e+01	9.100300000000000011e+01	9.056900000000000261e+01	9.017900000000000205e+01	8.995099999999999341e+01	8.924099999999999966e+01	8.912699999999999534e+01	8.889799999999999613e+01	8.921800000000000352e+01	8.855400000000000205e+01	8.830299999999999727e+01	8.830299999999999727e+01	8.795900000000000318e+01	8.786799999999999500e+01	8.773000000000000398e+01	8.770799999999999841e+01	8.812000000000000455e+01	8.834799999999999898e+01	8.814199999999999591e+01	8.830299999999999727e+01	8.862300000000000466e+01	8.841700000000000159e+01	8.828000000000000114e+01	8.823399999999999466e+01	8.857699999999999818e+01	8.837099999999999511e+01	8.882899999999999352e+01	8.848600000000000421e+01	8.857699999999999818e+01	8.880599999999999739e+01	8.896599999999999397e+01	8.887500000000000000e+01	8.969899999999999807e+01	9.027100000000000080e+01	9.024800000000000466e+01	9.015699999999999648e+01	9.056900000000000261e+01	9.059099999999999397e+01	9.070600000000000307e+01	9.077500000000000568e+01	9.059099999999999397e+01	9.137000000000000455e+01	9.132399999999999807e+01	9.125499999999999545e+01	9.235399999999999920e+01	9.226200000000000045e+01	9.217100000000000648e+01	9.242199999999999704e+01	9.237699999999999534e+01	9.260599999999999454e+01	9.265099999999999625e+01	9.276600000000000534e+01	9.320099999999999341e+01	9.320099999999999341e+01	9.441400000000000148e+01	9.546699999999999875e+01	9.551200000000000045e+01	9.537500000000000000e+01	9.539799999999999613e+01	9.574099999999999966e+01	9.567300000000000182e+01	9.583299999999999841e+01	9.574099999999999966e+01	9.574099999999999966e+01	9.697700000000000387e+01	9.677100000000000080e+01	9.887699999999999534e+01	9.860200000000000387e+01	9.835099999999999909e+01	9.837300000000000466e+01	9.837300000000000466e+01	9.853400000000000603e+01	9.839600000000000080e+01	9.839600000000000080e+01	9.851099999999999568e+01	9.896899999999999409e+01	9.921999999999999886e+01	1.002039999999999935e+02	1.003649999999999949e+02	1.016460000000000008e+02	1.017840000000000060e+02	1.019210000000000065e+02	1.021269999999999953e+02	1.022189999999999941e+02	1.026989999999999981e+02	1.027909999999999968e+02	1.027450000000000045e+02	1.028820000000000050e+02	1.034549999999999983e+02	1.035229999999999961e+02	1.038439999999999941e+02	1.042789999999999964e+02	1.045529999999999973e+02	1.049879999999999995e+02	1.057890000000000015e+02	1.063610000000000042e+02	1.065439999999999969e+02	1.070250000000000057e+02	1.074599999999999937e+02	1.085819999999999936e+02	1.110310000000000059e+02	1.119000000000000057e+02	1.119920000000000044e+02	1.133880000000000052e+02	1.148070000000000022e+02	1.203460000000000036e+02	1.228409999999999940e+02	1.246490000000000009e+02	1.268229999999999933e+02	1.295469999999999970e+02	1.322019999999999982e+02	1.356119999999999948e+02	1.386339999999999861e+02	1.418379999999999939e+02	1.449739999999999895e+02	1.483609999999999900e+02	1.517259999999999991e+02	1.554569999999999936e+02	1.593930000000000007e+02	1.628269999999999982e+02	1.661680000000000064e+02	1.697849999999999966e+02	1.724399999999999977e+02	1.750029999999999859e+02	1.773830000000000098e+02	1.793750000000000000e+02	1.812520000000000095e+02	1.832199999999999989e+02	1.846850000000000023e+02	1.865389999999999873e+02	1.882549999999999955e+02	1.894679999999999893e+02	1.906810000000000116e+02	1.915049999999999955e+02	1.926270000000000095e+02	1.940689999999999884e+02	1.951220000000000141e+02	1.956250000000000000e+02	1.965409999999999968e+02	1.975250000000000057e+02	1.985320000000000107e+02	1.989900000000000091e+02	1.995389999999999873e+02	1.999279999999999973e+02	2.005000000000000000e+02	2.007980000000000018e+02	2.015989999999999895e+02	2.021709999999999923e+02	2.024459999999999980e+02	2.028810000000000002e+02	2.032470000000000141e+02	2.034070000000000107e+02	2.044830000000000041e+02	2.044139999999999873e+02	2.046200000000000045e+02	2.050320000000000107e+02	2.053530000000000086e+02	2.059480000000000075e+02
0.000000000000000000e+00	4.342119999999999891e+02	3.882060000000000173e+02	3.452450000000000045e+02	3.103870000000000005e+02	2.839510000000000218e+02	2.603990000000000009e+02	2.402570000000000050e+02	2.224960000000000093e+02	2.089000000000000057e+02	1.979370000000000118e+02	1.896970000000000027e+02	1.840900000000000034e+02	1.785279999999999916e+02	1.742940000000000111e+02	1.706539999999999964e+02	1.669459999999999980e+02	1.639480000000000075e+02	1.600339999999999918e+02	1.558460000000000036e+02	1.520459999999999923e+02	1.486129999999999995e+02	1.454319999999999879e+02	1.426390000000000100e+02	1.404420000000000073e+02	1.383129999999999882e+02	1.366879999999999882e+02	1.352690000000000055e+02	1.340560000000000116e+02	1.333240000000000123e+02	1.327510000000000048e+02	1.320420000000000016e+02	1.318360000000000127e+02	1.318360000000000127e+02	1.317669999999999959e+02	1.318129999999999882e+02	1.324079999999999870e+02	1.324770000000000039e+02	1.327059999999999889e+02	1.330949999999999989e+02	1.335980000000000132e+02	1.339650000000000034e+02	1.342620000000000005e+02	1.345600000000000023e+02	1.349950000000000045e+02	1.355440000000000111e+02	1.359790000000000134e+02	1.364590000000000032e+02	1.376500000000000057e+02	1.383129999999999882e+02	1.387940000000000111e+02	1.393429999999999893e+02	1.397090000000000032e+02	1.406020000000000039e+02	1.412199999999999989e+02	1.420209999999999866e+02	1.428449999999999989e+02	1.435780000000000030e+02	1.443329999999999984e+02	1.451800000000000068e+02	1.459579999999999984e+02	1.468280000000000030e+02	1.476059999999999945e+02	1.482239999999999895e+02	1.490939999999999941e+02	1.498489999999999895e+02	1.506270000000000095e+02	1.514050000000000011e+02	1.521380000000000052e+02	1.527789999999999964e+02	1.535109999999999957e+02	1.541750000000000114e+02	1.549300000000000068e+02	1.557079999999999984e+02	1.564180000000000064e+02	1.571040000000000134e+02	1.577450000000000045e+02	1.583629999999999995e+02	1.589579999999999984e+02	1.596910000000000025e+02	1.602400000000000091e+02	1.607889999999999873e+02	1.614070000000000107e+02	1.621169999999999902e+02	1.625749999999999886e+02	1.633530000000000086e+02	1.638789999999999907e+02	1.645200000000000102e+02	1.655730000000000075e+02	1.660769999999999982e+02	1.666949999999999932e+02	1.671750000000000114e+02	1.677700000000000102e+02	1.683199999999999932e+02	1.690289999999999964e+02	1.696469999999999914e+02	1.702419999999999902e+02	1.708830000000000098e+02	1.714780000000000086e+02	1.720049999999999955e+02	1.727369999999999948e+02	1.731030000000000086e+02	1.735380000000000109e+02	1.738129999999999882e+02	1.740649999999999977e+02	1.744079999999999870e+02	1.747059999999999889e+02	1.749110000000000014e+02	1.751860000000000070e+02	1.753689999999999998e+02	1.756210000000000093e+02	1.758499999999999943e+02	1.760329999999999870e+02	1.763309999999999889e+02	1.764219999999999970e+02	1.766970000000000027e+02	1.768110000000000070e+02	1.770399999999999920e+02	1.772230000000000132e+02	1.775440000000000111e+02	1.777500000000000000e+02	1.779099999999999966e+02	1.780240000000000009e+02	1.783449999999999989e+02	1.784590000000000032e+02	1.788940000000000055e+02	1.790769999999999982e+02	1.791459999999999866e+02	1.794430000000000121e+02	1.798100000000000023e+02	1.800380000000000109e+02	1.802220000000000084e+02	1.802899999999999920e+02	1.805879999999999939e+02	1.807479999999999905e+02	1.809079999999999870e+02	1.810910000000000082e+02	1.812059999999999889e+02	1.813890000000000100e+02	1.814799999999999898e+02	1.820980000000000132e+02	1.818009999999999877e+02	1.817549999999999955e+02	1.817779999999999916e+02	1.819610000000000127e+02	1.819149999999999920e+02	1.819379999999999882e+02	1.819840000000000089e+02	1.820759999999999934e+02	1.822810000000000059e+02	1.823040000000000020e+02	1.823499999999999943e+02	1.824190000000000111e+02	1.825329999999999870e+02	1.824869999999999948e+02	1.827849999999999966e+02	1.828770000000000095e+02	1.827620000000000005e+02	1.828079999999999927e+02	1.829449999999999932e+02	1.829449999999999932e+02	1.829910000000000139e+02	1.829449999999999932e+02	1.830370000000000061e+02	1.829910000000000139e+02	1.831510000000000105e+02	1.833110000000000070e+02	1.832429999999999950e+02	1.833340000000000032e+02	1.834029999999999916e+02	1.834720000000000084e+02	1.833799999999999955e+02	1.835399999999999920e+02	1.837230000000000132e+02	1.835169999999999959e+02	1.835399999999999920e+02	1.835860000000000127e+02	1.835860000000000127e+02	1.838149999999999977e+02	1.837009999999999934e+02	1.838149999999999977e+02	1.838839999999999861e+02	1.839070000000000107e+02	1.838379999999999939e+02	1.840440000000000111e+02	1.840900000000000034e+02	1.841579999999999870e+02	1.839979999999999905e+02	1.841129999999999995e+02	1.841579999999999870e+02
0.000000000000000000e+00	2.325440000000000111e+02	2.166599999999999966e+02	2.007290000000000134e+02	1.858060000000000116e+02	1.720730000000000075e+02	1.596680000000000064e+02	1.487500000000000000e+02	1.395260000000000105e+02	1.318820000000000050e+02	1.255190000000000055e+02	1.200259999999999962e+02	1.166839999999999975e+02	1.127009999999999934e+02	1.095889999999999986e+02	1.067500000000000000e+02	1.044849999999999994e+02	1.020130000000000052e+02	9.972400000000000375e+01	9.798399999999999466e+01	9.612999999999999545e+01	9.384199999999999875e+01	9.127800000000000580e+01	8.885200000000000387e+01	8.699800000000000466e+01	8.580800000000000693e+01	8.457200000000000273e+01	8.377100000000000080e+01	8.294700000000000273e+01	8.239700000000000557e+01	8.175700000000000500e+01	8.123000000000000398e+01	8.075000000000000000e+01	7.999399999999999977e+01	7.944499999999999318e+01	7.926200000000000045e+01	7.889600000000000080e+01	7.846099999999999852e+01	7.798000000000000398e+01	7.765999999999999659e+01	7.743099999999999739e+01	7.713299999999999557e+01	7.706499999999999773e+01	7.679000000000000625e+01	7.665300000000000580e+01	7.660699999999999932e+01	7.658400000000000318e+01	7.658400000000000318e+01	7.651500000000000057e+01	7.644700000000000273e+01	7.665300000000000580e+01	7.679000000000000625e+01	7.644700000000000273e+01	7.697299999999999898e+01	7.674399999999999977e+01	7.759099999999999397e+01	7.788800000000000523e+01	7.791100000000000136e+01	7.816299999999999670e+01	7.818600000000000705e+01	7.823199999999999932e+01	7.841500000000000625e+01	7.864400000000000546e+01	7.848399999999999466e+01	7.891800000000000637e+01	7.937600000000000477e+01	7.935299999999999443e+01	7.928499999999999659e+01	7.937600000000000477e+01	8.093300000000000693e+01	8.081799999999999784e+01	8.134499999999999886e+01	8.175700000000000500e+01	8.193999999999999773e+01	8.193999999999999773e+01	8.207699999999999818e+01	8.232899999999999352e+01	8.230599999999999739e+01	8.274099999999999966e+01	8.589900000000000091e+01	8.557899999999999352e+01	8.578499999999999659e+01	8.592199999999999704e+01	8.601399999999999579e+01	8.637999999999999545e+01	8.670000000000000284e+01	8.699800000000000466e+01	8.706699999999999307e+01	8.715800000000000125e+01	8.738700000000000045e+01	8.768500000000000227e+01	8.791400000000000148e+01	8.816500000000000625e+01	8.864600000000000080e+01	8.864600000000000080e+01	8.866899999999999693e+01	8.887500000000000000e+01	8.901200000000000045e+01	8.905800000000000693e+01	8.903499999999999659e+01	8.912699999999999534e+01	8.944700000000000273e+01	9.017900000000000205e+01	9.024800000000000466e+01	9.063700000000000045e+01	9.065999999999999659e+01	9.107200000000000273e+01	9.116400000000000148e+01	9.150700000000000500e+01	9.178199999999999648e+01	9.287999999999999545e+01	9.317799999999999727e+01	9.338400000000000034e+01	9.331499999999999773e+01	9.352100000000000080e+01	9.361299999999999955e+01	9.409300000000000352e+01	9.368099999999999739e+01	9.379600000000000648e+01	9.393300000000000693e+01	9.418500000000000227e+01	9.427599999999999625e+01	9.436799999999999500e+01	9.459699999999999420e+01	9.496299999999999386e+01	9.509999999999999432e+01	9.528400000000000603e+01	9.548999999999999488e+01	9.569499999999999318e+01	9.583299999999999841e+01	9.606199999999999761e+01	9.640500000000000114e+01	9.642799999999999727e+01	9.645099999999999341e+01	9.546699999999999875e+01	9.684000000000000341e+01	9.700000000000000000e+01	9.720600000000000307e+01	9.736599999999999966e+01	9.748099999999999454e+01	9.775499999999999545e+01	9.761799999999999500e+01	9.814499999999999602e+01	9.848799999999999955e+01	9.931199999999999761e+01	9.883100000000000307e+01	9.903700000000000614e+01	9.933499999999999375e+01	9.965500000000000114e+01	9.986100000000000421e+01	1.001590000000000060e+02	1.002960000000000065e+02	1.007770000000000010e+02	1.009599999999999937e+02	1.011889999999999930e+02	1.015550000000000068e+02	1.019210000000000065e+02	1.020130000000000052e+02	1.021500000000000057e+02	1.023790000000000049e+02	1.024699999999999989e+02	1.026539999999999964e+02	1.029279999999999973e+02	1.029969999999999999e+02	1.034770000000000039e+02	1.035460000000000065e+02	1.037980000000000018e+02	1.041869999999999976e+02	1.046449999999999960e+02	1.046910000000000025e+02	1.046910000000000025e+02	1.048280000000000030e+02	1.050340000000000060e+02	1.052630000000000052e+02	1.054459999999999980e+02	1.055600000000000023e+02	1.056059999999999945e+02	1.061550000000000011e+02	1.059270000000000067e+02	1.058349999999999937e+02	1.057890000000000015e+02	1.059950000000000045e+02	1.058580000000000041e+02	1.058580000000000041e+02	1.058349999999999937e+02	1.058580000000000041e+02	1.058580000000000041e+02	1.062930000000000064e+02	1.061779999999999973e+02	1.057210000000000036e+02
0.000000000000000000e+00	3.184200000000000159e+02	2.961039999999999850e+02	2.731929999999999836e+02	2.533259999999999934e+02	2.341229999999999905e+02	2.217410000000000139e+02	2.071380000000000052e+02	1.950529999999999973e+02	1.865159999999999911e+02	1.798779999999999859e+02	1.746599999999999966e+02	1.697160000000000082e+02	1.654590000000000032e+02	1.625749999999999886e+02	1.598050000000000068e+02	1.571040000000000134e+02	1.542439999999999998e+02	1.524120000000000061e+02	1.500550000000000068e+02	1.455920000000000130e+02	1.412889999999999873e+02	1.374660000000000082e+02	1.340099999999999909e+02	1.310809999999999889e+02	1.285860000000000127e+02	1.265259999999999962e+02	1.246029999999999944e+02	1.227720000000000056e+02	1.217879999999999967e+02	1.208269999999999982e+02	1.199339999999999975e+02	1.190639999999999930e+02	1.184689999999999941e+02	1.178739999999999952e+02	1.175999999999999943e+02	1.171880000000000024e+02	1.168439999999999941e+02	1.165919999999999987e+02	1.165699999999999932e+02	1.164090000000000060e+02	1.165010000000000048e+02	1.167069999999999936e+02	1.165469999999999970e+02	1.165919999999999987e+02	1.163409999999999940e+02	1.160660000000000025e+02	1.167300000000000040e+02	1.161800000000000068e+02	1.167980000000000018e+02	1.167530000000000001e+02	1.167980000000000018e+02	1.170040000000000049e+02	1.182860000000000014e+02	1.180340000000000060e+02	1.181719999999999970e+02	1.181949999999999932e+02	1.183089999999999975e+02	1.186520000000000010e+02	1.188580000000000041e+02	1.196140000000000043e+02	1.197279999999999944e+02	1.202999999999999972e+02	1.203229999999999933e+02	1.204830000000000041e+02	1.206440000000000055e+02	1.209639999999999986e+02	1.213070000000000022e+02	1.212390000000000043e+02	1.219939999999999998e+02	1.225889999999999986e+02	1.228870000000000005e+02	1.229779999999999944e+02	1.232069999999999936e+02	1.235960000000000036e+02	1.243970000000000056e+02	1.246260000000000048e+02	1.253589999999999947e+02	1.256790000000000020e+02	1.260679999999999978e+02	1.272349999999999994e+02	1.278299999999999983e+02	1.286769999999999925e+02	1.290440000000000111e+02	1.296390000000000100e+02	1.300049999999999955e+02	1.303940000000000055e+02	1.308060000000000116e+02	1.311949999999999932e+02	1.315840000000000032e+02	1.319050000000000011e+02	1.323849999999999909e+02	1.328660000000000139e+02	1.332779999999999916e+02	1.337810000000000059e+02	1.342390000000000043e+02	1.347429999999999950e+02	1.352230000000000132e+02	1.357959999999999923e+02	1.362079999999999984e+02	1.366419999999999959e+02	1.373520000000000039e+02	1.378559999999999945e+02	1.383360000000000127e+02	1.389540000000000077e+02	1.395039999999999907e+02	1.400759999999999934e+02	1.405329999999999870e+02	1.410370000000000061e+02	1.416320000000000050e+02	1.421579999999999870e+02	1.428220000000000027e+02	1.444019999999999868e+02	1.446299999999999955e+02	1.450879999999999939e+02	1.455920000000000130e+02	1.461639999999999873e+02	1.466220000000000141e+02	1.471479999999999961e+02	1.476289999999999907e+02	1.481320000000000050e+02	1.486589999999999918e+02	1.491390000000000100e+02	1.496659999999999968e+02	1.501690000000000111e+02	1.506270000000000095e+02	1.510620000000000118e+02	1.515879999999999939e+02	1.520459999999999923e+02	1.524350000000000023e+02	1.529159999999999968e+02	1.537860000000000014e+02	1.542439999999999998e+02	1.547700000000000102e+02	1.552280000000000086e+02	1.557539999999999907e+02	1.563029999999999973e+02	1.568069999999999879e+02	1.572419999999999902e+02	1.577450000000000045e+02	1.578369999999999891e+02	1.579279999999999973e+02	1.579739999999999895e+02	1.579279999999999973e+02	1.579970000000000141e+02	1.579970000000000141e+02	1.580660000000000025e+02	1.581119999999999948e+02	1.580889999999999986e+02	1.586610000000000014e+02	1.586380000000000052e+02	1.585459999999999923e+02	1.584319999999999879e+02	1.585010000000000048e+02	1.584089999999999918e+02	1.585240000000000009e+02	1.585459999999999923e+02	1.585920000000000130e+02	1.585689999999999884e+02	1.585689999999999884e+02	1.585920000000000130e+02	1.585920000000000130e+02	1.586150000000000091e+02	1.586150000000000091e+02	1.586380000000000052e+02	1.586380000000000052e+02	1.588899999999999864e+02	1.587520000000000095e+02	1.587299999999999898e+02	1.587520000000000095e+02	1.587520000000000095e+02	1.586839999999999975e+02	1.587520000000000095e+02	1.589579999999999984e+02	1.589579999999999984e+02	1.595759999999999934e+02	1.589130000000000109e+02	1.588899999999999864e+02	1.588899999999999864e+02	1.599879999999999995e+02	1.597139999999999986e+02	1.595989999999999895e+02	1.594619999999999891e+02	1.594389999999999930e+02	1.593700000000000045e+02	1.594159999999999968e+02	1.593700000000000045e+02	1.593019999999999925e+02	1.594159999999999968e+02	1.593480000000000132e+02
1.000000000000000000e+00	1.944350000000000023e+02	1.796490000000000009e+02	1.660769999999999982e+02	1.537630000000000052e+02	1.428679999999999950e+02	1.331860000000000070e+02	1.244659999999999940e+02	1.168900000000000006e+02	1.102519999999999953e+02	1.040729999999999933e+02	9.848799999999999955e+01	9.356699999999999307e+01	8.910399999999999920e+01	8.534999999999999432e+01	8.237500000000000000e+01	8.010899999999999466e+01	7.777400000000000091e+01	7.564499999999999602e+01	7.408899999999999864e+01	7.253300000000000125e+01	7.083899999999999864e+01	6.845900000000000318e+01	6.621599999999999397e+01	6.433899999999999864e+01	6.289699999999999847e+01	6.152300000000000324e+01	6.072200000000000131e+01	5.999000000000000199e+01	5.994400000000000261e+01	5.966899999999999693e+01	5.955499999999999972e+01	5.964699999999999847e+01	5.971500000000000341e+01	5.978399999999999892e+01	6.008100000000000307e+01	6.031000000000000227e+01	6.067699999999999960e+01	6.106600000000000250e+01	6.161500000000000199e+01	6.230199999999999960e+01	6.269100000000000250e+01	6.339999999999999858e+01	6.404099999999999682e+01	6.504800000000000182e+01	6.589499999999999602e+01	6.648999999999999488e+01	6.740600000000000591e+01	6.797799999999999443e+01	6.818399999999999750e+01	6.848099999999999454e+01	6.884799999999999898e+01	6.926000000000000512e+01	6.946599999999999397e+01	6.985500000000000398e+01	7.015200000000000102e+01	7.045000000000000284e+01	7.065600000000000591e+01	7.102200000000000557e+01	7.125100000000000477e+01	7.154800000000000182e+01	7.186899999999999977e+01	7.209799999999999898e+01	7.232699999999999818e+01	7.273900000000000432e+01	7.294499999999999318e+01	7.321899999999999409e+01	7.363100000000000023e+01	7.383700000000000330e+01	7.413500000000000512e+01	7.445499999999999829e+01	7.475300000000000011e+01	7.498199999999999932e+01	7.532500000000000284e+01	7.562300000000000466e+01	7.571399999999999864e+01	7.605700000000000216e+01	7.649200000000000443e+01	7.665300000000000580e+01	7.697299999999999898e+01	7.736199999999999477e+01	7.772799999999999443e+01	7.807200000000000273e+01	7.839199999999999591e+01	7.871200000000000330e+01	7.905599999999999739e+01	7.958199999999999363e+01	7.978799999999999670e+01	8.006300000000000239e+01	8.068099999999999739e+01	8.109300000000000352e+01	8.159600000000000364e+01	8.203100000000000591e+01	8.278700000000000614e+01	8.315300000000000580e+01	8.367900000000000205e+01	8.427400000000000091e+01	8.493800000000000239e+01	8.569299999999999784e+01	8.633400000000000318e+01	8.727299999999999613e+01	8.830299999999999727e+01	8.935500000000000398e+01	9.043099999999999739e+01	9.157599999999999341e+01	9.308599999999999852e+01	9.448199999999999932e+01	9.610699999999999932e+01	9.803000000000000114e+01	9.974699999999999989e+01	1.017150000000000034e+02	1.038209999999999980e+02	1.061779999999999973e+02	1.086269999999999953e+02	1.112819999999999965e+02	1.140979999999999990e+02	1.169360000000000070e+02	1.198199999999999932e+02	1.228640000000000043e+02	1.255190000000000055e+02	1.286769999999999925e+02	1.315380000000000109e+02	1.340790000000000077e+02	1.367800000000000011e+02	1.395720000000000027e+02	1.419530000000000030e+02	1.441959999999999980e+02	1.464159999999999968e+02	1.482470000000000141e+02	1.503300000000000125e+02	1.520229999999999961e+02	1.536709999999999923e+02	1.551819999999999879e+02	1.568069999999999879e+02	1.579060000000000059e+02	1.595310000000000059e+02	1.601490000000000009e+02	1.611100000000000136e+02	1.620250000000000057e+02	1.627810000000000059e+02	1.634219999999999970e+02	1.641310000000000002e+02	1.649550000000000125e+02	1.657330000000000041e+02	1.666719999999999970e+02	1.671069999999999993e+02	1.674960000000000093e+02	1.679530000000000030e+02	1.681819999999999879e+02	1.686399999999999864e+02	1.689379999999999882e+02	1.698069999999999879e+02	1.700360000000000014e+02	1.704710000000000036e+02	1.706539999999999964e+02	1.709060000000000059e+02	1.712040000000000077e+02	1.713870000000000005e+02	1.717990000000000066e+02	1.718669999999999902e+02	1.719590000000000032e+02	1.721189999999999998e+02	1.723249999999999886e+02	1.725999999999999943e+02	1.728520000000000039e+02	1.731490000000000009e+02	1.732179999999999893e+02	1.734010000000000105e+02	1.734470000000000027e+02	1.740649999999999977e+02	1.742479999999999905e+02	1.744310000000000116e+02	1.747280000000000086e+02	1.748660000000000139e+02	1.748890000000000100e+02	1.750720000000000027e+02	1.754149999999999920e+02	1.755519999999999925e+02	1.755980000000000132e+02	1.757129999999999939e+02	1.757810000000000059e+02	1.758499999999999943e+02	1.761469999999999914e+02	1.761699999999999875e+02	1.761699999999999875e+02	1.763309999999999889e+02	1.763990000000000009e+02	1.765589999999999975e+02	1.764449999999999932e+02	1.765140000000000100e+02
0.000000000000000000e+00	4.286960000000000264e+02	3.760299999999999727e+02	3.330000000000000000e+02	3.006589999999999918e+02	2.676320000000000050e+02	2.415850000000000080e+02	2.203899999999999864e+02	2.040480000000000018e+02	1.909559999999999889e+02	1.806339999999999861e+02	1.728290000000000077e+02	1.663060000000000116e+02	1.610409999999999968e+02	1.565550000000000068e+02	1.523209999999999980e+02	1.488880000000000052e+02	1.459579999999999984e+02	1.429819999999999993e+02	1.408079999999999927e+02	1.390459999999999923e+02	1.372150000000000034e+02	1.355670000000000073e+02	1.341930000000000121e+02	1.331630000000000109e+02	1.330949999999999989e+02	1.325229999999999961e+02	1.315840000000000032e+02	1.304399999999999977e+02	1.304170000000000016e+02	1.299360000000000070e+02	1.296160000000000139e+02	1.294099999999999966e+02	1.292040000000000077e+02	1.292949999999999875e+02	1.290440000000000111e+02	1.292719999999999914e+02	1.299130000000000109e+02	1.307599999999999909e+02	1.308979999999999961e+02	1.309660000000000082e+02	1.322479999999999905e+02	1.323849999999999909e+02	1.326829999999999927e+02	1.327740000000000009e+02	1.326140000000000043e+02	1.326599999999999966e+02	1.332319999999999993e+02	1.334379999999999882e+02	1.337810000000000059e+02	1.340790000000000077e+02	1.349259999999999877e+02	1.365509999999999877e+02	1.370089999999999861e+02	1.374890000000000043e+02	1.379929999999999950e+02	1.385190000000000055e+02	1.390910000000000082e+02	1.395260000000000105e+02	1.399149999999999920e+02	1.403729999999999905e+02	1.408309999999999889e+02	1.412429999999999950e+02	1.417920000000000016e+02	1.421359999999999957e+02	1.425250000000000057e+02	1.426850000000000023e+02	1.431879999999999882e+02	1.434629999999999939e+02	1.439439999999999884e+02	1.441959999999999980e+02	1.445850000000000080e+02	1.449970000000000141e+02	1.453629999999999995e+02	1.456599999999999966e+02	1.459120000000000061e+02	1.462549999999999955e+02	1.467129999999999939e+02	1.469650000000000034e+02	1.472630000000000052e+02	1.475370000000000061e+02	1.478120000000000118e+02	1.480639999999999930e+02	1.484070000000000107e+02	1.485440000000000111e+02	1.488420000000000130e+02	1.490939999999999941e+02	1.493909999999999911e+02	1.507640000000000100e+02	1.509929999999999950e+02	1.515879999999999939e+02	1.531450000000000102e+02	1.532139999999999986e+02	1.536030000000000086e+02	1.539689999999999941e+02	1.542210000000000036e+02	1.558000000000000114e+02	1.562119999999999891e+02	1.568530000000000086e+02	1.570589999999999975e+02	1.572649999999999864e+02	1.575850000000000080e+02	1.577220000000000084e+02	1.578600000000000136e+02	1.579509999999999934e+02	1.582030000000000030e+02	1.582259999999999991e+02	1.587750000000000057e+02	1.589130000000000109e+02	1.589130000000000109e+02	1.590269999999999868e+02	1.590500000000000114e+02	1.593930000000000007e+02	1.595540000000000020e+02	1.595540000000000020e+02	1.597139999999999986e+02	1.659850000000000136e+02	1.658940000000000055e+02	1.660310000000000059e+02	1.659850000000000136e+02	1.661910000000000025e+02	1.668089999999999975e+02	1.670610000000000070e+02	1.671299999999999955e+02	1.673129999999999882e+02	1.675869999999999891e+02	1.678389999999999986e+02	1.680219999999999914e+02	1.682740000000000009e+02	1.686169999999999902e+02	1.685490000000000066e+02	1.692580000000000098e+02	1.695560000000000116e+02	1.698069999999999879e+02	1.701740000000000066e+02	1.704029999999999916e+02	1.706310000000000002e+02	1.709060000000000059e+02	1.712040000000000077e+02	1.714550000000000125e+02	1.719819999999999993e+02	1.721419999999999959e+02	1.723019999999999925e+02	1.725080000000000098e+02	1.726229999999999905e+02	1.726680000000000064e+02	1.728969999999999914e+02	1.729199999999999875e+02	1.732179999999999893e+02	1.732640000000000100e+02	1.733319999999999936e+02	1.734699999999999989e+02	1.735610000000000070e+02	1.736759999999999877e+02	1.783679999999999950e+02	1.784130000000000109e+02	1.787570000000000050e+02	1.788940000000000055e+02	1.788480000000000132e+02	1.789629999999999939e+02	1.790080000000000098e+02	1.790540000000000020e+02	1.791690000000000111e+02	1.791920000000000073e+02	1.791459999999999866e+02	1.792369999999999948e+02	1.792599999999999909e+02	1.794430000000000121e+02	1.794890000000000043e+02	1.794660000000000082e+02	1.795120000000000005e+02	1.794890000000000043e+02	1.795809999999999889e+02	1.795579999999999927e+02	1.798779999999999859e+02	1.800840000000000032e+02	1.794890000000000043e+02	1.794660000000000082e+02	1.796719999999999970e+02	1.796260000000000048e+02	1.798100000000000023e+02	1.797870000000000061e+02	1.801759999999999877e+02	1.802220000000000084e+02	1.802439999999999998e+02	1.803820000000000050e+02	1.819610000000000127e+02	1.816860000000000070e+02	1.815260000000000105e+02	1.813890000000000100e+02
1.000000000000000000e+00	3.107529999999999859e+02	2.836990000000000123e+02	2.631680000000000064e+02	2.409900000000000091e+02	2.200699999999999932e+02	2.038189999999999884e+02	1.894000000000000057e+02	1.763990000000000009e+02	1.661450000000000102e+02	1.595080000000000098e+02	1.536709999999999923e+02	1.491390000000000100e+02	1.468050000000000068e+02	1.432110000000000127e+02	1.409449999999999932e+02	1.406250000000000000e+02	1.380159999999999911e+02	1.373750000000000000e+02	1.364590000000000032e+02	1.344219999999999970e+02	1.322249999999999943e+02	1.297529999999999859e+02	1.269609999999999985e+02	1.245799999999999983e+02	1.224060000000000059e+02	1.204380000000000024e+02	1.194989999999999952e+02	1.194530000000000030e+02	1.184689999999999941e+02	1.176680000000000064e+02	1.171650000000000063e+02	1.167530000000000001e+02	1.163179999999999978e+02	1.161800000000000068e+02	1.162259999999999991e+02	1.159060000000000059e+02	1.165469999999999970e+02	1.163859999999999957e+02	1.164549999999999983e+02	1.166610000000000014e+02	1.172330000000000041e+02	1.173479999999999990e+02	1.175079999999999956e+02	1.186520000000000010e+02	1.188349999999999937e+02	1.192469999999999999e+02	1.195220000000000056e+02	1.198880000000000052e+02	1.202770000000000010e+02	1.209639999999999986e+02	1.211700000000000017e+02	1.216280000000000001e+02	1.223139999999999930e+02	1.227489999999999952e+02	1.231380000000000052e+02	1.237339999999999947e+02	1.241460000000000008e+02	1.247630000000000052e+02	1.252439999999999998e+02	1.256099999999999994e+02	1.261599999999999966e+02	1.265949999999999989e+02	1.268460000000000036e+02	1.273960000000000008e+02	1.278080000000000069e+02	1.284710000000000036e+02	1.288600000000000136e+02	1.290440000000000111e+02	1.294099999999999966e+02	1.301879999999999882e+02	1.308750000000000000e+02	1.312640000000000100e+02	1.319050000000000011e+02	1.324079999999999870e+02	1.328429999999999893e+02	1.333470000000000084e+02	1.338269999999999982e+02	1.341709999999999923e+02	1.349490000000000123e+02	1.354290000000000020e+02	1.357270000000000039e+02	1.363909999999999911e+02	1.368259999999999934e+02	1.372829999999999870e+02	1.378779999999999859e+02	1.383129999999999882e+02	1.386570000000000107e+02	1.391140000000000043e+02	1.395949999999999989e+02	1.400989999999999895e+02	1.405560000000000116e+02	1.408309999999999889e+02	1.418609999999999900e+02	1.423420000000000130e+02	1.428679999999999950e+02	1.433489999999999895e+02	1.439439999999999884e+02	1.446990000000000123e+02	1.454540000000000077e+02	1.464840000000000089e+02	1.478120000000000118e+02	1.494139999999999873e+02	1.511080000000000041e+02	1.538089999999999975e+02	1.560519999999999925e+02	1.593019999999999925e+02	1.630329999999999870e+02	1.672899999999999920e+02	1.722110000000000127e+02	1.776579999999999870e+02	1.836320000000000050e+02	1.894230000000000018e+02	1.955569999999999879e+02	2.017589999999999861e+02	2.078019999999999925e+02	2.138899999999999864e+02	2.201160000000000139e+02	2.259979999999999905e+02	2.319259999999999877e+02	2.372589999999999861e+02	2.423859999999999957e+02	2.469639999999999986e+02	2.524569999999999936e+02	2.563709999999999809e+02	2.602839999999999918e+02	2.639010000000000105e+02	2.667620000000000005e+02	2.697139999999999986e+02	2.722549999999999955e+02	2.752300000000000182e+02	2.774959999999999809e+02	2.796019999999999754e+02	2.817760000000000105e+02	2.835849999999999795e+02	2.852780000000000200e+02	2.866059999999999945e+02	2.886200000000000045e+02	2.902450000000000045e+02	2.913890000000000100e+02	2.922130000000000223e+02	2.929689999999999941e+02	2.939069999999999823e+02	2.955550000000000068e+02	2.966309999999999718e+02	2.970199999999999818e+02	2.973860000000000241e+02	2.980040000000000191e+02	2.985079999999999814e+02	2.991259999999999764e+02	2.992860000000000014e+02	2.998349999999999795e+02	3.003620000000000232e+02	3.005219999999999914e+02	3.008879999999999768e+02	3.012080000000000268e+02	3.017350000000000136e+02	3.029019999999999868e+02	3.031539999999999964e+02	3.031539999999999964e+02	3.032459999999999809e+02	3.033369999999999891e+02	3.032909999999999968e+02	3.034519999999999982e+02	3.033369999999999891e+02	3.043670000000000186e+02	3.050310000000000059e+02	3.049159999999999968e+02	3.052830000000000155e+02	3.062669999999999959e+02	3.061519999999999868e+02	3.059460000000000264e+02	3.059230000000000018e+02	3.061070000000000277e+02	3.060840000000000032e+02	3.063809999999999718e+02	3.060609999999999786e+02	3.060149999999999864e+02	3.058319999999999936e+02	3.059230000000000018e+02	3.064499999999999886e+02	3.064730000000000132e+02	3.065640000000000214e+02	3.069309999999999832e+02	3.071589999999999918e+02	3.067250000000000227e+02	3.067019999999999982e+02	3.067250000000000227e+02	3.067470000000000141e+02	3.068389999999999986e+02
0.000000000000000000e+00	5.087590000000000146e+02	4.543990000000000009e+02	4.063109999999999786e+02	3.654560000000000173e+02	3.300480000000000018e+02	2.987370000000000232e+02	2.701490000000000009e+02	2.463909999999999911e+02	2.300949999999999989e+02	2.171630000000000109e+02	2.068629999999999995e+02	1.978679999999999950e+02	1.899720000000000084e+02	1.834259999999999877e+02	1.769939999999999998e+02	1.719819999999999993e+02	1.675639999999999930e+02	1.638569999999999993e+02	1.603089999999999975e+02	1.575389999999999873e+02	1.548160000000000025e+02	1.525500000000000114e+02	1.486819999999999879e+02	1.451109999999999900e+02	1.419979999999999905e+02	1.391599999999999966e+02	1.365740000000000123e+02	1.346049999999999898e+02	1.325229999999999961e+02	1.307829999999999870e+02	1.291119999999999948e+02	1.278310000000000031e+02	1.269609999999999985e+02	1.259539999999999935e+02	1.251069999999999993e+02	1.244659999999999940e+02	1.248089999999999975e+02	1.244890000000000043e+02	1.242369999999999948e+02	1.238709999999999951e+02	1.235729999999999933e+02	1.232069999999999936e+02	1.228870000000000005e+02	1.226119999999999948e+02	1.225660000000000025e+02	1.224749999999999943e+02	1.223599999999999994e+02	1.221080000000000041e+02	1.221310000000000002e+02	1.221539999999999964e+02	1.222690000000000055e+02	1.224749999999999943e+02	1.227950000000000017e+02	1.230469999999999970e+02	1.230010000000000048e+02	1.230240000000000009e+02	1.235280000000000058e+02	1.235280000000000058e+02	1.236419999999999959e+02	1.241230000000000047e+02	1.244429999999999978e+02	1.243520000000000039e+02	1.248319999999999936e+02	1.250610000000000070e+02	1.254729999999999990e+02	1.258160000000000025e+02	1.261830000000000069e+02	1.265720000000000027e+02	1.268229999999999933e+02	1.272129999999999939e+02	1.279449999999999932e+02	1.282419999999999902e+02	1.284939999999999998e+02	1.290209999999999866e+02	1.290440000000000111e+02	1.297990000000000066e+02	1.304399999999999977e+02	1.312179999999999893e+02	1.319499999999999886e+02	1.324310000000000116e+02	1.326599999999999966e+02	1.330260000000000105e+02	1.335980000000000132e+02	1.342849999999999966e+02	1.346279999999999859e+02	1.349950000000000045e+02	1.354290000000000020e+02	1.357040000000000077e+02	1.359790000000000134e+02	1.364590000000000032e+02	1.370089999999999861e+02	1.374890000000000043e+02	1.379470000000000027e+02	1.383590000000000089e+02	1.388400000000000034e+02	1.393429999999999893e+02	1.398700000000000045e+02	1.403959999999999866e+02	1.409679999999999893e+02	1.398930000000000007e+02	1.424559999999999889e+02	1.430740000000000123e+02	1.434859999999999900e+02	1.442410000000000139e+02	1.447909999999999968e+02	1.452709999999999866e+02	1.459579999999999984e+02	1.465529999999999973e+02	1.471250000000000000e+02	1.477889999999999873e+02	1.483839999999999861e+02	1.488650000000000091e+02	1.495289999999999964e+02	1.505809999999999889e+02	1.509699999999999989e+02	1.515430000000000064e+02	1.520689999999999884e+02	1.525730000000000075e+02	1.532589999999999861e+02	1.539000000000000057e+02	1.544490000000000123e+02	1.552050000000000125e+02	1.557539999999999907e+02	1.561200000000000045e+02	1.566930000000000121e+02	1.572189999999999941e+02	1.576769999999999925e+02	1.581339999999999861e+02	1.585689999999999884e+02	1.589809999999999945e+02	1.592330000000000041e+02	1.595310000000000059e+02	1.595310000000000059e+02	1.600800000000000125e+02	1.602170000000000130e+02	1.603089999999999975e+02	1.602630000000000052e+02	1.604459999999999980e+02	1.606519999999999868e+02	1.609950000000000045e+02	1.612009999999999934e+02	1.614530000000000030e+02	1.617050000000000125e+02	1.617510000000000048e+02	1.620480000000000018e+02	1.625289999999999964e+02	1.625980000000000132e+02	1.627580000000000098e+02	1.629180000000000064e+02	1.631699999999999875e+02	1.631930000000000121e+02	1.633760000000000048e+02	1.635589999999999975e+02	1.635819999999999936e+02	1.639480000000000075e+02	1.640620000000000118e+02	1.640620000000000118e+02	1.642230000000000132e+02	1.640399999999999920e+02	1.638569999999999993e+02	1.640169999999999959e+02	1.641999999999999886e+02	1.641080000000000041e+02	1.642680000000000007e+02	1.642230000000000132e+02	1.642680000000000007e+02	1.644290000000000020e+02	1.648859999999999957e+02	1.649319999999999879e+02	1.651380000000000052e+02	1.654130000000000109e+02	1.655730000000000075e+02	1.659389999999999930e+02	1.661220000000000141e+02	1.665569999999999879e+02	1.669689999999999941e+02	1.670610000000000070e+02	1.670380000000000109e+02	1.672210000000000036e+02	1.673810000000000002e+02	1.674499999999999886e+02	1.675869999999999891e+02	1.677019999999999982e+02	1.678160000000000025e+02	1.679989999999999952e+02	1.680219999999999914e+02	1.682280000000000086e+02	1.682740000000000009e+02	1.683880000000000052e+02
1.000000000000000000e+00	3.787080000000000268e+02	3.434599999999999795e+02	3.124689999999999941e+02	2.842939999999999827e+02	2.604900000000000091e+02	2.397309999999999945e+02	2.221299999999999955e+02	2.080310000000000059e+02	1.970670000000000073e+02	1.884840000000000089e+02	1.811370000000000005e+02	1.756210000000000093e+02	1.700130000000000052e+02	1.656879999999999882e+02	1.622539999999999907e+02	1.592100000000000080e+02	1.567150000000000034e+02	1.545639999999999930e+02	1.528019999999999925e+02	1.504209999999999923e+02	1.462100000000000080e+02	1.415409999999999968e+02	1.373290000000000077e+02	1.337589999999999861e+02	1.304170000000000016e+02	1.268229999999999933e+02	1.248550000000000040e+02	1.225199999999999960e+02	1.219939999999999998e+02	1.209410000000000025e+02	1.200709999999999980e+02	1.191099999999999994e+02	1.187669999999999959e+02	1.183089999999999975e+02	1.183089999999999975e+02	1.183319999999999936e+02	1.182860000000000014e+02	1.180109999999999957e+02	1.183780000000000001e+02	1.183550000000000040e+02	1.187669999999999959e+02	1.187900000000000063e+02	1.186290000000000049e+02	1.190870000000000033e+02	1.197049999999999983e+02	1.203229999999999933e+02	1.206670000000000016e+02	1.213529999999999944e+02	1.220859999999999985e+02	1.230240000000000009e+02	1.234590000000000032e+02	1.243059999999999974e+02	1.258619999999999948e+02	1.268919999999999959e+02	1.281049999999999898e+02	1.290440000000000111e+02	1.302570000000000050e+02	1.314010000000000105e+02	1.328199999999999932e+02	1.340560000000000116e+02	1.348340000000000032e+02	1.359559999999999889e+02	1.376500000000000057e+02	1.388400000000000034e+02	1.400989999999999895e+02	1.412429999999999950e+02	1.427309999999999945e+02	1.440120000000000005e+02	1.457059999999999889e+02	1.471250000000000000e+02	1.493909999999999911e+02	1.508100000000000023e+02	1.519319999999999879e+02	1.533280000000000030e+02	1.550219999999999914e+02	1.564410000000000025e+02	1.578600000000000136e+02	1.592789999999999964e+02	1.604919999999999902e+02	1.623460000000000036e+02	1.636510000000000105e+02	1.646800000000000068e+02	1.655039999999999907e+02	1.681140000000000043e+02	1.695329999999999870e+02	1.709060000000000059e+02	1.719360000000000070e+02	1.739960000000000093e+02	1.754149999999999920e+02	1.780240000000000009e+02	1.791920000000000073e+02	1.802899999999999920e+02	1.817549999999999955e+02	1.832199999999999989e+02	1.847309999999999945e+02	1.858060000000000116e+02	1.879120000000000061e+02	1.887589999999999861e+02	1.898799999999999955e+02	1.897429999999999950e+02	1.906359999999999957e+02	1.910250000000000057e+02	1.912079999999999984e+02	1.916200000000000045e+02	1.909790000000000134e+02	1.914139999999999873e+02	1.918029999999999973e+02	1.918259999999999934e+02	1.919399999999999977e+02	1.920550000000000068e+02	1.921229999999999905e+02	1.921690000000000111e+02	1.932680000000000007e+02	1.938400000000000034e+02	1.942290000000000134e+02	1.939319999999999879e+02	1.941380000000000052e+02	1.947100000000000080e+02	1.933139999999999930e+02	1.954420000000000073e+02	1.958309999999999889e+02	1.961289999999999907e+02	1.962659999999999911e+02	1.964950000000000045e+02	1.967700000000000102e+02	1.971129999999999995e+02	1.972729999999999961e+02	1.975709999999999980e+02	1.977539999999999907e+02	1.979139999999999873e+02	1.979370000000000118e+02	1.971359999999999957e+02	1.974559999999999889e+02	1.973420000000000130e+02	1.972500000000000000e+02	1.987609999999999957e+02	1.990130000000000052e+02	1.991040000000000134e+02	1.991959999999999980e+02	1.987379999999999995e+02	1.992870000000000061e+02	1.997909999999999968e+02	1.997220000000000084e+02	2.004319999999999879e+02	2.006150000000000091e+02	2.008899999999999864e+02	2.009350000000000023e+02	2.013019999999999925e+02	2.005920000000000130e+02	2.008669999999999902e+02	2.009120000000000061e+02	2.017359999999999900e+02	2.015300000000000011e+02	2.016220000000000141e+02	2.020109999999999957e+02	2.020109999999999957e+02	2.021709999999999923e+02	2.024459999999999980e+02	2.026750000000000114e+02	2.016910000000000025e+02	2.018969999999999914e+02	2.023089999999999975e+02	2.026289999999999907e+02	2.028350000000000080e+02	2.034759999999999991e+02	2.035680000000000121e+02	2.031779999999999973e+02	2.034530000000000030e+02	2.034530000000000030e+02	2.035449999999999875e+02	2.034989999999999952e+02	2.035900000000000034e+02	2.037280000000000086e+02	2.036819999999999879e+02	2.037959999999999923e+02	2.038650000000000091e+02	2.041399999999999864e+02	2.043689999999999998e+02	2.042769999999999868e+02	2.048029999999999973e+02	2.045060000000000002e+02	2.048259999999999934e+02	2.051009999999999991e+02	2.053069999999999879e+02	2.054439999999999884e+02	2.058329999999999984e+02	2.058110000000000070e+02	2.060850000000000080e+02	2.064290000000000020e+02
1.000000000000000000e+00	1.671750000000000114e+02	1.558000000000000114e+02	1.452940000000000111e+02	1.364139999999999873e+02	1.275330000000000013e+02	1.197740000000000009e+02	1.132279999999999944e+02	1.076889999999999930e+02	1.029050000000000011e+02	9.901399999999999579e+01	9.603900000000000148e+01	9.363599999999999568e+01	9.166700000000000159e+01	9.001900000000000546e+01	8.898900000000000432e+01	8.802800000000000580e+01	8.676900000000000546e+01	8.603700000000000614e+01	8.518999999999999773e+01	8.379399999999999693e+01	8.207699999999999818e+01	8.070399999999999352e+01	7.939900000000000091e+01	7.852899999999999636e+01	7.765999999999999659e+01	7.681300000000000239e+01	7.601200000000000045e+01	7.537099999999999511e+01	7.486700000000000443e+01	7.429500000000000171e+01	7.415800000000000125e+01	7.374599999999999511e+01	7.354000000000000625e+01	7.326500000000000057e+01	7.315099999999999625e+01	7.317400000000000659e+01	7.321899999999999409e+01	7.321899999999999409e+01	7.324200000000000443e+01	7.342499999999999716e+01	7.356300000000000239e+01	7.376900000000000546e+01	7.399699999999999989e+01	7.411199999999999477e+01	7.434099999999999397e+01	7.473000000000000398e+01	7.509600000000000364e+01	7.532500000000000284e+01	7.569100000000000250e+01	7.607999999999999829e+01	7.653799999999999670e+01	7.685899999999999466e+01	7.727100000000000080e+01	7.777400000000000091e+01	7.832299999999999329e+01	7.875799999999999557e+01	7.921599999999999397e+01	7.978799999999999670e+01	8.047499999999999432e+01	8.109300000000000352e+01	8.171099999999999852e+01	8.230599999999999739e+01	8.301500000000000057e+01	8.365600000000000591e+01	8.452599999999999625e+01	8.546399999999999864e+01	8.624299999999999500e+01	8.715800000000000125e+01	8.812000000000000455e+01	8.848600000000000421e+01	8.880599999999999739e+01	8.894299999999999784e+01	8.914900000000000091e+01	8.937800000000000011e+01	8.949299999999999500e+01	8.967600000000000193e+01	8.990500000000000114e+01	8.988200000000000500e+01	9.020199999999999818e+01	9.038500000000000512e+01	9.070600000000000307e+01	9.084300000000000352e+01	9.102599999999999625e+01	9.132399999999999807e+01	9.159900000000000375e+01	9.168999999999999773e+01	9.198799999999999955e+01	9.223900000000000432e+01	9.240000000000000568e+01	9.271999999999999886e+01	9.283400000000000318e+01	9.299500000000000455e+01	9.329200000000000159e+01	9.347499999999999432e+01	9.359000000000000341e+01	9.379600000000000648e+01	9.397899999999999920e+01	9.397899999999999920e+01	9.416200000000000614e+01	9.445999999999999375e+01	9.528400000000000603e+01	9.558100000000000307e+01	9.565000000000000568e+01	9.578700000000000614e+01	9.601600000000000534e+01	9.645099999999999341e+01	9.668000000000000682e+01	9.693099999999999739e+01	9.718300000000000693e+01	9.736599999999999966e+01	9.787000000000000455e+01	9.830500000000000682e+01	9.862500000000000000e+01	9.912900000000000489e+01	9.956399999999999295e+01	1.002729999999999961e+02	1.011659999999999968e+02	1.018299999999999983e+02	1.026080000000000041e+02	1.035690000000000026e+02	1.047590000000000003e+02	1.058580000000000041e+02	1.074830000000000041e+02	1.088559999999999945e+02	1.104579999999999984e+02	1.124039999999999964e+02	1.145319999999999965e+02	1.165919999999999987e+02	1.189270000000000067e+02	1.211470000000000056e+02	1.235729999999999933e+02	1.258389999999999986e+02	1.281970000000000027e+02	1.306229999999999905e+02	1.328199999999999932e+02	1.349950000000000045e+02	1.370540000000000020e+02	1.406709999999999923e+02	1.424099999999999966e+02	1.441270000000000095e+02	1.459120000000000061e+02	1.475370000000000061e+02	1.490020000000000095e+02	1.504439999999999884e+02	1.516339999999999861e+02	1.528930000000000007e+02	1.539919999999999902e+02	1.549530000000000030e+02	1.558689999999999998e+02	1.568069999999999879e+02	1.575159999999999911e+02	1.582030000000000030e+02	1.593480000000000132e+02	1.599660000000000082e+02	1.606289999999999907e+02	1.610409999999999968e+02	1.614300000000000068e+02	1.625289999999999964e+02	1.628489999999999895e+02	1.631009999999999991e+02	1.633990000000000009e+02	1.638789999999999907e+02	1.641769999999999925e+02	1.642680000000000007e+02	1.644519999999999982e+02	1.647489999999999952e+02	1.649089999999999918e+02	1.652069999999999936e+02	1.653899999999999864e+02	1.661220000000000141e+02	1.662139999999999986e+02	1.666490000000000009e+02	1.667860000000000014e+02	1.669459999999999980e+02	1.670610000000000070e+02	1.672210000000000036e+02	1.674499999999999886e+02	1.675420000000000016e+02	1.675869999999999891e+02	1.678619999999999948e+02	1.679310000000000116e+02	1.678849999999999909e+02	1.680449999999999875e+02	1.685709999999999980e+02	1.684339999999999975e+02	1.686399999999999864e+02	1.687319999999999993e+02	1.686860000000000070e+02	1.688689999999999998e+02
0.000000000000000000e+00	4.416730000000000018e+02	4.082789999999999964e+02	3.786850000000000023e+02	3.512880000000000109e+02	3.256990000000000123e+02	3.048249999999999886e+02	2.846370000000000005e+02	2.672200000000000273e+02	2.519759999999999991e+02	2.391589999999999918e+02	2.279660000000000082e+02	2.192920000000000016e+02	2.121049999999999898e+02	2.058110000000000070e+02	2.005920000000000130e+02	1.961980000000000075e+02	1.916430000000000007e+02	1.885989999999999895e+02	1.853259999999999934e+02	1.837009999999999934e+02	1.814120000000000061e+02	1.792139999999999986e+02	1.775209999999999866e+02	1.755519999999999925e+02	1.743160000000000025e+02	1.731490000000000009e+02	1.720500000000000114e+02	1.709519999999999982e+02	1.700589999999999975e+02	1.694410000000000025e+02	1.688230000000000075e+02	1.684339999999999975e+02	1.681819999999999879e+02	1.679530000000000030e+02	1.690289999999999964e+02	1.684110000000000014e+02	1.685939999999999941e+02	1.684799999999999898e+02	1.685939999999999941e+02	1.686860000000000070e+02	1.688689999999999998e+02	1.691440000000000055e+02	1.693269999999999982e+02	1.694639999999999986e+02	1.695099999999999909e+02	1.697390000000000043e+02	1.700819999999999936e+02	1.701049999999999898e+02	1.703799999999999955e+02	1.706539999999999964e+02	1.708830000000000098e+02	1.710889999999999986e+02	1.712949999999999875e+02	1.710889999999999986e+02	1.712949999999999875e+02	1.715240000000000009e+02	1.718439999999999941e+02	1.723019999999999925e+02	1.726910000000000025e+02	1.733089999999999975e+02	1.737669999999999959e+02	1.745910000000000082e+02	1.750490000000000066e+02	1.752779999999999916e+02	1.758499999999999943e+02	1.759639999999999986e+02	1.777729999999999961e+02	1.779329999999999927e+02	1.783449999999999989e+02	1.785740000000000123e+02	1.789399999999999977e+02	1.791920000000000073e+02	1.795349999999999966e+02	1.798549999999999898e+02	1.801759999999999877e+02	1.802669999999999959e+02	1.803360000000000127e+02	1.803590000000000089e+02	1.805649999999999977e+02	1.809310000000000116e+02	1.815949999999999989e+02	1.817549999999999955e+02	1.820529999999999973e+02	1.823269999999999982e+02	1.826020000000000039e+02	1.827620000000000005e+02	1.826930000000000121e+02	1.830370000000000061e+02	1.832889999999999873e+02	1.827849999999999966e+02	1.829910000000000139e+02	1.831970000000000027e+02	1.832429999999999950e+02	1.834490000000000123e+02	1.837920000000000016e+02	1.841129999999999995e+02	1.845699999999999932e+02	1.845469999999999970e+02	1.847309999999999945e+02	1.850740000000000123e+02	1.861040000000000134e+02	1.863100000000000023e+02	1.865389999999999873e+02	1.864470000000000027e+02	1.866759999999999877e+02	1.868129999999999882e+02	1.869960000000000093e+02	1.871109999999999900e+02	1.872940000000000111e+02	1.867220000000000084e+02	1.868360000000000127e+02	1.869279999999999973e+02	1.874310000000000116e+02	1.872940000000000111e+02	1.871339999999999861e+02	1.871800000000000068e+02	1.875920000000000130e+02	1.876599999999999966e+02	1.872479999999999905e+02	1.871570000000000107e+02	1.872249999999999943e+02	1.867450000000000045e+02	1.869050000000000011e+02	1.876140000000000043e+02	1.875229999999999961e+02	1.876140000000000043e+02	1.876370000000000005e+02	1.878660000000000139e+02	1.880720000000000027e+02	1.881409999999999911e+02	1.884379999999999882e+02	1.885989999999999895e+02	1.889879999999999995e+02	1.891709999999999923e+02	1.885070000000000050e+02	1.883240000000000123e+02	1.884159999999999968e+02	1.887129999999999939e+02	1.890339999999999918e+02	1.891939999999999884e+02	1.892849999999999966e+02	1.894679999999999893e+02	1.895829999999999984e+02	1.897659999999999911e+02	1.900409999999999968e+02	1.908870000000000005e+02	1.909099999999999966e+02	1.905440000000000111e+02	1.905900000000000034e+02	1.908870000000000005e+02	1.907500000000000000e+02	1.915049999999999955e+02	1.915740000000000123e+02	1.916200000000000045e+02	1.918259999999999934e+02	1.919170000000000016e+02	1.921229999999999905e+02	1.923069999999999879e+02	1.924209999999999923e+02	1.926959999999999980e+02	1.928559999999999945e+02	1.930850000000000080e+02	1.933139999999999930e+02	1.933820000000000050e+02	1.934509999999999934e+02	1.935200000000000102e+02	1.936339999999999861e+02	1.935879999999999939e+02	1.937940000000000111e+02	1.939319999999999879e+02	1.937479999999999905e+02	1.933139999999999930e+02	1.935200000000000102e+02	1.936800000000000068e+02	1.947330000000000041e+02	1.948240000000000123e+02	1.949159999999999968e+02	1.950529999999999973e+02	1.951680000000000064e+02	1.951899999999999977e+02	1.952820000000000107e+02	1.953739999999999952e+02	1.954879999999999995e+02	1.954879999999999995e+02	1.954650000000000034e+02	1.956939999999999884e+02	1.956939999999999884e+02	1.956250000000000000e+02	1.955569999999999879e+02
1.000000000000000000e+00	5.809020000000000437e+02	4.946589999999999918e+02	4.205470000000000255e+02	3.591840000000000259e+02	3.085779999999999745e+02	2.689820000000000277e+02	2.438509999999999991e+02	2.255399999999999920e+02	2.107090000000000032e+02	2.009579999999999984e+02	1.908189999999999884e+02	1.833799999999999955e+02	1.773609999999999900e+02	1.722560000000000002e+02	1.675869999999999891e+02	1.635130000000000052e+02	1.592330000000000041e+02	1.562580000000000098e+02	1.518859999999999957e+02	1.471939999999999884e+02	1.423420000000000130e+02	1.381759999999999877e+02	1.344219999999999970e+02	1.311260000000000048e+02	1.286090000000000089e+02	1.263430000000000035e+02	1.246260000000000048e+02	1.230469999999999970e+02	1.217420000000000044e+02	1.205520000000000067e+02	1.196590000000000060e+02	1.187900000000000063e+02	1.184459999999999980e+02	1.180570000000000022e+02	1.180570000000000022e+02	1.179659999999999940e+02	1.179429999999999978e+02	1.180109999999999957e+02	1.181490000000000009e+02	1.178050000000000068e+02	1.184009999999999962e+02	1.180570000000000022e+02	1.184230000000000018e+02	1.187439999999999998e+02	1.186290000000000049e+02	1.193160000000000025e+02	1.190409999999999968e+02	1.194989999999999952e+02	1.198199999999999932e+02	1.203919999999999959e+02	1.209180000000000064e+02	1.210780000000000030e+02	1.213070000000000022e+02	1.218110000000000070e+02	1.220859999999999985e+02	1.224290000000000020e+02	1.225660000000000025e+02	1.227489999999999952e+02	1.228870000000000005e+02	1.243739999999999952e+02	1.246719999999999970e+02	1.250150000000000006e+02	1.255190000000000055e+02	1.257480000000000047e+02	1.261370000000000005e+02	1.265720000000000027e+02	1.270289999999999964e+02	1.276700000000000017e+02	1.281049999999999898e+02	1.291119999999999948e+02	1.296839999999999975e+02	1.301189999999999998e+02	1.305769999999999982e+02	1.310809999999999889e+02	1.316069999999999993e+02	1.321109999999999900e+02	1.325229999999999961e+02	1.330720000000000027e+02	1.335300000000000011e+02	1.340099999999999909e+02	1.344679999999999893e+02	1.352009999999999934e+02	1.357729999999999961e+02	1.364139999999999873e+02	1.371690000000000111e+02	1.376500000000000057e+02	1.384739999999999895e+02	1.390229999999999961e+02	1.397090000000000032e+02	1.403959999999999866e+02	1.410600000000000023e+02	1.417239999999999895e+02	1.425699999999999932e+02	1.433720000000000141e+02	1.442870000000000061e+02	1.451109999999999900e+02	1.461179999999999950e+02	1.468050000000000068e+02	1.478350000000000080e+02	1.487270000000000039e+02	1.496659999999999968e+02	1.509250000000000114e+02	1.522290000000000134e+02	1.539459999999999980e+02	1.559370000000000118e+02	1.581570000000000107e+02	1.608350000000000080e+02	1.638569999999999993e+02	1.675639999999999930e+02	1.719130000000000109e+02	1.773609999999999900e+02	1.827390000000000043e+02	1.892620000000000005e+02	1.963120000000000118e+02	2.042539999999999907e+02	2.129970000000000141e+02	2.214199999999999875e+02	2.303919999999999959e+02	2.394099999999999966e+02	2.480159999999999911e+02	2.565539999999999736e+02	2.647019999999999982e+02	2.742230000000000132e+02	2.816390000000000100e+02	2.890779999999999745e+02	2.964710000000000036e+02	3.013460000000000036e+02	3.068389999999999986e+02	3.119660000000000082e+02	3.165439999999999827e+02	3.206859999999999786e+02	3.243480000000000132e+02	3.268199999999999932e+02	3.301850000000000023e+02	3.334580000000000268e+02	3.356549999999999727e+02	3.390430000000000064e+02	3.413090000000000259e+02	3.431630000000000109e+02	3.444440000000000168e+02	3.465729999999999791e+02	3.488620000000000232e+02	3.506469999999999914e+02	3.524549999999999841e+02	3.542860000000000014e+02	3.554759999999999991e+02	3.570330000000000155e+02	3.586580000000000155e+02	3.593220000000000027e+02	3.598249999999999886e+02	3.612900000000000205e+02	3.618389999999999986e+02	3.624110000000000014e+02	3.633039999999999736e+02	3.644030000000000200e+02	3.651580000000000155e+02	3.660509999999999877e+02	3.669660000000000082e+02	3.678129999999999882e+02	3.685000000000000000e+02	3.696440000000000055e+02	3.703079999999999927e+02	3.712690000000000055e+02	3.717040000000000077e+02	3.724590000000000032e+02	3.733059999999999832e+02	3.735810000000000173e+02	3.742679999999999723e+02	3.746569999999999823e+02	3.742219999999999800e+02	3.750459999999999923e+02	3.757099999999999795e+02	3.775860000000000127e+02	3.779979999999999905e+02	3.791200000000000045e+02	3.788450000000000273e+02	3.793489999999999895e+02	3.796009999999999991e+02	3.804019999999999868e+02	3.804929999999999950e+02	3.807450000000000045e+02	3.809510000000000218e+02	3.806299999999999955e+02	3.809970000000000141e+02	3.811109999999999900e+02	3.814540000000000077e+02	3.814540000000000077e+02	3.816379999999999768e+02	3.817060000000000173e+02
0.000000000000000000e+00	5.353999999999999773e+02	4.805600000000000023e+02	4.238659999999999854e+02	3.809739999999999895e+02	3.407359999999999900e+02	3.039780000000000086e+02	2.742230000000000132e+02	2.513350000000000080e+02	2.349240000000000066e+02	2.222210000000000036e+02	2.098849999999999909e+02	1.991040000000000134e+02	1.902239999999999895e+02	1.816639999999999873e+02	1.736980000000000075e+02	1.669689999999999941e+02	1.597369999999999948e+02	1.527789999999999964e+02	1.463700000000000045e+02	1.411059999999999945e+02	1.363220000000000027e+02	1.324540000000000077e+02	1.289749999999999943e+02	1.263199999999999932e+02	1.232759999999999962e+02	1.214680000000000035e+02	1.198880000000000052e+02	1.187900000000000063e+02	1.176219999999999999e+02	1.163640000000000043e+02	1.151959999999999980e+02	1.144180000000000064e+02	1.138229999999999933e+02	1.127469999999999999e+02	1.119459999999999980e+02	1.112369999999999948e+02	1.109620000000000033e+02	1.108930000000000007e+02	1.106869999999999976e+02	1.122669999999999959e+02	1.113050000000000068e+02	1.107560000000000002e+02	1.106189999999999998e+02	1.102289999999999992e+02	1.100690000000000026e+02	1.101380000000000052e+02	1.095430000000000064e+02	1.089939999999999998e+02	1.097030000000000030e+02	1.098400000000000034e+02	1.094279999999999973e+02	1.090390000000000015e+02	1.097489999999999952e+02	1.047590000000000003e+02	1.043469999999999942e+02	1.079639999999999986e+02	1.086959999999999980e+02	1.088100000000000023e+02	1.089020000000000010e+02	1.089249999999999972e+02	1.089249999999999972e+02	1.085360000000000014e+02	1.086039999999999992e+02	1.088100000000000023e+02	1.087189999999999941e+02	1.094740000000000038e+02	1.087420000000000044e+02	1.092680000000000007e+02	1.093599999999999994e+02	1.093370000000000033e+02	1.087420000000000044e+02	1.083760000000000048e+02	1.082840000000000060e+02	1.080550000000000068e+02	1.079410000000000025e+02	1.083070000000000022e+02	1.083529999999999944e+02	1.083760000000000048e+02	1.099779999999999944e+02	1.099320000000000022e+02	1.098629999999999995e+02	1.101380000000000052e+02	1.102289999999999992e+02	1.101380000000000052e+02	1.101839999999999975e+02	1.101149999999999949e+02	1.097030000000000030e+02	1.095199999999999960e+02	1.094509999999999934e+02	1.092000000000000028e+02	1.100229999999999961e+02	1.098859999999999957e+02	1.107789999999999964e+02	1.114650000000000034e+02	1.123119999999999976e+02	1.122890000000000015e+02	1.125870000000000033e+02	1.123810000000000002e+02	1.121290000000000049e+02	1.128619999999999948e+02	1.126329999999999956e+02	1.124729999999999990e+02	1.130679999999999978e+02	1.128619999999999948e+02	1.125870000000000033e+02	1.125180000000000007e+02	1.122669999999999959e+02	1.122439999999999998e+02	1.122439999999999998e+02	1.136400000000000006e+02	1.135480000000000018e+02	1.134110000000000014e+02	1.132969999999999970e+02	1.129989999999999952e+02	1.129759999999999991e+02	1.129069999999999965e+02	1.126560000000000059e+02	1.127009999999999934e+02	1.145100000000000051e+02	1.145550000000000068e+02	1.144180000000000064e+02	1.142579999999999956e+02	1.140289999999999964e+02	1.138229999999999933e+02	1.145100000000000051e+02	1.144180000000000064e+02	1.141889999999999930e+02	1.142579999999999956e+02	1.143949999999999960e+02	1.143040000000000020e+02	1.145550000000000068e+02	1.148070000000000022e+02	1.147609999999999957e+02	1.147609999999999957e+02	1.148529999999999944e+02	1.147159999999999940e+02	1.145780000000000030e+02	1.144639999999999986e+02	1.146009999999999991e+02	1.141889999999999930e+02	1.144869999999999948e+02	1.145100000000000051e+02	1.145780000000000030e+02	1.146239999999999952e+02	1.145550000000000068e+02	1.146009999999999991e+02	1.146470000000000056e+02	1.148760000000000048e+02	1.150130000000000052e+02	1.150130000000000052e+02	1.149219999999999970e+02	1.148529999999999944e+02	1.147840000000000060e+02	1.147379999999999995e+02	1.148529999999999944e+02	1.149440000000000026e+02	1.150589999999999975e+02	1.150819999999999936e+02	1.149669999999999987e+02	1.151050000000000040e+02	1.151730000000000018e+02	1.151500000000000057e+02	1.151280000000000001e+02	1.151500000000000057e+02	1.151959999999999980e+02	1.151730000000000018e+02	1.151730000000000018e+02	1.152879999999999967e+02	1.153790000000000049e+02	1.153790000000000049e+02	1.168670000000000044e+02	1.169590000000000032e+02	1.170040000000000049e+02	1.170729999999999933e+02	1.171419999999999959e+02	1.171189999999999998e+02	1.170960000000000036e+02	1.170960000000000036e+02	1.171880000000000024e+02	1.171650000000000063e+02	1.172789999999999964e+02	1.172789999999999964e+02	1.172099999999999937e+02	1.172789999999999964e+02	1.175769999999999982e+02	1.175079999999999956e+02	1.175769999999999982e+02	1.176219999999999999e+02	1.176449999999999960e+02
1.000000000000000000e+00	1.854629999999999939e+02	1.696469999999999914e+02	1.553880000000000052e+02	1.422500000000000000e+02	1.320879999999999939e+02	1.229549999999999983e+02	1.147609999999999957e+02	1.081919999999999931e+02	1.026989999999999981e+02	9.816700000000000159e+01	9.457399999999999807e+01	9.148399999999999466e+01	8.912699999999999534e+01	8.740999999999999659e+01	8.562500000000000000e+01	8.434300000000000352e+01	8.335899999999999466e+01	8.244299999999999784e+01	8.145900000000000318e+01	8.086400000000000432e+01	8.022299999999999898e+01	7.990300000000000580e+01	7.946800000000000352e+01	7.930800000000000693e+01	7.891800000000000637e+01	7.887300000000000466e+01	7.866700000000000159e+01	7.866700000000000159e+01	7.855200000000000671e+01	7.857500000000000284e+01	7.850600000000000023e+01	7.859799999999999898e+01	7.868999999999999773e+01	7.862099999999999511e+01	7.887300000000000466e+01	7.928499999999999659e+01	7.955899999999999750e+01	7.960500000000000398e+01	7.987999999999999545e+01	7.987999999999999545e+01	8.013200000000000500e+01	8.063500000000000512e+01	8.084099999999999397e+01	8.113899999999999579e+01	8.111599999999999966e+01	8.123000000000000398e+01	8.150499999999999545e+01	8.287800000000000011e+01	8.312999999999999545e+01	8.322100000000000364e+01	8.356499999999999773e+01	8.377100000000000080e+01	8.393099999999999739e+01	8.406799999999999784e+01	8.441200000000000614e+01	8.452599999999999625e+01	8.496099999999999852e+01	8.498399999999999466e+01	8.523600000000000421e+01	8.555599999999999739e+01	8.615099999999999625e+01	8.626600000000000534e+01	8.656300000000000239e+01	8.676900000000000546e+01	8.683799999999999386e+01	8.704399999999999693e+01	8.720399999999999352e+01	8.763899999999999579e+01	8.793600000000000705e+01	8.812000000000000455e+01	8.821099999999999852e+01	8.834799999999999898e+01	8.850900000000000034e+01	8.878300000000000125e+01	8.892100000000000648e+01	8.924099999999999966e+01	8.946999999999999886e+01	8.976699999999999591e+01	8.992799999999999727e+01	9.125499999999999545e+01	9.100300000000000011e+01	9.102599999999999625e+01	9.111799999999999500e+01	9.134699999999999420e+01	9.146099999999999852e+01	9.171299999999999386e+01	9.187300000000000466e+01	9.205599999999999739e+01	9.223900000000000432e+01	9.244499999999999318e+01	9.271999999999999886e+01	9.301800000000000068e+01	9.304000000000000625e+01	9.317799999999999727e+01	9.359000000000000341e+01	9.368099999999999739e+01	9.439100000000000534e+01	9.482599999999999341e+01	9.516899999999999693e+01	9.542100000000000648e+01	9.558100000000000307e+01	9.603900000000000148e+01	9.658799999999999386e+01	9.704600000000000648e+01	9.780100000000000193e+01	9.867100000000000648e+01	9.965500000000000114e+01	1.007540000000000049e+02	1.019669999999999987e+02	1.035000000000000000e+02	1.051029999999999944e+02	1.067960000000000065e+02	1.092909999999999968e+02	1.115109999999999957e+02	1.136170000000000044e+02	1.169819999999999993e+02	1.198199999999999932e+02	1.227259999999999991e+02	1.265720000000000027e+02	1.303710000000000093e+02	1.343079999999999927e+02	1.384509999999999934e+02	1.416550000000000011e+02	1.464159999999999968e+02	1.502609999999999957e+02	1.535569999999999879e+02	1.573789999999999907e+02	1.604689999999999941e+02	1.631009999999999991e+02	1.666260000000000048e+02	1.698069999999999879e+02	1.721879999999999882e+02	1.739039999999999964e+02	1.759410000000000025e+02	1.783679999999999950e+02	1.797410000000000139e+02	1.811140000000000043e+02	1.821440000000000055e+02	1.836090000000000089e+02	1.847529999999999859e+02	1.857599999999999909e+02	1.863100000000000023e+02	1.871339999999999861e+02	1.881870000000000118e+02	1.890790000000000077e+02	1.899720000000000084e+02	1.904300000000000068e+02	1.911160000000000139e+02	1.916889999999999930e+02	1.925349999999999966e+02	1.941599999999999966e+02	1.943439999999999941e+02	1.945500000000000114e+02	1.949840000000000089e+02	1.953739999999999952e+02	1.954650000000000034e+02	1.960140000000000100e+02	1.966779999999999973e+02	1.967930000000000064e+02	1.969070000000000107e+02	1.972050000000000125e+02	1.974329999999999927e+02	1.975709999999999980e+02	1.976850000000000023e+02	1.977769999999999868e+02	2.018050000000000068e+02	2.008899999999999864e+02	1.994019999999999868e+02	1.993559999999999945e+02	1.992419999999999902e+02	1.991500000000000057e+02	1.991959999999999980e+02	1.990809999999999889e+02	1.994929999999999950e+02	1.995620000000000118e+02	1.996310000000000002e+02	1.995389999999999873e+02	1.993559999999999945e+02	2.001800000000000068e+02	1.998369999999999891e+02	1.998369999999999891e+02	2.001339999999999861e+02	2.000889999999999986e+02	2.001800000000000068e+02	2.001800000000000068e+02	2.006150000000000091e+02	2.005229999999999961e+02	2.004550000000000125e+02	2.003400000000000034e+02
0.000000000000000000e+00	1.146700000000000053e+01	7.530000000000000249e+00	8.468999999999999417e+00	1.064300000000000068e+01	9.201000000000000512e+00	6.682999999999999829e+00	7.506999999999999673e+00	1.208500000000000085e+01	6.934999999999999609e+00	8.377000000000000668e+00	7.118000000000000327e+00	8.513999999999999346e+00	8.948999999999999844e+00	6.889000000000000234e+00	5.836000000000000298e+00	8.285999999999999588e+00	7.003999999999999559e+00	9.018000000000000682e+00	9.361000000000000654e+00	9.361000000000000654e+00	1.061999999999999922e+01	8.240000000000000213e+00	8.057000000000000384e+00	7.416000000000000369e+00	1.240499999999999936e+01	9.589999999999999858e+00	9.705000000000000071e+00	7.988000000000000433e+00	8.080000000000000071e+00	5.629999999999999893e+00	7.964999999999999858e+00	9.682000000000000384e+00	7.918999999999999595e+00	7.850999999999999979e+00	1.059699999999999953e+01	6.386000000000000121e+00	8.468999999999999417e+00	8.583000000000000185e+00	5.814000000000000057e+00	1.050600000000000023e+01	9.842000000000000526e+00	1.013899999999999935e+01	1.098600000000000065e+01	6.911999999999999922e+00	1.238299999999999912e+01	9.819000000000000838e+00	1.290900000000000070e+01	9.521000000000000796e+00	8.217000000000000526e+00	6.019999999999999574e+00	1.290900000000000070e+01	6.179999999999999716e+00	6.339999999999999858e+00	9.476000000000000867e+00	6.157000000000000028e+00	7.644999999999999574e+00	9.018000000000000682e+00	1.256600000000000072e+01	1.270299999999999940e+01	9.131999999999999673e+00	7.439000000000000057e+00	1.267999999999999972e+01	1.229100000000000037e+01	7.759000000000000341e+00	1.165000000000000036e+01	9.224000000000000199e+00	1.213100000000000023e+01	9.865000000000000213e+00	9.544000000000000483e+00	9.499000000000000554e+00	9.246999999999999886e+00	5.974000000000000199e+00	6.820999999999999730e+00	1.322899999999999920e+01	6.225999999999999979e+00	6.980999999999999872e+00	1.190199999999999925e+01	6.179999999999999716e+00	6.432000000000000384e+00	9.476000000000000867e+00	6.660000000000000142e+00	7.668000000000000149e+00	8.788999999999999702e+00	6.682999999999999829e+00	8.102000000000000313e+00	6.568999999999999950e+00	9.499000000000000554e+00	1.041399999999999970e+01	9.842000000000000526e+00	6.980999999999999872e+00	8.766000000000000014e+00	7.370000000000000107e+00	8.858000000000000540e+00	6.248000000000000220e+00	9.589999999999999858e+00	6.660000000000000142e+00	9.269999999999999574e+00	1.087199999999999989e+01	6.408999999999999808e+00	8.285999999999999588e+00	9.108999999999999986e+00	1.343500000000000050e+01	1.133000000000000007e+01	1.274900000000000055e+01	1.135299999999999976e+01	7.530000000000000249e+00	1.048300000000000054e+01	7.003999999999999559e+00	1.235999999999999943e+01	8.583000000000000185e+00	7.392999999999999794e+00	8.353999999999999204e+00	8.400000000000000355e+00	7.918999999999999595e+00	1.359600000000000009e+01	6.522999999999999687e+00	6.453999999999999737e+00	1.089499999999999957e+01	9.178000000000000824e+00	9.246999999999999886e+00	8.285999999999999588e+00	9.131999999999999673e+00	9.705000000000000071e+00	8.307999999999999829e+00	7.918999999999999595e+00	1.098600000000000065e+01	1.068900000000000006e+01	8.926000000000000156e+00	1.487700000000000067e+01	9.795999999999999375e+00	9.269999999999999574e+00	8.400000000000000355e+00	8.400000000000000355e+00	1.483200000000000074e+01	9.750000000000000000e+00	9.246999999999999886e+00	1.380199999999999960e+01	9.292999999999999261e+00	9.224000000000000199e+00	8.948999999999999844e+00	6.958000000000000185e+00	9.499000000000000554e+00	8.698000000000000398e+00	7.187000000000000277e+00	7.506999999999999673e+00	1.213100000000000023e+01	7.530000000000000249e+00	1.224499999999999922e+01	1.146700000000000053e+01	8.811999999999999389e+00	8.743000000000000327e+00	8.400000000000000355e+00	8.492000000000000881e+00	1.519800000000000040e+01	1.229100000000000037e+01	8.194000000000000838e+00	8.194000000000000838e+00	1.208500000000000085e+01	8.766000000000000014e+00	9.476000000000000867e+00	7.416000000000000369e+00	1.103200000000000003e+01	8.468999999999999417e+00	1.219899999999999984e+01	7.804999999999999716e+00	8.492000000000000881e+00	7.735999999999999766e+00	7.141000000000000014e+00	1.421400000000000041e+01	1.313799999999999990e+01	7.895999999999999908e+00	1.149000000000000021e+01	1.556400000000000006e+01	9.612999999999999545e+00	7.782000000000000028e+00	1.041399999999999970e+01	7.713000000000000078e+00	7.690000000000000391e+00	1.025399999999999956e+01	9.705000000000000071e+00	1.034500000000000064e+01	8.720000000000000639e+00	9.635999999999999233e+00	8.675000000000000711e+00	8.651999999999999247e+00	8.651999999999999247e+00	9.131999999999999673e+00	9.819000000000000838e+00	1.011700000000000088e+01
1.000000000000000000e+00	3.433229999999999791e+02	3.188779999999999859e+02	2.980729999999999791e+02	2.835620000000000118e+02	2.651370000000000005e+02	2.516779999999999973e+02	2.368240000000000123e+02	2.251510000000000105e+02	2.146220000000000141e+02	2.057419999999999902e+02	1.991040000000000134e+02	1.911620000000000061e+02	1.834259999999999877e+02	1.768340000000000032e+02	1.713640000000000043e+02	1.662599999999999909e+02	1.612239999999999895e+02	1.566009999999999991e+02	1.530080000000000098e+02	1.495060000000000002e+02	1.468280000000000030e+02	1.447220000000000084e+02	1.426160000000000139e+02	1.412199999999999989e+02	1.399379999999999882e+02	1.388629999999999995e+02	1.380159999999999911e+02	1.371690000000000111e+02	1.365049999999999955e+02	1.363909999999999911e+02	1.374439999999999884e+02	1.371229999999999905e+02	1.373520000000000039e+02	1.375809999999999889e+02	1.378329999999999984e+02	1.378100000000000023e+02	1.378779999999999859e+02	1.383129999999999882e+02	1.387249999999999943e+02	1.391140000000000043e+02	1.396179999999999950e+02	1.402589999999999861e+02	1.406709999999999923e+02	1.411279999999999859e+02	1.416090000000000089e+02	1.422729999999999961e+02	1.427079999999999984e+02	1.434399999999999977e+02	1.446529999999999916e+02	1.452259999999999991e+02	1.458890000000000100e+02	1.464159999999999968e+02	1.474689999999999941e+02	1.480639999999999930e+02	1.485670000000000073e+02	1.492539999999999907e+02	1.497570000000000050e+02	1.503069999999999879e+02	1.509250000000000114e+02	1.513139999999999930e+02	1.519089999999999918e+02	1.523439999999999941e+02	1.529850000000000136e+02	1.533969999999999914e+02	1.539230000000000018e+02	1.542659999999999911e+02	1.548160000000000025e+02	1.551819999999999879e+02	1.556620000000000061e+02	1.561889999999999930e+02	1.566469999999999914e+02	1.572419999999999902e+02	1.576539999999999964e+02	1.579509999999999934e+02	1.582949999999999875e+02	1.585920000000000130e+02	1.591639999999999873e+02	1.596680000000000064e+02	1.600109999999999957e+02	1.606059999999999945e+02	1.609730000000000132e+02	1.610180000000000007e+02	1.609730000000000132e+02	1.595759999999999934e+02	1.575620000000000118e+02	1.555480000000000018e+02	1.549759999999999991e+02	1.553189999999999884e+02	1.562800000000000011e+02	1.577220000000000084e+02	1.590500000000000114e+02	1.606289999999999907e+02	1.625519999999999925e+02	1.650920000000000130e+02	1.661910000000000025e+02	1.666949999999999932e+02	1.671519999999999868e+02	1.674269999999999925e+02	1.678160000000000025e+02	1.681140000000000043e+02	1.684339999999999975e+02	1.687549999999999955e+02	1.691210000000000093e+02	1.695790000000000077e+02	1.709290000000000020e+02	1.714550000000000125e+02	1.719819999999999993e+02	1.724850000000000136e+02	1.745910000000000082e+02	1.751860000000000070e+02	1.760099999999999909e+02	1.768340000000000032e+02	1.779780000000000086e+02	1.792369999999999948e+02	1.806339999999999861e+02	1.825560000000000116e+02	1.847760000000000105e+02	1.874540000000000077e+02	1.906129999999999995e+02	1.943890000000000100e+02	1.988979999999999961e+02	2.041630000000000109e+02	2.103650000000000091e+02	2.176440000000000055e+02	2.257690000000000055e+02	2.351990000000000123e+02	2.454530000000000030e+02	2.564390000000000214e+02	2.682950000000000159e+02	2.807010000000000218e+02	2.934490000000000123e+02	3.059010000000000105e+02	3.181689999999999827e+02	3.302760000000000105e+02	3.419270000000000209e+02	3.522950000000000159e+02	3.622280000000000086e+02	3.714069999999999823e+02	3.796689999999999827e+02	3.873600000000000136e+02	3.942259999999999991e+02	4.005659999999999741e+02	4.063109999999999786e+02	4.114379999999999882e+02	4.161530000000000200e+02	4.203419999999999845e+02	4.242320000000000277e+02	4.277570000000000050e+02	4.308240000000000123e+02	4.340969999999999800e+02	4.395899999999999750e+02	4.419940000000000282e+02	4.443509999999999991e+02	4.466399999999999864e+02	4.484940000000000282e+02	4.500280000000000200e+02	4.515149999999999864e+02	4.532090000000000032e+02	4.546970000000000027e+02	4.560699999999999932e+02	4.573980000000000246e+02	4.584270000000000209e+02	4.558179999999999836e+02	4.566650000000000205e+02	4.578779999999999859e+02	4.587939999999999827e+02	4.598460000000000036e+02	4.625240000000000009e+02	4.630509999999999877e+02	4.636460000000000150e+02	4.641720000000000255e+02	4.642640000000000100e+02	4.649279999999999973e+02	4.655230000000000246e+02	4.659580000000000268e+02	4.663240000000000123e+02	4.669420000000000073e+02	4.673999999999999773e+02	4.682919999999999732e+02	4.683840000000000146e+02	4.685210000000000150e+02	4.687500000000000000e+02	4.688639999999999759e+02	4.692309999999999945e+02	4.694599999999999795e+02	4.696200000000000045e+02	4.699859999999999900e+02	4.702610000000000241e+02	4.699399999999999977e+02
0.000000000000000000e+00	4.072040000000000077e+02	3.563000000000000114e+02	3.079379999999999882e+02	2.732160000000000082e+02	2.414250000000000114e+02	2.151949999999999932e+02	1.964720000000000084e+02	1.807709999999999866e+02	1.688460000000000036e+02	1.591189999999999998e+02	1.519319999999999879e+02	1.469650000000000034e+02	1.430740000000000123e+02	1.394350000000000023e+02	1.363220000000000027e+02	1.340560000000000116e+02	1.318360000000000127e+02	1.302340000000000089e+02	1.285860000000000127e+02	1.268689999999999998e+02	1.255190000000000055e+02	1.219479999999999933e+02	1.176449999999999960e+02	1.131590000000000060e+02	1.096800000000000068e+02	1.076430000000000007e+02	1.067279999999999944e+02	1.057660000000000053e+02	1.045070000000000050e+02	1.038439999999999941e+02	1.049879999999999995e+02	1.045529999999999973e+02	1.042560000000000002e+02	1.042330000000000041e+02	1.040499999999999972e+02	1.043930000000000007e+02	1.047590000000000003e+02	1.055600000000000023e+02	1.060409999999999968e+02	1.061779999999999973e+02	1.072079999999999984e+02	1.076430000000000007e+02	1.065669999999999931e+02	1.073229999999999933e+02	1.087189999999999941e+02	1.101149999999999949e+02	1.105270000000000010e+02	1.116029999999999944e+02	1.119689999999999941e+02	1.125180000000000007e+02	1.127469999999999999e+02	1.132510000000000048e+02	1.136860000000000070e+02	1.146700000000000017e+02	1.148760000000000048e+02	1.156539999999999964e+02	1.162950000000000017e+02	1.168439999999999941e+02	1.174159999999999968e+02	1.181029999999999944e+02	1.188349999999999937e+02	1.197049999999999983e+02	1.216740000000000066e+02	1.224060000000000059e+02	1.231839999999999975e+02	1.242139999999999986e+02	1.250610000000000070e+02	1.257480000000000047e+02	1.265949999999999989e+02	1.273960000000000008e+02	1.281510000000000105e+02	1.290440000000000111e+02	1.298449999999999989e+02	1.308060000000000116e+02	1.319269999999999925e+02	1.328660000000000139e+02	1.342620000000000005e+02	1.354519999999999982e+02	1.366649999999999920e+02	1.375809999999999889e+02	1.385649999999999977e+02	1.393199999999999932e+02	1.396409999999999911e+02	1.400529999999999973e+02	1.401670000000000016e+02	1.402820000000000107e+02	1.405790000000000077e+02	1.407170000000000130e+02	1.409679999999999893e+02	1.412199999999999989e+02	1.413569999999999993e+02	1.417470000000000141e+02	1.420900000000000034e+02	1.421810000000000116e+02	1.422500000000000000e+02	1.424559999999999889e+02	1.425250000000000057e+02	1.425699999999999932e+02	1.428220000000000027e+02	1.429819999999999993e+02	1.431659999999999968e+02	1.433720000000000141e+02	1.440349999999999966e+02	1.441270000000000095e+02	1.441959999999999980e+02	1.441500000000000057e+02	1.441270000000000095e+02	1.440579999999999927e+02	1.441270000000000095e+02	1.440349999999999966e+02	1.441959999999999980e+02	1.442640000000000100e+02	1.445850000000000080e+02	1.452259999999999991e+02	1.451109999999999900e+02	1.450879999999999939e+02	1.450649999999999977e+02	1.453170000000000073e+02	1.453170000000000073e+02	1.457750000000000057e+02	1.457980000000000018e+02	1.457980000000000018e+02	1.457750000000000057e+02	1.458209999999999980e+02	1.459809999999999945e+02	1.460039999999999907e+02	1.459579999999999984e+02	1.462100000000000080e+02	1.460949999999999989e+02	1.458209999999999980e+02	1.455229999999999961e+02	1.455920000000000130e+02	1.455459999999999923e+02	1.454770000000000039e+02	1.454770000000000039e+02	1.455920000000000130e+02	1.455920000000000130e+02	1.456599999999999966e+02	1.458439999999999941e+02	1.459579999999999984e+02	1.462100000000000080e+02	1.462549999999999955e+02	1.459579999999999984e+02	1.459809999999999945e+02	1.460039999999999907e+02	1.459350000000000023e+02	1.463470000000000084e+02	1.462549999999999955e+02	1.461639999999999873e+02	1.463009999999999877e+02	1.463009999999999877e+02	1.463009999999999877e+02	1.463700000000000045e+02	1.467129999999999939e+02	1.466220000000000141e+02	1.465989999999999895e+02	1.465070000000000050e+02	1.468959999999999866e+02	1.469879999999999995e+02	1.468729999999999905e+02	1.467129999999999939e+02	1.465300000000000011e+02	1.465759999999999934e+02	1.465300000000000011e+02	1.465529999999999973e+02	1.465989999999999895e+02	1.466450000000000102e+02	1.466450000000000102e+02	1.465759999999999934e+02	1.465300000000000011e+02	1.467129999999999939e+02	1.466670000000000016e+02	1.467359999999999900e+02	1.466899999999999977e+02	1.466220000000000141e+02	1.465529999999999973e+02	1.466450000000000102e+02	1.466220000000000141e+02	1.466450000000000102e+02	1.467820000000000107e+02	1.468050000000000068e+02	1.467820000000000107e+02	1.468959999999999866e+02	1.468729999999999905e+02	1.468509999999999991e+02	1.468280000000000030e+02	1.468280000000000030e+02	1.468050000000000068e+02	1.468050000000000068e+02
1.000000000000000000e+00	1.295469999999999970e+02	1.186290000000000049e+02	1.092909999999999968e+02	1.011659999999999968e+02	9.361299999999999955e+01	8.869199999999999307e+01	8.278700000000000614e+01	7.781999999999999318e+01	7.349399999999999977e+01	6.919100000000000250e+01	6.564300000000000068e+01	6.328600000000000136e+01	6.081400000000000006e+01	5.854800000000000182e+01	5.660199999999999676e+01	5.504599999999999937e+01	5.399300000000000210e+01	5.321500000000000341e+01	5.202499999999999858e+01	5.124699999999999989e+01	5.062899999999999778e+01	5.028499999999999659e+01	4.918699999999999761e+01	4.801899999999999835e+01	4.712700000000000244e+01	4.630299999999999727e+01	4.499799999999999756e+01	4.431199999999999761e+01	4.383100000000000307e+01	4.298400000000000176e+01	4.247999999999999687e+01	4.165599999999999881e+01	4.133599999999999852e+01	4.113000000000000256e+01	4.092399999999999949e+01	4.064900000000000091e+01	4.060399999999999920e+01	4.039800000000000324e+01	4.019200000000000017e+01	4.055799999999999983e+01	4.037500000000000000e+01	4.032900000000000063e+01	4.046600000000000108e+01	4.021500000000000341e+01	4.021500000000000341e+01	3.996300000000000097e+01	4.081000000000000227e+01	4.085499999999999687e+01	4.069500000000000028e+01	4.076400000000000290e+01	4.071800000000000352e+01	4.032900000000000063e+01	3.989399999999999835e+01	3.968800000000000239e+01	3.964200000000000301e+01	3.920700000000000074e+01	3.955100000000000193e+01	3.948199999999999932e+01	3.936800000000000210e+01	3.927600000000000335e+01	3.929899999999999949e+01	3.950500000000000256e+01	3.952799999999999869e+01	3.971099999999999852e+01	3.975699999999999790e+01	3.998599999999999710e+01	4.012299999999999756e+01	4.021500000000000341e+01	4.051200000000000045e+01	4.062700000000000244e+01	4.092399999999999949e+01	4.083299999999999841e+01	4.099300000000000210e+01	4.119899999999999807e+01	4.122200000000000131e+01	4.145100000000000051e+01	4.161099999999999710e+01	4.172500000000000142e+01	4.200000000000000000e+01	4.195400000000000063e+01	4.245799999999999841e+01	4.296099999999999852e+01	4.321300000000000097e+01	4.335000000000000142e+01	4.337299999999999756e+01	4.350999999999999801e+01	4.380799999999999983e+01	4.373899999999999721e+01	4.412800000000000011e+01	4.399099999999999966e+01	4.447200000000000131e+01	4.483800000000000097e+01	4.483800000000000097e+01	4.495199999999999818e+01	4.550200000000000244e+01	4.566199999999999903e+01	4.607399999999999807e+01	4.634899999999999665e+01	4.673799999999999955e+01	4.692099999999999937e+01	4.753900000000000148e+01	4.783599999999999852e+01	4.845400000000000063e+01	4.895799999999999841e+01	5.001100000000000279e+01	5.108599999999999852e+01	5.241400000000000148e+01	5.376400000000000290e+01	5.566400000000000148e+01	5.788400000000000034e+01	6.042499999999999716e+01	6.342300000000000182e+01	6.612399999999999523e+01	6.939700000000000557e+01	7.296800000000000352e+01	7.619499999999999318e+01	7.953600000000000136e+01	8.230599999999999739e+01	8.512099999999999511e+01	8.763899999999999579e+01	9.017900000000000205e+01	9.345199999999999818e+01	9.583299999999999841e+01	9.750400000000000489e+01	9.924299999999999500e+01	1.008220000000000027e+02	1.025849999999999937e+02	1.041179999999999950e+02	1.058349999999999937e+02	1.072770000000000010e+02	1.085589999999999975e+02	1.098629999999999995e+02	1.118550000000000040e+02	1.124950000000000045e+02	1.137770000000000010e+02	1.146929999999999978e+02	1.152189999999999941e+02	1.158599999999999994e+02	1.160660000000000025e+02	1.163409999999999940e+02	1.168439999999999941e+02	1.169360000000000070e+02	1.166610000000000014e+02	1.167759999999999962e+02	1.174620000000000033e+02	1.174620000000000033e+02	1.181490000000000009e+02	1.182630000000000052e+02	1.180340000000000060e+02	1.179200000000000017e+02	1.181490000000000009e+02	1.181260000000000048e+02	1.183089999999999975e+02	1.184689999999999941e+02	1.187669999999999959e+02	1.185840000000000032e+02	1.189729999999999990e+02	1.190639999999999930e+02	1.191560000000000059e+02	1.190870000000000033e+02	1.189729999999999990e+02	1.193160000000000025e+02	1.192469999999999999e+02	1.193160000000000025e+02	1.201170000000000044e+02	1.200259999999999962e+02	1.199339999999999975e+02	1.206670000000000016e+02	1.207810000000000059e+02	1.207120000000000033e+02	1.204609999999999985e+02	1.204609999999999985e+02	1.209180000000000064e+02	1.206440000000000055e+02	1.206209999999999951e+02	1.204380000000000024e+02	1.202999999999999972e+02	1.202319999999999993e+02	1.203919999999999959e+02	1.202319999999999993e+02	1.203689999999999998e+02	1.198880000000000052e+02	1.200709999999999980e+02	1.201170000000000044e+02	1.199800000000000040e+02	1.198430000000000035e+02	1.200259999999999962e+02	1.195220000000000056e+02	1.195909999999999940e+02
1.000000000000000000e+00	2.686159999999999854e+02	2.449720000000000084e+02	2.215120000000000005e+02	2.019650000000000034e+02	1.844329999999999927e+02	1.700819999999999936e+02	1.563259999999999934e+02	1.449050000000000011e+02	1.367340000000000089e+02	1.300960000000000036e+02	1.263199999999999932e+02	1.214219999999999970e+02	1.170729999999999933e+02	1.137999999999999972e+02	1.109849999999999994e+02	1.088790000000000049e+02	1.064300000000000068e+02	1.037060000000000031e+02	1.002960000000000065e+02	9.727500000000000568e+01	9.427599999999999625e+01	9.166700000000000159e+01	8.956100000000000705e+01	8.752400000000000091e+01	8.589900000000000091e+01	8.450300000000000011e+01	8.322100000000000364e+01	8.226000000000000512e+01	8.123000000000000398e+01	8.029200000000000159e+01	7.967400000000000659e+01	7.903300000000000125e+01	7.862099999999999511e+01	7.798000000000000398e+01	7.784300000000000352e+01	7.756799999999999784e+01	7.724800000000000466e+01	7.722499999999999432e+01	7.717900000000000205e+01	7.722499999999999432e+01	7.745399999999999352e+01	7.736199999999999477e+01	7.729300000000000637e+01	7.736199999999999477e+01	7.743099999999999739e+01	7.802599999999999625e+01	7.811700000000000443e+01	7.827800000000000580e+01	7.901000000000000512e+01	7.891800000000000637e+01	7.926200000000000045e+01	7.965099999999999625e+01	8.047499999999999432e+01	8.040600000000000591e+01	8.033799999999999386e+01	8.100100000000000477e+01	8.155100000000000193e+01	8.187099999999999511e+01	8.226000000000000512e+01	8.244299999999999784e+01	8.345000000000000284e+01	8.367900000000000205e+01	8.420600000000000307e+01	8.441200000000000614e+01	8.521299999999999386e+01	8.560200000000000387e+01	8.617400000000000659e+01	8.683799999999999386e+01	8.727299999999999613e+01	8.773000000000000398e+01	8.795900000000000318e+01	8.818800000000000239e+01	8.853100000000000591e+01	8.962999999999999545e+01	8.990500000000000114e+01	9.084300000000000352e+01	9.141500000000000625e+01	9.201000000000000512e+01	9.244499999999999318e+01	9.292600000000000193e+01	9.432200000000000273e+01	9.521500000000000341e+01	9.594700000000000273e+01	9.702299999999999613e+01	9.784699999999999420e+01	9.912900000000000489e+01	1.001359999999999957e+02	1.015550000000000068e+02	1.031340000000000003e+02	1.047819999999999965e+02	1.066129999999999995e+02	1.093370000000000033e+02	1.113509999999999991e+02	1.132510000000000048e+02	1.165469999999999970e+02	1.196370000000000005e+02	1.215819999999999936e+02	1.239399999999999977e+02	1.262969999999999970e+02	1.287690000000000055e+02	1.324770000000000039e+02	1.351550000000000011e+02	1.376040000000000134e+02	1.403499999999999943e+02	1.437379999999999995e+02	1.465529999999999973e+02	1.492309999999999945e+02	1.518170000000000073e+02	1.543810000000000002e+02	1.567379999999999995e+02	1.595540000000000020e+02	1.636730000000000018e+02	1.660080000000000098e+02	1.681819999999999879e+02	1.700589999999999975e+02	1.725999999999999943e+02	1.739960000000000093e+02	1.752319999999999993e+02	1.767880000000000109e+02	1.780699999999999932e+02	1.793290000000000077e+02	1.807940000000000111e+02	1.826709999999999923e+02	1.846160000000000139e+02	1.853489999999999895e+02	1.865620000000000118e+02	1.875459999999999923e+02	1.884159999999999968e+02	1.897199999999999989e+02	1.903609999999999900e+02	1.917340000000000089e+02	1.924439999999999884e+02	1.930389999999999873e+02	1.941380000000000052e+02	1.947330000000000041e+02	1.956020000000000039e+02	1.971819999999999879e+02	1.986239999999999952e+02	1.986009999999999991e+02	1.988069999999999879e+02	1.991270000000000095e+02	2.002489999999999952e+02	2.014389999999999930e+02	2.014159999999999968e+02	2.017820000000000107e+02	2.024230000000000018e+02	2.029950000000000045e+02	2.029720000000000084e+02	2.035680000000000121e+02	2.051469999999999914e+02	2.057419999999999902e+02	2.068410000000000082e+02	2.072980000000000018e+02	2.078019999999999925e+02	2.085800000000000125e+02	2.093350000000000080e+02	2.097700000000000102e+02	2.104110000000000014e+02	2.100910000000000082e+02	2.103650000000000091e+02	2.110289999999999964e+02	2.110519999999999925e+02	2.119219999999999970e+02	2.128369999999999891e+02	2.138899999999999864e+02	2.142560000000000002e+02	2.143480000000000132e+02	2.151030000000000086e+02	2.154459999999999980e+02	2.164310000000000116e+02	2.171169999999999902e+02	2.171630000000000109e+02	2.180329999999999870e+02	2.182390000000000043e+02	2.191769999999999925e+02	2.199099999999999966e+02	2.204590000000000032e+02	2.204590000000000032e+02	2.213750000000000000e+02	2.214199999999999875e+02	2.220380000000000109e+02	2.226560000000000059e+02	2.231829999999999927e+02	2.232280000000000086e+02	2.239149999999999920e+02	2.239379999999999882e+02	2.246479999999999961e+02	2.243040000000000020e+02	2.253799999999999955e+02
1.000000000000000000e+00	5.112300000000000182e+02	4.471890000000000214e+02	3.920749999999999886e+02	3.430020000000000095e+02	3.024220000000000255e+02	2.705380000000000109e+02	2.452700000000000102e+02	2.257230000000000132e+02	2.102740000000000009e+02	1.975939999999999941e+02	1.869960000000000093e+02	1.785740000000000123e+02	1.716380000000000052e+02	1.655269999999999868e+02	1.608580000000000041e+02	1.563720000000000141e+02	1.507419999999999902e+02	1.461179999999999950e+02	1.417239999999999895e+02	1.360020000000000095e+02	1.310809999999999889e+02	1.271670000000000016e+02	1.233670000000000044e+02	1.201860000000000070e+02	1.167759999999999962e+02	1.145780000000000030e+02	1.129069999999999965e+02	1.116940000000000026e+02	1.106869999999999976e+02	1.095889999999999986e+02	1.087189999999999941e+02	1.077800000000000011e+02	1.071620000000000061e+02	1.065220000000000056e+02	1.058580000000000041e+02	1.050340000000000060e+02	1.046219999999999999e+02	1.041410000000000053e+02	1.041179999999999950e+02	1.039120000000000061e+02	1.033400000000000034e+02	1.029969999999999999e+02	1.028820000000000050e+02	1.026539999999999964e+02	1.021269999999999953e+02	1.021500000000000057e+02	1.021730000000000018e+02	1.020130000000000052e+02	1.019899999999999949e+02	1.019669999999999987e+02	1.021500000000000057e+02	1.026989999999999981e+02	1.026080000000000041e+02	1.029969999999999999e+02	1.031340000000000003e+02	1.027219999999999942e+02	1.041179999999999950e+02	1.045759999999999934e+02	1.051710000000000065e+02	1.052399999999999949e+02	1.052630000000000052e+02	1.051940000000000026e+02	1.052630000000000052e+02	1.051940000000000026e+02	1.054459999999999980e+02	1.053089999999999975e+02	1.062009999999999934e+02	1.064069999999999965e+02	1.066820000000000022e+02	1.076659999999999968e+02	1.074140000000000015e+02	1.074830000000000041e+02	1.078029999999999973e+02	1.077800000000000011e+02	1.081919999999999931e+02	1.085130000000000052e+02	1.083299999999999983e+02	1.083760000000000048e+02	1.086730000000000018e+02	1.087650000000000006e+02	1.086730000000000018e+02	1.086959999999999980e+02	1.092909999999999968e+02	1.092680000000000007e+02	1.094509999999999934e+02	1.096800000000000068e+02	1.103900000000000006e+02	1.107560000000000002e+02	1.105040000000000049e+02	1.103209999999999980e+02	1.108250000000000028e+02	1.109389999999999930e+02	1.110759999999999934e+02	1.111219999999999999e+02	1.113050000000000068e+02	1.116490000000000009e+02	1.124039999999999964e+02	1.127240000000000038e+02	1.129530000000000030e+02	1.133419999999999987e+02	1.133880000000000052e+02	1.139140000000000015e+02	1.141200000000000045e+02	1.141659999999999968e+02	1.142120000000000033e+02	1.143490000000000038e+02	1.143949999999999960e+02	1.147609999999999957e+02	1.149899999999999949e+02	1.153559999999999945e+02	1.157000000000000028e+02	1.158139999999999930e+02	1.159519999999999982e+02	1.161580000000000013e+02	1.165919999999999987e+02	1.168439999999999941e+02	1.173930000000000007e+02	1.179200000000000017e+02	1.180799999999999983e+02	1.186290000000000049e+02	1.192469999999999999e+02	1.202549999999999955e+02	1.209639999999999986e+02	1.220169999999999959e+02	1.231380000000000052e+02	1.246949999999999932e+02	1.263659999999999997e+02	1.279909999999999997e+02	1.300049999999999955e+02	1.320420000000000016e+02	1.350629999999999882e+02	1.383129999999999882e+02	1.413120000000000118e+02	1.478120000000000118e+02	1.470569999999999879e+02	1.509929999999999950e+02	1.563029999999999973e+02	1.602860000000000014e+02	1.640620000000000118e+02	1.677930000000000064e+02	1.717069999999999936e+02	1.751860000000000070e+02	1.787570000000000050e+02	1.820759999999999934e+02	1.851200000000000045e+02	1.875920000000000130e+02	1.903839999999999861e+02	1.932220000000000084e+02	1.960829999999999984e+02	1.982800000000000011e+02	2.008669999999999902e+02	2.031100000000000136e+02	2.053530000000000086e+02	2.074579999999999984e+02	2.089230000000000018e+02	2.108230000000000075e+02	2.125169999999999959e+02	2.139590000000000032e+02	2.152400000000000091e+02	2.166599999999999966e+02	2.179639999999999986e+02	2.193830000000000098e+02	2.205049999999999955e+02	2.213520000000000039e+02	2.221980000000000075e+02	2.233429999999999893e+02	2.241899999999999977e+02	2.251279999999999859e+02	2.261349999999999909e+02	2.272340000000000089e+02	2.274629999999999939e+02	2.277599999999999909e+02	2.284010000000000105e+02	2.291560000000000059e+02	2.298429999999999893e+02	2.305980000000000132e+02	2.313770000000000095e+02	2.316740000000000066e+02	2.316970000000000027e+02	2.318340000000000032e+02	2.323379999999999939e+02	2.323379999999999939e+02	2.328189999999999884e+02	2.333679999999999950e+02	2.343520000000000039e+02	2.347640000000000100e+02	2.354279999999999973e+02	2.358859999999999957e+02	2.367100000000000080e+02
1.000000000000000000e+00	2.136150000000000091e+02	1.942059999999999889e+02	1.769939999999999998e+02	1.617740000000000009e+02	1.478350000000000080e+02	1.360240000000000009e+02	1.267780000000000058e+02	1.198199999999999932e+02	1.141200000000000045e+02	1.095199999999999960e+02	1.063610000000000042e+02	1.032259999999999991e+02	1.015090000000000003e+02	9.976999999999999602e+01	9.839600000000000080e+01	9.711499999999999488e+01	9.610699999999999932e+01	9.526099999999999568e+01	9.450499999999999545e+01	9.393300000000000693e+01	9.338400000000000034e+01	9.304000000000000625e+01	9.271999999999999886e+01	9.221599999999999397e+01	9.212500000000000000e+01	9.189600000000000080e+01	9.168999999999999773e+01	9.166700000000000159e+01	9.159900000000000375e+01	9.150700000000000500e+01	9.150700000000000500e+01	9.148399999999999466e+01	9.153000000000000114e+01	9.159900000000000375e+01	9.175900000000000034e+01	9.171299999999999386e+01	9.184999999999999432e+01	9.221599999999999397e+01	9.242199999999999704e+01	9.267400000000000659e+01	9.285699999999999932e+01	9.304000000000000625e+01	9.326900000000000546e+01	9.359000000000000341e+01	9.397899999999999920e+01	9.423099999999999454e+01	9.452800000000000580e+01	9.468800000000000239e+01	9.514600000000000080e+01	9.530599999999999739e+01	9.558100000000000307e+01	9.592400000000000659e+01	9.612999999999999545e+01	9.629099999999999682e+01	9.658799999999999386e+01	9.690900000000000603e+01	9.706900000000000261e+01	9.736599999999999966e+01	9.768699999999999761e+01	9.787000000000000455e+01	9.816700000000000159e+01	9.837300000000000466e+01	9.853400000000000603e+01	9.883100000000000307e+01	9.901399999999999579e+01	9.912900000000000489e+01	9.942600000000000193e+01	9.958599999999999852e+01	9.970099999999999341e+01	9.997599999999999909e+01	1.001359999999999957e+02	1.001590000000000060e+02	1.006159999999999997e+02	1.007999999999999972e+02	1.008679999999999950e+02	1.010510000000000019e+02	1.012570000000000050e+02	1.013490000000000038e+02	1.015780000000000030e+02	1.017609999999999957e+02	1.017379999999999995e+02	1.019440000000000026e+02	1.021959999999999980e+02	1.021730000000000018e+02	1.024479999999999933e+02	1.026310000000000002e+02	1.027219999999999942e+02	1.029740000000000038e+02	1.030879999999999939e+02	1.031340000000000003e+02	1.033400000000000034e+02	1.034320000000000022e+02	1.035460000000000065e+02	1.037980000000000018e+02	1.038889999999999958e+02	1.040040000000000049e+02	1.042789999999999964e+02	1.045529999999999973e+02	1.045759999999999934e+02	1.048280000000000030e+02	1.050340000000000060e+02	1.050799999999999983e+02	1.052630000000000052e+02	1.054689999999999941e+02	1.054230000000000018e+02	1.057210000000000036e+02	1.058119999999999976e+02	1.058349999999999937e+02	1.064759999999999991e+02	1.067049999999999983e+02	1.067279999999999944e+02	1.068880000000000052e+02	1.069110000000000014e+02	1.069560000000000031e+02	1.072999999999999972e+02	1.072540000000000049e+02	1.073910000000000053e+02	1.075060000000000002e+02	1.077120000000000033e+02	1.082150000000000034e+02	1.083529999999999944e+02	1.084440000000000026e+02	1.083760000000000048e+02	1.085589999999999975e+02	1.086500000000000057e+02	1.087189999999999941e+02	1.088559999999999945e+02	1.089479999999999933e+02	1.088790000000000049e+02	1.090390000000000015e+02	1.091080000000000041e+02	1.090849999999999937e+02	1.093370000000000033e+02	1.093599999999999994e+02	1.093599999999999994e+02	1.094969999999999999e+02	1.095889999999999986e+02	1.095430000000000064e+02	1.096800000000000068e+02	1.097489999999999952e+02	1.097489999999999952e+02	1.099549999999999983e+02	1.100919999999999987e+02	1.100460000000000065e+02	1.102980000000000018e+02	1.104809999999999945e+02	1.104579999999999984e+02	1.107560000000000002e+02	1.109620000000000033e+02	1.110310000000000059e+02	1.114200000000000017e+02	1.117860000000000014e+02	1.119689999999999941e+02	1.125639999999999930e+02	1.132969999999999970e+02	1.139599999999999937e+02	1.149669999999999987e+02	1.161350000000000051e+02	1.174389999999999930e+02	1.193619999999999948e+02	1.214899999999999949e+02	1.238709999999999951e+02	1.268460000000000036e+02	1.303249999999999886e+02	1.341250000000000000e+02	1.383360000000000127e+02	1.428909999999999911e+02	1.474910000000000139e+02	1.523669999999999902e+02	1.571270000000000095e+02	1.616129999999999995e+02	1.660769999999999982e+02	1.703569999999999993e+02	1.741790000000000020e+02	1.778640000000000043e+02	1.810910000000000082e+02	1.839519999999999982e+02	1.869050000000000011e+02	1.893770000000000095e+02	1.915970000000000084e+02	1.938170000000000073e+02	1.957630000000000052e+02	1.974790000000000134e+02	1.991730000000000018e+02	2.006839999999999975e+02	2.020569999999999879e+02	2.034530000000000030e+02	2.045970000000000084e+02	2.056730000000000018e+02
0.000000000000000000e+00	3.599169999999999732e+02	3.146440000000000055e+02	2.777019999999999982e+02	2.463460000000000036e+02	2.218319999999999936e+02	1.995159999999999911e+02	1.838839999999999861e+02	1.709060000000000059e+02	1.611330000000000098e+02	1.535109999999999957e+02	1.472400000000000091e+02	1.419300000000000068e+02	1.371690000000000111e+02	1.335749999999999886e+02	1.300960000000000036e+02	1.259770000000000039e+02	1.217879999999999967e+02	1.176449999999999960e+02	1.139140000000000015e+02	1.102289999999999992e+02	1.071620000000000061e+02	1.045759999999999934e+02	1.022639999999999958e+02	1.001590000000000060e+02	9.823600000000000421e+01	9.672499999999999432e+01	9.551200000000000045e+01	9.436799999999999500e+01	9.352100000000000080e+01	9.308599999999999852e+01	9.287999999999999545e+01	9.260599999999999454e+01	9.228499999999999659e+01	9.205599999999999739e+01	9.210200000000000387e+01	9.203300000000000125e+01	9.219400000000000261e+01	9.205599999999999739e+01	9.203300000000000125e+01	9.205599999999999739e+01	9.219400000000000261e+01	9.217100000000000648e+01	9.256000000000000227e+01	9.228499999999999659e+01	9.267400000000000659e+01	9.278900000000000148e+01	9.299500000000000455e+01	9.331499999999999773e+01	9.370399999999999352e+01	9.404800000000000182e+01	9.445999999999999375e+01	9.500900000000000034e+01	9.539799999999999613e+01	9.537500000000000000e+01	9.526099999999999568e+01	9.546699999999999875e+01	9.633599999999999852e+01	9.684000000000000341e+01	9.720600000000000307e+01	9.830500000000000682e+01	9.857899999999999352e+01	9.894599999999999795e+01	9.924299999999999500e+01	9.993000000000000682e+01	1.008220000000000027e+02	1.012120000000000033e+02	1.014629999999999939e+02	1.014860000000000042e+02	1.021730000000000018e+02	1.024249999999999972e+02	1.024929999999999950e+02	1.027909999999999968e+02	1.031569999999999965e+02	1.032939999999999969e+02	1.034320000000000022e+02	1.037060000000000031e+02	1.039579999999999984e+02	1.041640000000000015e+02	1.043010000000000019e+02	1.045529999999999973e+02	1.055829999999999984e+02	1.058119999999999976e+02	1.059719999999999942e+02	1.060639999999999930e+02	1.064530000000000030e+02	1.066359999999999957e+02	1.070250000000000057e+02	1.070709999999999980e+02	1.072999999999999972e+02	1.078029999999999973e+02	1.079180000000000064e+02	1.083529999999999944e+02	1.086730000000000018e+02	1.097030000000000030e+02	1.099779999999999944e+02	1.104350000000000023e+02	1.111449999999999960e+02	1.114200000000000017e+02	1.121520000000000010e+02	1.123580000000000041e+02	1.127240000000000038e+02	1.130220000000000056e+02	1.131590000000000060e+02	1.133419999999999987e+02	1.134110000000000014e+02	1.140289999999999964e+02	1.141200000000000045e+02	1.150589999999999975e+02	1.152650000000000006e+02	1.155169999999999959e+02	1.155400000000000063e+02	1.161800000000000068e+02	1.161800000000000068e+02	1.162259999999999991e+02	1.161800000000000068e+02	1.163179999999999978e+02	1.165469999999999970e+02	1.168209999999999980e+02	1.172330000000000041e+02	1.173020000000000067e+02	1.174159999999999968e+02	1.176219999999999999e+02	1.184920000000000044e+02	1.185840000000000032e+02	1.186979999999999933e+02	1.188580000000000041e+02	1.189039999999999964e+02	1.192019999999999982e+02	1.196140000000000043e+02	1.197740000000000009e+02	1.200259999999999962e+02	1.201629999999999967e+02	1.202319999999999993e+02	1.204609999999999985e+02	1.205979999999999990e+02	1.207810000000000059e+02	1.211929999999999978e+02	1.213299999999999983e+02	1.214680000000000035e+02	1.218569999999999993e+02	1.220169999999999959e+02	1.222459999999999951e+02	1.224749999999999943e+02	1.228409999999999940e+02	1.230010000000000048e+02	1.234590000000000032e+02	1.237109999999999985e+02	1.238020000000000067e+02	1.240999999999999943e+02	1.243520000000000039e+02	1.245120000000000005e+02	1.248089999999999975e+02	1.250610000000000070e+02	1.252210000000000036e+02	1.254729999999999990e+02	1.256560000000000059e+02	1.259080000000000013e+02	1.262740000000000009e+02	1.263659999999999997e+02	1.280589999999999975e+02	1.280819999999999936e+02	1.282419999999999902e+02	1.284480000000000075e+02	1.285860000000000127e+02	1.287230000000000132e+02	1.288600000000000136e+02	1.290660000000000025e+02	1.292719999999999914e+02	1.292500000000000000e+02	1.294099999999999966e+02	1.296839999999999975e+02	1.297069999999999936e+02	1.299819999999999993e+02	1.300740000000000123e+02	1.302800000000000011e+02	1.303940000000000055e+02	1.305310000000000059e+02	1.306229999999999905e+02	1.306920000000000073e+02	1.308979999999999961e+02	1.311260000000000048e+02	1.311719999999999970e+02	1.314240000000000066e+02	1.315159999999999911e+02	1.317210000000000036e+02	1.322249999999999943e+02	1.329350000000000023e+02	1.330949999999999989e+02	1.329799999999999898e+02
1.000000000000000000e+00	3.193129999999999882e+02	2.866739999999999782e+02	2.602389999999999759e+02	2.357479999999999905e+02	2.133870000000000005e+02	1.948930000000000007e+02	1.797179999999999893e+02	1.680219999999999914e+02	1.583629999999999995e+02	1.506730000000000018e+02	1.444470000000000027e+02	1.430970000000000084e+02	1.356349999999999909e+02	1.364139999999999873e+02	1.335529999999999973e+02	1.310349999999999966e+02	1.286320000000000050e+02	1.258850000000000051e+02	1.241230000000000047e+02	1.224519999999999982e+02	1.206889999999999930e+02	1.186520000000000010e+02	1.165469999999999970e+02	1.139830000000000041e+02	1.116490000000000009e+02	1.094969999999999999e+02	1.077349999999999994e+02	1.064530000000000030e+02	1.064300000000000068e+02	1.055370000000000061e+02	9.452800000000000580e+01	1.042789999999999964e+02	1.033629999999999995e+02	1.034320000000000022e+02	1.033169999999999931e+02	1.032939999999999969e+02	1.031800000000000068e+02	1.032259999999999991e+02	9.274299999999999500e+01	9.397899999999999920e+01	9.418500000000000227e+01	1.043700000000000045e+02	1.049189999999999969e+02	1.050340000000000060e+02	1.055829999999999984e+02	1.070250000000000057e+02	1.070250000000000057e+02	1.075289999999999964e+02	1.082150000000000034e+02	1.086039999999999992e+02	1.092000000000000028e+02	1.097489999999999952e+02	1.103900000000000006e+02	1.109620000000000033e+02	1.117169999999999987e+02	1.122669999999999959e+02	1.129069999999999965e+02	1.135939999999999941e+02	1.143040000000000020e+02	1.151280000000000001e+02	1.158599999999999994e+02	1.170040000000000049e+02	1.176680000000000064e+02	1.181719999999999970e+02	1.187669999999999959e+02	1.197510000000000048e+02	1.205289999999999964e+02	1.212620000000000005e+02	1.220859999999999985e+02	1.230010000000000048e+02	1.239849999999999994e+02	1.248319999999999936e+02	1.256560000000000059e+02	1.266629999999999967e+02	1.277159999999999940e+02	1.289519999999999982e+02	1.303019999999999925e+02	1.307599999999999909e+02	1.312179999999999893e+02	1.315840000000000032e+02	1.320879999999999939e+02	1.335529999999999973e+02	1.341709999999999923e+02	1.341020000000000039e+02	1.344219999999999970e+02	1.346740000000000066e+02	1.350399999999999920e+02	1.354290000000000020e+02	1.358640000000000043e+02	1.363220000000000027e+02	1.368710000000000093e+02	1.372379999999999995e+02	1.378100000000000023e+02	1.389310000000000116e+02	1.394120000000000061e+02	1.400759999999999934e+02	1.407620000000000005e+02	1.415629999999999882e+02	1.423189999999999884e+02	1.432340000000000089e+02	1.441500000000000057e+02	1.452709999999999866e+02	1.465300000000000011e+02	1.484989999999999952e+02	1.498489999999999895e+02	1.514050000000000011e+02	1.530759999999999934e+02	1.552729999999999961e+02	1.571040000000000134e+02	1.591419999999999959e+02	1.614759999999999991e+02	1.640620000000000118e+02	1.664890000000000043e+02	1.690980000000000132e+02	1.720960000000000036e+02	1.752779999999999916e+02	1.780010000000000048e+02	1.809770000000000039e+02	1.844790000000000134e+02	1.874310000000000116e+02	1.907959999999999923e+02	1.942290000000000134e+02	1.964720000000000084e+02	2.000200000000000102e+02	2.028810000000000002e+02	2.057189999999999941e+02	2.085800000000000125e+02	2.116009999999999991e+02	2.146220000000000141e+02	2.179410000000000025e+02	2.207110000000000127e+02	2.235490000000000066e+02	2.262270000000000039e+02	2.294310000000000116e+02	2.314449999999999932e+02	2.335509999999999877e+02	2.355420000000000016e+02	2.375560000000000116e+02	2.394559999999999889e+02	2.411500000000000057e+02	2.425920000000000130e+02	2.446289999999999907e+02	2.465060000000000002e+02	2.472609999999999957e+02	2.485889999999999986e+02	2.500759999999999934e+02	2.507860000000000014e+02	2.515639999999999930e+02	2.524110000000000014e+02	2.532119999999999891e+02	2.550660000000000025e+02	2.557529999999999859e+02	2.566909999999999741e+02	2.569429999999999836e+02	2.573090000000000259e+02	2.567139999999999986e+02	2.569660000000000082e+02	2.571259999999999764e+02	2.574460000000000264e+02	2.581329999999999814e+02	2.585219999999999914e+02	2.591399999999999864e+02	2.592320000000000277e+02	2.598269999999999982e+02	2.602160000000000082e+02	2.609479999999999791e+02	2.608570000000000277e+02	2.607649999999999864e+02	2.608340000000000032e+02	2.604900000000000091e+02	2.602160000000000082e+02	2.606960000000000264e+02	2.608570000000000277e+02	2.613600000000000136e+02	2.613369999999999891e+02	2.615889999999999986e+02	2.617259999999999991e+02	2.620009999999999764e+02	2.620930000000000177e+02	2.622760000000000105e+02	2.625049999999999955e+02	2.623670000000000186e+02	2.623439999999999941e+02	2.624590000000000032e+02	2.624590000000000032e+02	2.624590000000000032e+02	2.626419999999999959e+02	2.629390000000000214e+02	2.628480000000000132e+02
1.000000000000000000e+00	2.293849999999999909e+02	2.059939999999999998e+02	1.864699999999999989e+02	1.677019999999999982e+02	1.525269999999999868e+02	1.403729999999999905e+02	1.314929999999999950e+02	1.234590000000000032e+02	1.172789999999999964e+02	1.129759999999999991e+02	1.100460000000000065e+02	1.068649999999999949e+02	1.048050000000000068e+02	1.031110000000000042e+02	1.018750000000000000e+02	1.007770000000000010e+02	9.983799999999999386e+01	9.921999999999999886e+01	9.867100000000000648e+01	9.803000000000000114e+01	9.777800000000000580e+01	9.670300000000000296e+01	9.585599999999999454e+01	9.489400000000000546e+01	9.411599999999999966e+01	9.299500000000000455e+01	9.219400000000000261e+01	9.134699999999999420e+01	9.031699999999999307e+01	9.001900000000000546e+01	8.965300000000000580e+01	8.919499999999999318e+01	8.885200000000000387e+01	8.857699999999999818e+01	8.839400000000000546e+01	8.816500000000000625e+01	8.789100000000000534e+01	8.791400000000000148e+01	8.802800000000000580e+01	8.809699999999999420e+01	8.814199999999999591e+01	8.816500000000000625e+01	8.784499999999999886e+01	8.786799999999999500e+01	8.823399999999999466e+01	8.830299999999999727e+01	8.866899999999999693e+01	8.894299999999999784e+01	8.889799999999999613e+01	8.940099999999999625e+01	8.937800000000000011e+01	8.979000000000000625e+01	8.988200000000000500e+01	9.011100000000000421e+01	9.059099999999999397e+01	9.095799999999999841e+01	9.130100000000000193e+01	9.301800000000000068e+01	9.356699999999999307e+01	9.375000000000000000e+01	9.418500000000000227e+01	9.475700000000000500e+01	9.509999999999999432e+01	9.548999999999999488e+01	9.594700000000000273e+01	9.647400000000000375e+01	9.704600000000000648e+01	9.752700000000000102e+01	9.812199999999999989e+01	9.935800000000000409e+01	9.999800000000000466e+01	1.005019999999999953e+02	1.010739999999999981e+02	1.022420000000000044e+02	1.027909999999999968e+02	1.033629999999999995e+02	1.041179999999999950e+02	1.046680000000000064e+02	1.052169999999999987e+02	1.059270000000000067e+02	1.066359999999999957e+02	1.072309999999999945e+02	1.078949999999999960e+02	1.085360000000000014e+02	1.093599999999999994e+02	1.100690000000000026e+02	1.108700000000000045e+02	1.117860000000000014e+02	1.127930000000000064e+02	1.138919999999999959e+02	1.150130000000000052e+02	1.162950000000000017e+02	1.176219999999999999e+02	1.190409999999999968e+02	1.207810000000000059e+02	1.226350000000000051e+02	1.246260000000000048e+02	1.266629999999999967e+02	1.289979999999999905e+02	1.316069999999999993e+02	1.342620000000000005e+02	1.371459999999999866e+02	1.400989999999999895e+02	1.434399999999999977e+02	1.463470000000000084e+02	1.495289999999999964e+02	1.525500000000000114e+02	1.556850000000000023e+02	1.587750000000000057e+02	1.620029999999999859e+02	1.649550000000000125e+02	1.683199999999999932e+02	1.709519999999999982e+02	1.736069999999999993e+02	1.759639999999999986e+02	1.784590000000000032e+02	1.806339999999999861e+02	1.827849999999999966e+02	1.849819999999999993e+02	1.869509999999999934e+02	1.889420000000000073e+02	1.904979999999999905e+02	1.922379999999999995e+02	1.936800000000000068e+02	1.949159999999999968e+02	1.972050000000000125e+02	1.983720000000000141e+02	1.993559999999999945e+02	2.002030000000000030e+02	2.010730000000000075e+02	2.016910000000000025e+02	2.024689999999999941e+02	2.047350000000000136e+02	2.056959999999999980e+02	2.064509999999999934e+02	2.070010000000000048e+02	2.075730000000000075e+02	2.081220000000000141e+02	2.085569999999999879e+02	2.090149999999999864e+02	2.092210000000000036e+02	2.095869999999999891e+02	2.098849999999999909e+02	2.104799999999999898e+02	2.109379999999999882e+02	2.110980000000000132e+02	2.113720000000000141e+02	2.117839999999999918e+02	2.120130000000000052e+02	2.121049999999999898e+02	2.122189999999999941e+02	2.122880000000000109e+02	2.123569999999999993e+02	2.124939999999999998e+02	2.124710000000000036e+02	2.124480000000000075e+02	2.129970000000000141e+02	2.130430000000000064e+02	2.131349999999999909e+02	2.132489999999999952e+02	2.141879999999999882e+02	2.139819999999999993e+02	2.138899999999999864e+02	2.139360000000000070e+02	2.140269999999999868e+02	2.140730000000000075e+02	2.138209999999999980e+02	2.140269999999999868e+02	2.141189999999999998e+02	2.140960000000000036e+02	2.142789999999999964e+02	2.147369999999999948e+02	2.147829999999999870e+02	2.148060000000000116e+02	2.148509999999999991e+02	2.147829999999999870e+02	2.148280000000000030e+02	2.150120000000000005e+02	2.167280000000000086e+02	2.166819999999999879e+02	2.164989999999999952e+02	2.166370000000000005e+02	2.164989999999999952e+02	2.163389999999999986e+02	2.162930000000000064e+02	2.163619999999999948e+02	2.162019999999999982e+02	2.160420000000000016e+02	2.160420000000000016e+02
1.000000000000000000e+00	4.379429999999999836e+02	3.870160000000000196e+02	3.410110000000000241e+02	3.019870000000000232e+02	2.707900000000000205e+02	2.447659999999999911e+02	2.225879999999999939e+02	2.044370000000000118e+02	1.894449999999999932e+02	1.783220000000000027e+02	1.688919999999999959e+02	1.612009999999999934e+02	1.552050000000000125e+02	1.508789999999999907e+02	1.467820000000000107e+02	1.434170000000000016e+02	1.404879999999999995e+02	1.378100000000000023e+02	1.358180000000000121e+02	1.331630000000000109e+02	1.305080000000000098e+02	1.278529999999999944e+02	1.254039999999999964e+02	1.232300000000000040e+02	1.215360000000000014e+02	1.203229999999999933e+02	1.200939999999999941e+02	1.196590000000000060e+02	1.189270000000000067e+02	1.183550000000000040e+02	1.183089999999999975e+02	1.183780000000000001e+02	1.184920000000000044e+02	1.188130000000000024e+02	1.191099999999999994e+02	1.194759999999999991e+02	1.201400000000000006e+02	1.207349999999999994e+02	1.223599999999999994e+02	1.232990000000000066e+02	1.242600000000000051e+02	1.245120000000000005e+02	1.257480000000000047e+02	1.267549999999999955e+02	1.264800000000000040e+02	1.275330000000000013e+02	1.283799999999999955e+02	1.293640000000000043e+02	1.324770000000000039e+02	1.333689999999999998e+02	1.341709999999999923e+02	1.358180000000000121e+02	1.361850000000000023e+02	1.364590000000000032e+02	1.365740000000000123e+02	1.371459999999999866e+02	1.373979999999999961e+02	1.378559999999999945e+02	1.381299999999999955e+02	1.383590000000000089e+02	1.390689999999999884e+02	1.392290000000000134e+02	1.394579999999999984e+02	1.397779999999999916e+02	1.396409999999999911e+02	1.401440000000000055e+02	1.408770000000000095e+02	1.409449999999999932e+02	1.411289999999999907e+02	1.414029999999999916e+02	1.420209999999999866e+02	1.423420000000000130e+02	1.427760000000000105e+02	1.430509999999999877e+02	1.436459999999999866e+02	1.439439999999999884e+02	1.440809999999999889e+02	1.442410000000000139e+02	1.446080000000000041e+02	1.452030000000000030e+02	1.454089999999999918e+02	1.457520000000000095e+02	1.458890000000000100e+02	1.463470000000000084e+02	1.468280000000000030e+02	1.470339999999999918e+02	1.473770000000000095e+02	1.477429999999999950e+02	1.481320000000000050e+02	1.484759999999999991e+02	1.512450000000000045e+02	1.511990000000000123e+02	1.512909999999999968e+02	1.516800000000000068e+02	1.519780000000000086e+02	1.523439999999999941e+02	1.530759999999999934e+02	1.539459999999999980e+02	1.549759999999999991e+02	1.563029999999999973e+02	1.578139999999999930e+02	1.597599999999999909e+02	1.618650000000000091e+02	1.644739999999999895e+02	1.678849999999999909e+02	1.718669999999999902e+02	1.764449999999999932e+02	1.818009999999999877e+02	1.879120000000000061e+02	1.949619999999999891e+02	2.029499999999999886e+02	2.118760000000000048e+02	2.219240000000000066e+02	2.311479999999999961e+02	2.406229999999999905e+02	2.497330000000000041e+02	2.587970000000000255e+02	2.675169999999999959e+02	2.759399999999999977e+02	2.832869999999999777e+02	2.907939999999999827e+02	2.972490000000000236e+02	3.033829999999999814e+02	3.091960000000000264e+02	3.139569999999999936e+02	3.188550000000000182e+02	3.226549999999999727e+02	3.272780000000000200e+02	3.303910000000000196e+02	3.328629999999999995e+02	3.359529999999999745e+02	3.379669999999999845e+02	3.402789999999999964e+02	3.419039999999999964e+02	3.435520000000000209e+02	3.447880000000000109e+02	3.463210000000000264e+02	3.480380000000000109e+02	3.490450000000000159e+02	3.498690000000000282e+02	3.507839999999999918e+02	3.526840000000000259e+02	3.536000000000000227e+02	3.541259999999999764e+02	3.590470000000000255e+02	3.595729999999999791e+02	3.604660000000000082e+02	3.605799999999999841e+02	3.620910000000000082e+02	3.622740000000000009e+02	3.623659999999999854e+02	3.627090000000000032e+02	3.629839999999999804e+02	3.630749999999999886e+02	3.640819999999999936e+02	3.639449999999999932e+02	3.642200000000000273e+02	3.647690000000000055e+02	3.649289999999999736e+02	3.647919999999999732e+02	3.648609999999999900e+02	3.647459999999999809e+02	3.652269999999999754e+02	3.652730000000000246e+02	3.656619999999999777e+02	3.656390000000000100e+02	3.657760000000000105e+02	3.665310000000000059e+02	3.664399999999999977e+02	3.663940000000000055e+02	3.663480000000000132e+02	3.663940000000000055e+02	3.669429999999999836e+02	3.669660000000000082e+02	3.671039999999999850e+02	3.674929999999999950e+02	3.676759999999999877e+02	3.676070000000000277e+02	3.682250000000000227e+02	3.680419999999999732e+02	3.679049999999999727e+02	3.679959999999999809e+02	3.747250000000000227e+02	3.736499999999999773e+02	3.730769999999999982e+02	3.726429999999999723e+02	3.720249999999999773e+02	3.719100000000000250e+02	3.717959999999999923e+02
0.000000000000000000e+00	2.556610000000000014e+02	2.349929999999999950e+02	2.155840000000000032e+02	1.971359999999999957e+02	1.811140000000000043e+02	1.665800000000000125e+02	1.571730000000000018e+02	1.464610000000000127e+02	1.419749999999999943e+02	1.362990000000000066e+02	1.326599999999999966e+02	1.296160000000000139e+02	1.267319999999999993e+02	1.245120000000000005e+02	1.227489999999999952e+02	1.205060000000000002e+02	1.196140000000000043e+02	1.181949999999999932e+02	1.163859999999999957e+02	1.157000000000000028e+02	1.142349999999999994e+02	1.127240000000000038e+02	1.102750000000000057e+02	1.072540000000000049e+02	1.056979999999999933e+02	1.026760000000000019e+02	1.002270000000000039e+02	9.816700000000000159e+01	9.638200000000000500e+01	9.471099999999999852e+01	9.356699999999999307e+01	9.230800000000000693e+01	9.164400000000000546e+01	9.100300000000000011e+01	9.024800000000000466e+01	8.967600000000000193e+01	8.910399999999999920e+01	8.873699999999999477e+01	8.848600000000000421e+01	8.837099999999999511e+01	8.821099999999999852e+01	8.784499999999999886e+01	8.779900000000000659e+01	8.773000000000000398e+01	8.773000000000000398e+01	8.786799999999999500e+01	8.805100000000000193e+01	8.816500000000000625e+01	8.839400000000000546e+01	8.832599999999999341e+01	8.837099999999999511e+01	8.885200000000000387e+01	8.940099999999999625e+01	8.951600000000000534e+01	8.988200000000000500e+01	9.029399999999999693e+01	9.050000000000000000e+01	9.075199999999999534e+01	9.111799999999999500e+01	9.118699999999999761e+01	9.180500000000000682e+01	9.207899999999999352e+01	9.230800000000000693e+01	9.258299999999999841e+01	9.310899999999999466e+01	9.354399999999999693e+01	9.368099999999999739e+01	9.381900000000000261e+01	9.406999999999999318e+01	9.441400000000000148e+01	9.455100000000000193e+01	9.546699999999999875e+01	9.571800000000000352e+01	9.571800000000000352e+01	9.624500000000000455e+01	9.645099999999999341e+01	9.670300000000000296e+01	9.715999999999999659e+01	9.770999999999999375e+01	9.812199999999999989e+01	9.860200000000000387e+01	9.921999999999999886e+01	9.970099999999999341e+01	1.003190000000000026e+02	1.007999999999999972e+02	1.013719999999999999e+02	1.016460000000000008e+02	1.020580000000000069e+02	1.026310000000000002e+02	1.033629999999999995e+02	1.039350000000000023e+02	1.043239999999999981e+02	1.046910000000000025e+02	1.053310000000000031e+02	1.057429999999999950e+02	1.060639999999999930e+02	1.066129999999999995e+02	1.071400000000000006e+02	1.077120000000000033e+02	1.082840000000000060e+02	1.088790000000000049e+02	1.098400000000000034e+02	1.120150000000000006e+02	1.125870000000000033e+02	1.132279999999999944e+02	1.140289999999999964e+02	1.147379999999999995e+02	1.153559999999999945e+02	1.161580000000000013e+02	1.168439999999999941e+02	1.175540000000000020e+02	1.184230000000000018e+02	1.191329999999999956e+02	1.198880000000000052e+02	1.206889999999999930e+02	1.223599999999999994e+02	1.232300000000000040e+02	1.241460000000000008e+02	1.249240000000000066e+02	1.256790000000000020e+02	1.265949999999999989e+02	1.273499999999999943e+02	1.282649999999999864e+02	1.291119999999999948e+02	1.298679999999999950e+02	1.307139999999999986e+02	1.314929999999999950e+02	1.322479999999999905e+02	1.330260000000000105e+02	1.338959999999999866e+02	1.346279999999999859e+02	1.354060000000000059e+02	1.363449999999999989e+02	1.370089999999999861e+02	1.377640000000000100e+02	1.387249999999999943e+02	1.392520000000000095e+02	1.395490000000000066e+02	1.399840000000000089e+02	1.402359999999999900e+02	1.404420000000000073e+02	1.407849999999999966e+02	1.409230000000000018e+02	1.411289999999999907e+02	1.413799999999999955e+02	1.414950000000000045e+02	1.416090000000000089e+02	1.417920000000000016e+02	1.420209999999999866e+02	1.420670000000000073e+02	1.422959999999999923e+02	1.424099999999999966e+02	1.424099999999999966e+02	1.425929999999999893e+02	1.427079999999999984e+02	1.428220000000000027e+02	1.430509999999999877e+02	1.431430000000000007e+02	1.430740000000000123e+02	1.432570000000000050e+02	1.432800000000000011e+02	1.433259999999999934e+02	1.433720000000000141e+02	1.433489999999999895e+02	1.433489999999999895e+02	1.435320000000000107e+02	1.436229999999999905e+02	1.436229999999999905e+02	1.437839999999999918e+02	1.437839999999999918e+02	1.437609999999999957e+02	1.440349999999999966e+02	1.441270000000000095e+02	1.442640000000000100e+02	1.443559999999999945e+02	1.443789999999999907e+02	1.444470000000000027e+02	1.446080000000000041e+02	1.446759999999999877e+02	1.447450000000000045e+02	1.449739999999999895e+02	1.449279999999999973e+02	1.449970000000000141e+02	1.451570000000000107e+02	1.456599999999999966e+02	1.457290000000000134e+02	1.458660000000000139e+02	1.458660000000000139e+02	1.459809999999999945e+02
1.000000000000000000e+00	2.395020000000000095e+02	2.182160000000000082e+02	1.977539999999999907e+02	1.791229999999999905e+02	1.595759999999999934e+02	1.450649999999999977e+02	1.307139999999999986e+02	1.197279999999999944e+02	1.086500000000000057e+02	9.951800000000000068e+01	9.184999999999999432e+01	8.766200000000000614e+01	8.106999999999999318e+01	7.740800000000000125e+01	7.578300000000000125e+01	7.360800000000000409e+01	6.912199999999999989e+01	6.671899999999999409e+01	6.637600000000000477e+01	6.344599999999999795e+01	6.221000000000000085e+01	6.056199999999999761e+01	6.081400000000000006e+01	5.843399999999999750e+01	5.932600000000000051e+01	6.040200000000000102e+01	5.818200000000000216e+01	5.790699999999999648e+01	5.584700000000000131e+01	5.694599999999999795e+01	5.518299999999999983e+01	5.676299999999999812e+01	5.493200000000000216e+01	5.518299999999999983e+01	5.612199999999999989e+01	6.136299999999999955e+01	6.108899999999999864e+01	6.232500000000000284e+01	5.850200000000000244e+01	7.280700000000000216e+01	8.628799999999999670e+01	9.210200000000000387e+01	7.379200000000000159e+01	7.475300000000000011e+01	7.221200000000000330e+01	6.962600000000000477e+01	6.548300000000000409e+01	6.598699999999999477e+01	6.900799999999999557e+01	6.953400000000000603e+01	7.573699999999999477e+01	7.337999999999999545e+01	7.569100000000000250e+01	6.854999999999999716e+01	6.825300000000000011e+01	6.742900000000000205e+01	6.617000000000000171e+01	7.370000000000000284e+01	8.919499999999999318e+01	7.207500000000000284e+01	7.555400000000000205e+01	7.374599999999999511e+01	7.141100000000000136e+01	7.209799999999999898e+01	6.710800000000000409e+01	6.971699999999999875e+01	6.893899999999999295e+01	7.619499999999999318e+01	7.008400000000000318e+01	7.244100000000000250e+01	6.891599999999999682e+01	7.074699999999999989e+01	7.060999999999999943e+01	6.919100000000000250e+01	7.067900000000000205e+01	6.836700000000000443e+01	6.916800000000000637e+01	6.671899999999999409e+01	6.836700000000000443e+01	7.012900000000000489e+01	6.928300000000000125e+01	7.292199999999999704e+01	6.720000000000000284e+01	6.706199999999999761e+01	6.985500000000000398e+01	6.621599999999999397e+01	6.703900000000000148e+01	6.498000000000000398e+01	6.813800000000000523e+01	6.843600000000000705e+01	6.928300000000000125e+01	6.921399999999999864e+01	6.779500000000000171e+01	6.745099999999999341e+01	7.113599999999999568e+01	7.207500000000000284e+01	7.354000000000000625e+01	7.576000000000000512e+01	7.640099999999999625e+01	7.628600000000000136e+01	7.859799999999999898e+01	8.189400000000000546e+01	8.271800000000000352e+01	9.109499999999999886e+01	9.052299999999999613e+01	9.379600000000000648e+01	9.674800000000000466e+01	1.015550000000000068e+02	1.063389999999999986e+02	1.118769999999999953e+02	1.196140000000000043e+02	1.251979999999999933e+02	1.311490000000000009e+02	1.348799999999999955e+02	1.407170000000000130e+02	1.457980000000000018e+02	1.482700000000000102e+02	1.513600000000000136e+02	1.533739999999999952e+02	1.572880000000000109e+02	1.596450000000000102e+02	1.617510000000000048e+02	1.661220000000000141e+02	1.672210000000000036e+02	1.694410000000000025e+02	1.733319999999999936e+02	1.728520000000000039e+02	1.772690000000000055e+02	1.799240000000000066e+02	1.792829999999999870e+02	1.837920000000000016e+02	1.813890000000000100e+02	1.774060000000000059e+02	1.845929999999999893e+02	1.819149999999999920e+02	1.824869999999999948e+02	1.883009999999999877e+02	1.850740000000000123e+02	1.833799999999999955e+02	1.894679999999999893e+02	1.864010000000000105e+02	1.905900000000000034e+02	1.919629999999999939e+02	1.939770000000000039e+02	1.886670000000000016e+02	1.895370000000000061e+02	1.857829999999999870e+02	1.873170000000000073e+02	1.865389999999999873e+02	1.883930000000000007e+02	1.888050000000000068e+02	1.921920000000000073e+02	1.931759999999999877e+02	1.926500000000000057e+02	1.903379999999999939e+02	1.918489999999999895e+02	1.926270000000000095e+02	1.903149999999999977e+02	1.919629999999999939e+02	1.935649999999999977e+02	1.924900000000000091e+02	1.929699999999999989e+02	1.914139999999999873e+02	1.916200000000000045e+02	1.927189999999999941e+02	1.909559999999999889e+02	1.951220000000000141e+02	1.945500000000000114e+02	1.946639999999999873e+02	1.946179999999999950e+02	1.920320000000000107e+02	1.961059999999999945e+02	1.956250000000000000e+02	1.956709999999999923e+02	1.937709999999999866e+02	1.964490000000000123e+02	1.956709999999999923e+02	1.964950000000000045e+02	1.945269999999999868e+02	1.935420000000000016e+02	1.943439999999999941e+02	1.989670000000000130e+02	1.977539999999999907e+02	1.959689999999999941e+02	1.959689999999999941e+02	1.949159999999999968e+02	1.958540000000000134e+02	1.958079999999999927e+02	1.967470000000000141e+02
0.000000000000000000e+00	5.009540000000000077e+02	4.264979999999999905e+02	3.595500000000000114e+02	3.058090000000000259e+02	2.636490000000000009e+02	2.256320000000000050e+02	2.024000000000000057e+02	1.840670000000000073e+02	1.698300000000000125e+02	1.579060000000000059e+02	1.489329999999999927e+02	1.396639999999999873e+02	1.335980000000000132e+02	1.281049999999999898e+02	1.234129999999999967e+02	1.197969999999999970e+02	1.166839999999999975e+02	1.143949999999999960e+02	1.119230000000000018e+02	1.104350000000000023e+02	1.088329999999999984e+02	1.075060000000000002e+02	1.066359999999999957e+02	1.059039999999999964e+02	1.052399999999999949e+02	1.046680000000000064e+02	1.043010000000000019e+02	1.041869999999999976e+02	1.032489999999999952e+02	1.030430000000000064e+02	1.026760000000000019e+02	1.024699999999999989e+02	1.024249999999999972e+02	1.024020000000000010e+02	1.024929999999999950e+02	1.026539999999999964e+02	1.029050000000000011e+02	1.029740000000000038e+02	1.031569999999999965e+02	1.036610000000000014e+02	1.028820000000000050e+02	1.031800000000000068e+02	1.033629999999999995e+02	1.035919999999999987e+02	1.040270000000000010e+02	1.046680000000000064e+02	1.048280000000000030e+02	1.051250000000000000e+02	1.055370000000000061e+02	1.058810000000000002e+02	1.064530000000000030e+02	1.066820000000000022e+02	1.069110000000000014e+02	1.073460000000000036e+02	1.078719999999999999e+02	1.081700000000000017e+02	1.089710000000000036e+02	1.091310000000000002e+02	1.094740000000000038e+02	1.097259999999999991e+02	1.103209999999999980e+02	1.106189999999999998e+02	1.129759999999999991e+02	1.132510000000000048e+02	1.135709999999999980e+02	1.140060000000000002e+02	1.142810000000000059e+02	1.146700000000000017e+02	1.166610000000000014e+02	1.167980000000000018e+02	1.171419999999999959e+02	1.175079999999999956e+02	1.175990000000000038e+02	1.177139999999999986e+02	1.178509999999999991e+02	1.180340000000000060e+02	1.182169999999999987e+02	1.184009999999999962e+02	1.185379999999999967e+02	1.185150000000000006e+02	1.190870000000000033e+02	1.192469999999999999e+02	1.193619999999999948e+02	1.154479999999999933e+02	1.155619999999999976e+02	1.157229999999999990e+02	1.159519999999999982e+02	1.161350000000000051e+02	1.162259999999999991e+02	1.163640000000000043e+02	1.166380000000000052e+02	1.167300000000000040e+02	1.169590000000000032e+02	1.172099999999999937e+02	1.172560000000000002e+02	1.175990000000000038e+02	1.177830000000000013e+02	1.180340000000000060e+02	1.182399999999999949e+02	1.184920000000000044e+02	1.186069999999999993e+02	1.189729999999999990e+02	1.192249999999999943e+02	1.195220000000000056e+02	1.197510000000000048e+02	1.201400000000000006e+02	1.201860000000000070e+02	1.204380000000000024e+02	1.206440000000000055e+02	1.208040000000000020e+02	1.211239999999999952e+02	1.211700000000000017e+02	1.213760000000000048e+02	1.216050000000000040e+02	1.215819999999999936e+02	1.218340000000000032e+02	1.220859999999999985e+02	1.228409999999999940e+02	1.255190000000000055e+02	1.257710000000000008e+02	1.261599999999999966e+02	1.262740000000000009e+02	1.264800000000000040e+02	1.267549999999999955e+02	1.268229999999999933e+02	1.270070000000000050e+02	1.273730000000000047e+02	1.275100000000000051e+02	1.276929999999999978e+02	1.278080000000000069e+02	1.280819999999999936e+02	1.282419999999999902e+02	1.283110000000000070e+02	1.286539999999999964e+02	1.286320000000000050e+02	1.284939999999999998e+02	1.285169999999999959e+02	1.287230000000000132e+02	1.286769999999999925e+02	1.289519999999999982e+02	1.290209999999999866e+02	1.289519999999999982e+02	1.289749999999999943e+02	1.291349999999999909e+02	1.294559999999999889e+02	1.294780000000000086e+02	1.294099999999999966e+02	1.295010000000000048e+02	1.293870000000000005e+02	1.294329999999999927e+02	1.294780000000000086e+02	1.295469999999999970e+02	1.295699999999999932e+02	1.296390000000000100e+02	1.296390000000000100e+02	1.296620000000000061e+02	1.297069999999999936e+02	1.298679999999999950e+02	1.298679999999999950e+02	1.299360000000000070e+02	1.299819999999999993e+02	1.300509999999999877e+02	1.299360000000000070e+02	1.299819999999999993e+02	1.302110000000000127e+02	1.301879999999999882e+02	1.303019999999999925e+02	1.303940000000000055e+02	1.304859999999999900e+02	1.304629999999999939e+02	1.303940000000000055e+02	1.304399999999999977e+02	1.305310000000000059e+02	1.304629999999999939e+02	1.305080000000000098e+02	1.305769999999999982e+02	1.305769999999999982e+02	1.306459999999999866e+02	1.308979999999999961e+02	1.311260000000000048e+02	1.310120000000000005e+02	1.311040000000000134e+02	1.311260000000000048e+02	1.311260000000000048e+02	1.310120000000000005e+02	1.309199999999999875e+02	1.310349999999999966e+02	1.311490000000000009e+02	1.309199999999999875e+02
0.000000000000000000e+00	1.460490000000000066e+02	1.331179999999999950e+02	1.217189999999999941e+02	1.114650000000000034e+02	1.024929999999999950e+02	9.466599999999999682e+01	8.807399999999999807e+01	8.251200000000000045e+01	7.804900000000000659e+01	7.456999999999999318e+01	7.138800000000000523e+01	6.896200000000000330e+01	6.717700000000000671e+01	6.555200000000000671e+01	6.443000000000000682e+01	6.317099999999999937e+01	6.175200000000000244e+01	6.031000000000000227e+01	5.939500000000000313e+01	5.797599999999999909e+01	5.623599999999999710e+01	5.422200000000000131e+01	5.275699999999999790e+01	5.122399999999999665e+01	4.982800000000000296e+01	4.891199999999999903e+01	4.799699999999999989e+01	4.689800000000000324e+01	4.632600000000000051e+01	4.582200000000000273e+01	4.509000000000000341e+01	4.456300000000000239e+01	4.433400000000000318e+01	4.403699999999999903e+01	4.396800000000000352e+01	4.369400000000000261e+01	4.378499999999999659e+01	4.380799999999999983e+01	4.412800000000000011e+01	4.380799999999999983e+01	4.367099999999999937e+01	4.380799999999999983e+01	4.410600000000000165e+01	4.399099999999999966e+01	4.415100000000000335e+01	4.433400000000000318e+01	4.447200000000000131e+01	4.470100000000000051e+01	4.488400000000000034e+01	4.513499999999999801e+01	4.527300000000000324e+01	4.552499999999999858e+01	4.586800000000000210e+01	4.618800000000000239e+01	4.641700000000000159e+01	4.673799999999999955e+01	4.692099999999999937e+01	4.717300000000000182e+01	4.737899999999999778e+01	4.760699999999999932e+01	4.783599999999999852e+01	4.808800000000000097e+01	4.831700000000000017e+01	4.852300000000000324e+01	4.902600000000000335e+01	4.925500000000000256e+01	4.957600000000000051e+01	5.024000000000000199e+01	5.074300000000000210e+01	5.097200000000000131e+01	5.131499999999999773e+01	5.188799999999999812e+01	5.218500000000000227e+01	5.255100000000000193e+01	5.287199999999999989e+01	5.346699999999999875e+01	5.376400000000000290e+01	5.440500000000000114e+01	5.500000000000000000e+01	5.538900000000000290e+01	5.607600000000000051e+01	5.662500000000000000e+01	5.708299999999999841e+01	5.758700000000000330e+01	5.788400000000000034e+01	5.786099999999999710e+01	5.797599999999999909e+01	5.818200000000000216e+01	5.827300000000000324e+01	5.843399999999999750e+01	5.838799999999999812e+01	5.852499999999999858e+01	5.854800000000000182e+01	5.852499999999999858e+01	5.875399999999999778e+01	5.879999999999999716e+01	5.868500000000000227e+01	5.882300000000000040e+01	5.896000000000000085e+01	5.916599999999999682e+01	5.900600000000000023e+01	5.923499999999999943e+01	5.909700000000000131e+01	5.918900000000000006e+01	5.937199999999999989e+01	5.941799999999999926e+01	5.937199999999999989e+01	5.953199999999999648e+01	5.948599999999999710e+01	5.966899999999999693e+01	5.978399999999999892e+01	5.985300000000000153e+01	5.996699999999999875e+01	6.008100000000000307e+01	6.012700000000000244e+01	6.003600000000000136e+01	6.033299999999999841e+01	6.037899999999999778e+01	6.037899999999999778e+01	5.918900000000000006e+01	5.934899999999999665e+01	5.937199999999999989e+01	5.950900000000000034e+01	5.980700000000000216e+01	5.980700000000000216e+01	5.999000000000000199e+01	5.992099999999999937e+01	6.026500000000000057e+01	6.024199999999999733e+01	6.031000000000000227e+01	6.040200000000000102e+01	6.042499999999999716e+01	6.074499999999999744e+01	6.069899999999999807e+01	6.081400000000000006e+01	6.092799999999999727e+01	6.081400000000000006e+01	6.099699999999999989e+01	6.113400000000000034e+01	6.117999999999999972e+01	6.129500000000000171e+01	6.140899999999999892e+01	6.147800000000000153e+01	6.184400000000000119e+01	6.182099999999999795e+01	6.189000000000000057e+01	6.193500000000000227e+01	6.214099999999999824e+01	6.227900000000000347e+01	6.234700000000000131e+01	6.250800000000000267e+01	6.280499999999999972e+01	6.273700000000000188e+01	6.289699999999999847e+01	6.301100000000000279e+01	6.305700000000000216e+01	6.314800000000000324e+01	6.326299999999999812e+01	6.374399999999999977e+01	6.362899999999999778e+01	6.390400000000000347e+01	6.395000000000000284e+01	6.438400000000000034e+01	6.452200000000000557e+01	6.456799999999999784e+01	6.454500000000000171e+01	6.477400000000000091e+01	6.479600000000000648e+01	6.488800000000000523e+01	6.509399999999999409e+01	6.523099999999999454e+01	6.529999999999999716e+01	6.573499999999999943e+01	6.594100000000000250e+01	6.589499999999999602e+01	6.578100000000000591e+01	6.591800000000000637e+01	6.646699999999999875e+01	6.637600000000000477e+01	6.658199999999999363e+01	6.632999999999999829e+01	6.628400000000000603e+01	6.685599999999999454e+01	6.674200000000000443e+01	6.703900000000000148e+01	6.692499999999999716e+01	6.678799999999999670e+01	6.681100000000000705e+01	6.703900000000000148e+01
0.000000000000000000e+00	1.440579999999999927e+02	1.336440000000000055e+02	1.243739999999999952e+02	1.161580000000000013e+02	1.089939999999999998e+02	1.022420000000000044e+02	9.668000000000000682e+01	9.205599999999999739e+01	8.800499999999999545e+01	8.441200000000000614e+01	8.139000000000000057e+01	7.843800000000000239e+01	7.592000000000000171e+01	7.331100000000000705e+01	7.063299999999999557e+01	6.800100000000000477e+01	6.605500000000000682e+01	6.417799999999999727e+01	6.248499999999999943e+01	6.095100000000000051e+01	5.944100000000000250e+01	5.818200000000000216e+01	5.687700000000000244e+01	5.593900000000000006e+01	5.493200000000000216e+01	5.445100000000000051e+01	5.355799999999999983e+01	5.319200000000000017e+01	5.232200000000000273e+01	5.177300000000000324e+01	5.140699999999999648e+01	5.099499999999999744e+01	5.085799999999999699e+01	5.065200000000000102e+01	5.019400000000000261e+01	5.001100000000000279e+01	4.996500000000000341e+01	4.980499999999999972e+01	4.978199999999999648e+01	4.959899999999999665e+01	4.936999999999999744e+01	4.934700000000000131e+01	4.921000000000000085e+01	4.923199999999999932e+01	4.909499999999999886e+01	4.904899999999999949e+01	4.911800000000000210e+01	4.927799999999999869e+01	4.921000000000000085e+01	4.927799999999999869e+01	4.953000000000000114e+01	4.968999999999999773e+01	4.968999999999999773e+01	4.987299999999999756e+01	5.012500000000000000e+01	5.024000000000000199e+01	5.028499999999999659e+01	5.044599999999999795e+01	5.053699999999999903e+01	5.090299999999999869e+01	5.120100000000000051e+01	5.122399999999999665e+01	5.156700000000000017e+01	5.193299999999999983e+01	5.204800000000000182e+01	5.220799999999999841e+01	5.243699999999999761e+01	5.261999999999999744e+01	5.259700000000000131e+01	5.275699999999999790e+01	5.289500000000000313e+01	5.303199999999999648e+01	5.323799999999999955e+01	5.326100000000000279e+01	5.364999999999999858e+01	5.394700000000000273e+01	5.399300000000000210e+01	5.426800000000000068e+01	5.470300000000000296e+01	5.463400000000000034e+01	5.488600000000000279e+01	5.500000000000000000e+01	5.518299999999999983e+01	5.548100000000000165e+01	5.548100000000000165e+01	5.554999999999999716e+01	5.564099999999999824e+01	5.586999999999999744e+01	5.591599999999999682e+01	5.593900000000000006e+01	5.614500000000000313e+01	5.616799999999999926e+01	5.635099999999999909e+01	5.637400000000000233e+01	5.662500000000000000e+01	5.664800000000000324e+01	5.667099999999999937e+01	5.680799999999999983e+01	5.689999999999999858e+01	5.703699999999999903e+01	5.721999999999999886e+01	5.724300000000000210e+01	5.735799999999999699e+01	5.754099999999999682e+01	5.770100000000000051e+01	5.802199999999999847e+01	5.811299999999999955e+01	5.822800000000000153e+01	5.845600000000000307e+01	5.838799999999999812e+01	5.861699999999999733e+01	5.866199999999999903e+01	5.882300000000000040e+01	5.902900000000000347e+01	5.914300000000000068e+01	5.939500000000000313e+01	5.971500000000000341e+01	5.976100000000000279e+01	5.987500000000000000e+01	6.005899999999999750e+01	6.017300000000000182e+01	6.042499999999999716e+01	6.044800000000000040e+01	6.012700000000000244e+01	6.033299999999999841e+01	6.072200000000000131e+01	6.081400000000000006e+01	6.106600000000000250e+01	6.122599999999999909e+01	6.129500000000000171e+01	6.152300000000000324e+01	6.172899999999999920e+01	6.193500000000000227e+01	6.216400000000000148e+01	6.230199999999999960e+01	6.262199999999999989e+01	6.287400000000000233e+01	6.317099999999999937e+01	6.328600000000000136e+01	6.362899999999999778e+01	6.376599999999999824e+01	6.395000000000000284e+01	6.431600000000000250e+01	6.447599999999999909e+01	6.481900000000000261e+01	6.504800000000000182e+01	6.536899999999999977e+01	6.548300000000000409e+01	6.545999999999999375e+01	6.552899999999999636e+01	6.575799999999999557e+01	6.596399999999999864e+01	6.614700000000000557e+01	6.642199999999999704e+01	6.669599999999999795e+01	6.676500000000000057e+01	6.706199999999999761e+01	6.720000000000000284e+01	6.758899999999999864e+01	6.772599999999999909e+01	6.804699999999999704e+01	6.820699999999999363e+01	6.852700000000000102e+01	6.884799999999999898e+01	6.905400000000000205e+01	6.939700000000000557e+01	6.951099999999999568e+01	6.996899999999999409e+01	7.026699999999999591e+01	7.067900000000000205e+01	7.093000000000000682e+01	7.138800000000000523e+01	7.173199999999999932e+01	7.207500000000000284e+01	7.248699999999999477e+01	7.278400000000000603e+01	7.301300000000000523e+01	7.326500000000000057e+01	7.356300000000000239e+01	7.383700000000000330e+01	7.372299999999999898e+01	7.376900000000000546e+01	7.388299999999999557e+01	7.388299999999999557e+01	7.376900000000000546e+01	7.379200000000000159e+01	7.370000000000000284e+01	7.354000000000000625e+01	7.365399999999999636e+01
0.000000000000000000e+00	3.997420000000000186e+02	3.552250000000000227e+02	3.153079999999999927e+02	2.810899999999999750e+02	2.541959999999999980e+02	2.262040000000000077e+02	2.065430000000000064e+02	1.890109999999999957e+02	1.745910000000000082e+02	1.603549999999999898e+02	1.492079999999999984e+02	1.407390000000000043e+02	1.330029999999999859e+02	1.276700000000000017e+02	1.211929999999999978e+02	1.159969999999999999e+02	1.117860000000000014e+02	1.072999999999999972e+02	1.032030000000000030e+02	9.937999999999999545e+01	9.571800000000000352e+01	9.267400000000000659e+01	8.965300000000000580e+01	8.697499999999999432e+01	8.459499999999999886e+01	8.235200000000000387e+01	8.047499999999999432e+01	7.859799999999999898e+01	7.690399999999999636e+01	7.564499999999999602e+01	7.461499999999999488e+01	7.337999999999999545e+01	7.225799999999999557e+01	7.125100000000000477e+01	7.040399999999999636e+01	6.969499999999999318e+01	6.962600000000000477e+01	6.873300000000000409e+01	6.818399999999999750e+01	6.761199999999999477e+01	6.749699999999999989e+01	6.694799999999999329e+01	6.646699999999999875e+01	6.612399999999999523e+01	6.575799999999999557e+01	6.562000000000000455e+01	6.596399999999999864e+01	6.607800000000000296e+01	6.621599999999999397e+01	6.630700000000000216e+01	6.685599999999999454e+01	6.685599999999999454e+01	6.694799999999999329e+01	6.726800000000000068e+01	6.733700000000000330e+01	6.786299999999999955e+01	6.793200000000000216e+01	6.818399999999999750e+01	6.859600000000000364e+01	6.870999999999999375e+01	6.765699999999999648e+01	6.790900000000000603e+01	6.800100000000000477e+01	6.802400000000000091e+01	6.777200000000000557e+01	6.839000000000000057e+01	6.859600000000000364e+01	6.946599999999999397e+01	6.978600000000000136e+01	7.024399999999999977e+01	7.022100000000000364e+01	7.042700000000000671e+01	7.070199999999999818e+01	7.081600000000000250e+01	7.095300000000000296e+01	7.095300000000000296e+01	7.152599999999999625e+01	7.150300000000000011e+01	7.184600000000000364e+01	7.223499999999999943e+01	7.221200000000000330e+01	7.241800000000000637e+01	7.267000000000000171e+01	7.264700000000000557e+01	7.296800000000000352e+01	7.333400000000000318e+01	7.349399999999999977e+01	7.429500000000000171e+01	7.440900000000000603e+01	7.546200000000000330e+01	7.578300000000000125e+01	7.596599999999999397e+01	7.589700000000000557e+01	7.596599999999999397e+01	7.594299999999999784e+01	7.601200000000000045e+01	7.624099999999999966e+01	7.633199999999999363e+01	7.642400000000000659e+01	7.653799999999999670e+01	7.676699999999999591e+01	7.697299999999999898e+01	7.708700000000000330e+01	7.699599999999999511e+01	7.720199999999999818e+01	7.706499999999999773e+01	7.736199999999999477e+01	7.765999999999999659e+01	7.775100000000000477e+01	7.793399999999999750e+01	7.829999999999999716e+01	7.841500000000000625e+01	7.862099999999999511e+01	7.884999999999999432e+01	7.912399999999999523e+01	7.919299999999999784e+01	7.953600000000000136e+01	7.965099999999999625e+01	7.981100000000000705e+01	7.987999999999999545e+01	8.017700000000000671e+01	8.026900000000000546e+01	8.056600000000000250e+01	8.031499999999999773e+01	8.031499999999999773e+01	8.042900000000000205e+01	8.056600000000000250e+01	8.063500000000000512e+01	8.097799999999999443e+01	8.136700000000000443e+01	8.157299999999999329e+01	8.171099999999999852e+01	8.177899999999999636e+01	8.214600000000000080e+01	8.267199999999999704e+01	8.324399999999999977e+01	8.347299999999999898e+01	8.372499999999999432e+01	8.397700000000000387e+01	8.441200000000000614e+01	8.438899999999999579e+01	8.436599999999999966e+01	8.454900000000000659e+01	8.466299999999999670e+01	8.503000000000000114e+01	8.541899999999999693e+01	8.576200000000000045e+01	8.617400000000000659e+01	8.637999999999999545e+01	8.676900000000000546e+01	8.734099999999999397e+01	8.807399999999999807e+01	8.814199999999999591e+01	8.864600000000000080e+01	8.908100000000000307e+01	8.962999999999999545e+01	8.992799999999999727e+01	9.013400000000000034e+01	9.027100000000000080e+01	9.091200000000000614e+01	9.139300000000000068e+01	9.187300000000000466e+01	9.210200000000000387e+01	9.244499999999999318e+01	9.322400000000000375e+01	9.349800000000000466e+01	9.404800000000000182e+01	9.445999999999999375e+01	9.487199999999999989e+01	9.523799999999999955e+01	9.532899999999999352e+01	9.553499999999999659e+01	9.590099999999999625e+01	9.615300000000000580e+01	9.640500000000000114e+01	9.690900000000000603e+01	1.010280000000000058e+02	1.008220000000000027e+02	1.009140000000000015e+02	1.013029999999999973e+02	1.017609999999999957e+02	1.021500000000000057e+02	1.026310000000000002e+02	1.029279999999999973e+02	1.033400000000000034e+02	1.035460000000000065e+02	1.039579999999999984e+02	1.002039999999999935e+02	1.002960000000000065e+02
1.000000000000000000e+00	4.247590000000000146e+02	3.870620000000000118e+02	3.521800000000000068e+02	3.225400000000000205e+02	2.949830000000000041e+02	2.709730000000000132e+02	2.506479999999999961e+02	2.329559999999999889e+02	2.161560000000000059e+02	2.028810000000000002e+02	1.912079999999999984e+02	1.813890000000000100e+02	1.727369999999999948e+02	1.651610000000000014e+02	1.576310000000000002e+02	1.501009999999999991e+02	1.438060000000000116e+02	1.373750000000000000e+02	1.316299999999999955e+02	1.266400000000000006e+02	1.229099999999999966e+02	1.193389999999999986e+02	1.164320000000000022e+02	1.137770000000000010e+02	1.125180000000000007e+02	1.110310000000000059e+02	1.094969999999999999e+02	1.081919999999999931e+02	1.071850000000000023e+02	1.064300000000000068e+02	1.052860000000000014e+02	1.045529999999999973e+02	1.043239999999999981e+02	1.046219999999999999e+02	1.044159999999999968e+02	1.036380000000000052e+02	1.028820000000000050e+02	1.024929999999999950e+02	1.022870000000000061e+02	1.021500000000000057e+02	1.014399999999999977e+02	1.009830000000000041e+02	1.013029999999999973e+02	1.008220000000000027e+02	1.006620000000000061e+02	1.005019999999999953e+02	1.003190000000000026e+02	1.005709999999999980e+02	1.002960000000000065e+02	9.981499999999999773e+01	9.967799999999999727e+01	9.967799999999999727e+01	9.990699999999999648e+01	9.967799999999999727e+01	9.997599999999999909e+01	9.988400000000000034e+01	9.960899999999999466e+01	1.001820000000000022e+02	1.002270000000000039e+02	1.000210000000000008e+02	9.976999999999999602e+01	1.002039999999999935e+02	9.988400000000000034e+01	9.988400000000000034e+01	9.976999999999999602e+01	1.003190000000000026e+02	1.007309999999999945e+02	1.005250000000000057e+02	1.002729999999999961e+02	1.001590000000000060e+02	1.008679999999999950e+02	1.010510000000000019e+02	1.006620000000000061e+02	1.011659999999999968e+02	1.011200000000000045e+02	1.022420000000000044e+02	1.021269999999999953e+02	1.032710000000000008e+02	1.029279999999999973e+02	1.031110000000000042e+02	1.032030000000000030e+02	1.045990000000000038e+02	1.051479999999999961e+02	1.049419999999999931e+02	1.052169999999999987e+02	1.052169999999999987e+02	1.049879999999999995e+02	1.051250000000000000e+02	1.053769999999999953e+02	1.054230000000000018e+02	1.055600000000000023e+02	1.065439999999999969e+02	1.066359999999999957e+02	1.067960000000000065e+02	1.072079999999999984e+02	1.074599999999999937e+02	1.077120000000000033e+02	1.081700000000000017e+02	1.081919999999999931e+02	1.091080000000000041e+02	1.096340000000000003e+02	1.100460000000000065e+02	1.104129999999999967e+02	1.110079999999999956e+02	1.119230000000000018e+02	1.130450000000000017e+02	1.138229999999999933e+02	1.151500000000000057e+02	1.161800000000000068e+02	1.178509999999999991e+02	1.197510000000000048e+02	1.217189999999999941e+02	1.246719999999999970e+02	1.279909999999999997e+02	1.306459999999999866e+02	1.335749999999999886e+02	1.365740000000000123e+02	1.425250000000000057e+02	1.461179999999999950e+02	1.500550000000000068e+02	1.539689999999999941e+02	1.590500000000000114e+02	1.630550000000000068e+02	1.673129999999999882e+02	1.734240000000000066e+02	1.774979999999999905e+02	1.810910000000000082e+02	1.847760000000000105e+02	1.884840000000000089e+02	1.915279999999999916e+02	1.938859999999999957e+02	1.963350000000000080e+02	1.987609999999999957e+02	2.012789999999999964e+02	2.043909999999999911e+02	2.067259999999999991e+02	2.085800000000000125e+02	2.098619999999999948e+02	2.128369999999999891e+02	2.140500000000000114e+02	2.148280000000000030e+02	2.160420000000000016e+02	2.171399999999999864e+02	2.181469999999999914e+02	2.188340000000000032e+02	2.190860000000000127e+02	2.190629999999999882e+02	2.197040000000000077e+02	2.204130000000000109e+02	2.208249999999999886e+02	2.208480000000000132e+02	2.217640000000000100e+02	2.220840000000000032e+02	2.223590000000000089e+02	2.255399999999999920e+02	2.270279999999999916e+02	2.311020000000000039e+02	2.320399999999999920e+02	2.323609999999999900e+02	2.324979999999999905e+02	2.327270000000000039e+02	2.320399999999999920e+02	2.321550000000000011e+02	2.320860000000000127e+02	2.324300000000000068e+02	2.326810000000000116e+02	2.328640000000000043e+02	2.332529999999999859e+02	2.335740000000000123e+02	2.346270000000000095e+02	2.356109999999999900e+02	2.357940000000000111e+02	2.362059999999999889e+02	2.370070000000000050e+02	2.377400000000000091e+02	2.376479999999999961e+02	2.376709999999999923e+02	2.379459999999999980e+02	2.382429999999999950e+02	2.407150000000000034e+02	2.410579999999999927e+02	2.408979999999999961e+02	2.410349999999999966e+02	2.414699999999999989e+02	2.417680000000000007e+02	2.419050000000000011e+02	2.422940000000000111e+02	2.425229999999999961e+02	2.432560000000000002e+02
0.000000000000000000e+00	6.218719999999999573e+02	5.258099999999999454e+02	4.460450000000000159e+02	3.770600000000000023e+02	3.292919999999999732e+02	2.859649999999999750e+02	2.570570000000000164e+02	2.370529999999999973e+02	2.241210000000000093e+02	2.117160000000000082e+02	2.026980000000000075e+02	1.956020000000000039e+02	1.897659999999999911e+02	1.842040000000000077e+02	1.789859999999999900e+02	1.723710000000000093e+02	1.659619999999999891e+02	1.603779999999999859e+02	1.552280000000000086e+02	1.508100000000000023e+02	1.465759999999999934e+02	1.432110000000000127e+02	1.399159999999999968e+02	1.369629999999999939e+02	1.343760000000000048e+02	1.323170000000000073e+02	1.303710000000000093e+02	1.286999999999999886e+02	1.274869999999999948e+02	1.263880000000000052e+02	1.250610000000000070e+02	1.238479999999999990e+02	1.233439999999999941e+02	1.226809999999999974e+02	1.222229999999999990e+02	1.220169999999999959e+02	1.221539999999999964e+02	1.223829999999999956e+02	1.230469999999999970e+02	1.224980000000000047e+02	1.222920000000000016e+02	1.227489999999999952e+02	1.227489999999999952e+02	1.233220000000000027e+02	1.236189999999999998e+02	1.244200000000000017e+02	1.246029999999999944e+02	1.247409999999999997e+02	1.253130000000000024e+02	1.253820000000000050e+02	1.256560000000000059e+02	1.259770000000000039e+02	1.259080000000000013e+02	1.262279999999999944e+02	1.267090000000000032e+02	1.266170000000000044e+02	1.274639999999999986e+02	1.280819999999999936e+02	1.284710000000000036e+02	1.288149999999999977e+02	1.290660000000000025e+02	1.296620000000000061e+02	1.296839999999999975e+02	1.301879999999999882e+02	1.299819999999999993e+02	1.303940000000000055e+02	1.305540000000000020e+02	1.310120000000000005e+02	1.320879999999999939e+02	1.324540000000000077e+02	1.322479999999999905e+02	1.342620000000000005e+02	1.350399999999999920e+02	1.345370000000000061e+02	1.349259999999999877e+02	1.357500000000000000e+02	1.359790000000000134e+02	1.364139999999999873e+02	1.369859999999999900e+02	1.374660000000000082e+02	1.377870000000000061e+02	1.381299999999999955e+02	1.390459999999999923e+02	1.397100000000000080e+02	1.400529999999999973e+02	1.412429999999999950e+02	1.416090000000000089e+02	1.420900000000000034e+02	1.424559999999999889e+02	1.428679999999999950e+02	1.432110000000000127e+02	1.437609999999999957e+02	1.441270000000000095e+02	1.447909999999999968e+02	1.451800000000000068e+02	1.455689999999999884e+02	1.459809999999999945e+02	1.465529999999999973e+02	1.470800000000000125e+02	1.477659999999999911e+02	1.482470000000000141e+02	1.487959999999999923e+02	1.495060000000000002e+02	1.501009999999999991e+02	1.507640000000000100e+02	1.513820000000000050e+02	1.521610000000000014e+02	1.529159999999999968e+02	1.535109999999999957e+02	1.541519999999999868e+02	1.548619999999999948e+02	1.555939999999999941e+02	1.562580000000000098e+02	1.571500000000000057e+02	1.577909999999999968e+02	1.572649999999999864e+02	1.581119999999999948e+02	1.589809999999999945e+02	1.597139999999999986e+02	1.604230000000000018e+02	1.612239999999999895e+02	1.620939999999999941e+02	1.629639999999999986e+02	1.637649999999999864e+02	1.647259999999999991e+02	1.655730000000000075e+02	1.665569999999999879e+02	1.674730000000000132e+02	1.683880000000000052e+02	1.693729999999999905e+02	1.704939999999999998e+02	1.715469999999999970e+02	1.725080000000000098e+02	1.736299999999999955e+02	1.747059999999999889e+02	1.758499999999999943e+02	1.768569999999999993e+02	1.793979999999999961e+02	1.791459999999999866e+02	1.802220000000000084e+02	1.813199999999999932e+02	1.823499999999999943e+02	1.833799999999999955e+02	1.844099999999999966e+02	1.855769999999999982e+02	1.867220000000000084e+02	1.877750000000000057e+02	1.889190000000000111e+02	1.899029999999999916e+02	1.912079999999999984e+02	1.924209999999999923e+02	1.935879999999999939e+02	1.946870000000000118e+02	1.957170000000000130e+02	1.969989999999999952e+02	1.977079999999999984e+02	1.986239999999999952e+02	1.995389999999999873e+02	2.003170000000000073e+02	2.013700000000000045e+02	2.020109999999999957e+02	2.026289999999999907e+02	2.032700000000000102e+02	2.038189999999999884e+02	2.043689999999999998e+02	2.052379999999999995e+02	2.055589999999999975e+02	2.056049999999999898e+02	2.063600000000000136e+02	2.065200000000000102e+02	2.067489999999999952e+02	2.069089999999999918e+02	2.070240000000000009e+02	2.071839999999999975e+02	2.074130000000000109e+02	2.075960000000000036e+02	2.076870000000000118e+02	2.077100000000000080e+02	2.078480000000000132e+02	2.079619999999999891e+02	2.081680000000000064e+02	2.082139999999999986e+02	2.082369999999999948e+02	2.085109999999999957e+02	2.087630000000000052e+02	2.087630000000000052e+02	2.089459999999999980e+02	2.090149999999999864e+02	2.091289999999999907e+02
1.000000000000000000e+00	4.427490000000000236e+02	3.918690000000000282e+02	3.497090000000000032e+02	3.133849999999999909e+02	2.825319999999999823e+02	2.538069999999999879e+02	2.317429999999999950e+02	2.170720000000000027e+02	2.059019999999999868e+02	1.936570000000000107e+02	1.833799999999999955e+02	1.747059999999999889e+02	1.676330000000000098e+02	1.615449999999999875e+02	1.563259999999999934e+02	1.507189999999999941e+02	1.476970000000000027e+02	1.433259999999999934e+02	1.386800000000000068e+02	1.346279999999999859e+02	1.311260000000000048e+02	1.283340000000000032e+02	1.254039999999999964e+02	1.226809999999999974e+02	1.200490000000000066e+02	1.186069999999999993e+02	1.171419999999999959e+02	1.160889999999999986e+02	1.150819999999999936e+02	1.141430000000000007e+02	1.132510000000000048e+02	1.123580000000000041e+02	1.117630000000000052e+02	1.118550000000000040e+02	1.116490000000000009e+02	1.113970000000000056e+02	1.116260000000000048e+02	1.113739999999999952e+02	1.113970000000000056e+02	1.114429999999999978e+02	1.114650000000000034e+02	1.116029999999999944e+02	1.119230000000000018e+02	1.120829999999999984e+02	1.124270000000000067e+02	1.125870000000000033e+02	1.128389999999999986e+02	1.137540000000000049e+02	1.138919999999999959e+02	1.145780000000000030e+02	1.146929999999999978e+02	1.150819999999999936e+02	1.150360000000000014e+02	1.154939999999999998e+02	1.157680000000000007e+02	1.165010000000000048e+02	1.169360000000000070e+02	1.175769999999999982e+02	1.180340000000000060e+02	1.184230000000000018e+02	1.186979999999999933e+02	1.192699999999999960e+02	1.197510000000000048e+02	1.206440000000000055e+02	1.216740000000000066e+02	1.219710000000000036e+02	1.224749999999999943e+02	1.229099999999999966e+02	1.232300000000000040e+02	1.235960000000000036e+02	1.244659999999999940e+02	1.249240000000000066e+02	1.259080000000000013e+02	1.265949999999999989e+02	1.268460000000000036e+02	1.275789999999999935e+02	1.285860000000000127e+02	1.290889999999999986e+02	1.293410000000000082e+02	1.298220000000000027e+02	1.302340000000000089e+02	1.308290000000000077e+02	1.314470000000000027e+02	1.319499999999999886e+02	1.326140000000000043e+02	1.330949999999999989e+02	1.337129999999999939e+02	1.341020000000000039e+02	1.348340000000000032e+02	1.353839999999999861e+02	1.359099999999999966e+02	1.368940000000000055e+02	1.374890000000000043e+02	1.379470000000000027e+02	1.384739999999999895e+02	1.390000000000000000e+02	1.405560000000000116e+02	1.411740000000000066e+02	1.417920000000000016e+02	1.419749999999999943e+02	1.425020000000000095e+02	1.432800000000000011e+02	1.438290000000000077e+02	1.444470000000000027e+02	1.448590000000000089e+02	1.455229999999999961e+02	1.463930000000000007e+02	1.470569999999999879e+02	1.479490000000000123e+02	1.491390000000000100e+02	1.501459999999999866e+02	1.513369999999999891e+02	1.525269999999999868e+02	1.538309999999999889e+02	1.552280000000000086e+02	1.571270000000000095e+02	1.590039999999999907e+02	1.612239999999999895e+02	1.639939999999999998e+02	1.672669999999999959e+02	1.708600000000000136e+02	1.752779999999999916e+02	1.805649999999999977e+02	1.860579999999999927e+02	1.930389999999999873e+02	2.014389999999999930e+02	2.092210000000000036e+02	2.177350000000000136e+02	2.298660000000000139e+02	2.389070000000000107e+02	2.491610000000000014e+02	2.570110000000000241e+02	2.672420000000000186e+02	2.770840000000000032e+02	2.857359999999999900e+02	2.931519999999999868e+02	3.006129999999999995e+02	3.077549999999999955e+02	3.206410000000000196e+02	3.271410000000000196e+02	3.327479999999999905e+02	3.380579999999999927e+02	3.429569999999999936e+02	3.471680000000000064e+02	3.509669999999999845e+02	3.546750000000000114e+02	3.577420000000000186e+02	3.606490000000000009e+02	3.636469999999999914e+02	3.662570000000000050e+02	3.688430000000000177e+02	3.710860000000000127e+02	3.731920000000000073e+02	3.751600000000000250e+02	3.772889999999999873e+02	3.797610000000000241e+02	3.810649999999999977e+02	3.836290000000000191e+02	3.851390000000000100e+02	3.865810000000000173e+02	3.878629999999999995e+02	3.894649999999999750e+02	3.909759999999999991e+02	3.922579999999999814e+02	3.936309999999999718e+02	3.954390000000000214e+02	3.966750000000000114e+02	3.974990000000000236e+02	3.988039999999999736e+02	3.989870000000000232e+02	4.001770000000000209e+02	4.014820000000000277e+02	4.030609999999999786e+02	4.044569999999999936e+02	4.054870000000000232e+02	4.068149999999999977e+02	4.079359999999999786e+02	4.092180000000000177e+02	4.104540000000000077e+02	4.116669999999999732e+02	4.131089999999999804e+02	4.143679999999999950e+02	4.162669999999999959e+02	4.169769999999999754e+02	4.181899999999999977e+02	4.187620000000000005e+02	4.202730000000000246e+02	4.211200000000000045e+02	4.218750000000000000e+02
0.000000000000000000e+00	1.934509999999999934e+02	1.774519999999999982e+02	1.630099999999999909e+02	1.492769999999999868e+02	1.382899999999999920e+02	1.286320000000000050e+02	1.201629999999999967e+02	1.128619999999999948e+02	1.069789999999999992e+02	1.021269999999999953e+02	9.803000000000000114e+01	9.471099999999999852e+01	9.189600000000000080e+01	8.946999999999999886e+01	8.766200000000000614e+01	8.592199999999999704e+01	8.468600000000000705e+01	8.356499999999999773e+01	8.264900000000000091e+01	8.189400000000000546e+01	8.123000000000000398e+01	8.063500000000000512e+01	8.013200000000000500e+01	7.928499999999999659e+01	7.807200000000000273e+01	7.688100000000000023e+01	7.592000000000000171e+01	7.495900000000000318e+01	7.399699999999999989e+01	7.321899999999999409e+01	7.271599999999999397e+01	7.216599999999999682e+01	7.170900000000000318e+01	7.127400000000000091e+01	7.097599999999999909e+01	7.070199999999999818e+01	7.051800000000000068e+01	7.038100000000000023e+01	7.029000000000000625e+01	7.019799999999999329e+01	7.017499999999999716e+01	7.006100000000000705e+01	7.015200000000000102e+01	7.026699999999999591e+01	7.029000000000000625e+01	7.035800000000000409e+01	7.051800000000000068e+01	7.058700000000000330e+01	7.067900000000000205e+01	7.088500000000000512e+01	7.099899999999999523e+01	7.120499999999999829e+01	7.134199999999999875e+01	7.154800000000000182e+01	7.179999999999999716e+01	7.202899999999999636e+01	7.228100000000000591e+01	7.248699999999999477e+01	7.269299999999999784e+01	7.285299999999999443e+01	7.312800000000000011e+01	7.326500000000000057e+01	7.342499999999999716e+01	7.370000000000000284e+01	7.385999999999999943e+01	7.415800000000000125e+01	7.440900000000000603e+01	7.468399999999999750e+01	7.507299999999999329e+01	7.534799999999999898e+01	7.566800000000000637e+01	7.598900000000000432e+01	7.642400000000000659e+01	7.667499999999999716e+01	7.704200000000000159e+01	7.754500000000000171e+01	7.793399999999999750e+01	7.820900000000000318e+01	7.848399999999999466e+01	7.873499999999999943e+01	7.907899999999999352e+01	7.942199999999999704e+01	7.967400000000000659e+01	8.006300000000000239e+01	8.035999999999999943e+01	8.077200000000000557e+01	8.104699999999999704e+01	8.155100000000000193e+01	8.189400000000000546e+01	8.214600000000000080e+01	8.267199999999999704e+01	8.301500000000000057e+01	8.381699999999999307e+01	8.413700000000000045e+01	8.475499999999999545e+01	8.505200000000000671e+01	8.541899999999999693e+01	8.578499999999999659e+01	8.617400000000000659e+01	8.658599999999999852e+01	8.690600000000000591e+01	8.715800000000000125e+01	8.747899999999999920e+01	8.784499999999999886e+01	8.818800000000000239e+01	8.862300000000000466e+01	8.908100000000000307e+01	8.928700000000000614e+01	8.967600000000000193e+01	8.997299999999999898e+01	9.015699999999999648e+01	9.056900000000000261e+01	9.075199999999999534e+01	9.114100000000000534e+01	9.143800000000000239e+01	9.159900000000000375e+01	9.203300000000000125e+01	9.223900000000000432e+01	9.249099999999999966e+01	9.260599999999999454e+01	9.283400000000000318e+01	9.290300000000000580e+01	9.299500000000000455e+01	9.320099999999999341e+01	9.349800000000000466e+01	9.336100000000000421e+01	9.354399999999999693e+01	9.354399999999999693e+01	9.379600000000000648e+01	9.390999999999999659e+01	9.397899999999999920e+01	9.406999999999999318e+01	9.388700000000000045e+01	9.427599999999999625e+01	9.423099999999999454e+01	9.439100000000000534e+01	9.466599999999999682e+01	9.464300000000000068e+01	9.464300000000000068e+01	9.475700000000000500e+01	9.475700000000000500e+01	9.482599999999999341e+01	9.482599999999999341e+01	9.480299999999999727e+01	9.496299999999999386e+01	9.498600000000000421e+01	9.493999999999999773e+01	9.519199999999999307e+01	9.539799999999999613e+01	9.535200000000000387e+01	9.535200000000000387e+01	9.542100000000000648e+01	9.544400000000000261e+01	9.553499999999999659e+01	9.560399999999999920e+01	9.562699999999999534e+01	9.576399999999999579e+01	9.576399999999999579e+01	9.583299999999999841e+01	9.592400000000000659e+01	9.585599999999999454e+01	9.601600000000000534e+01	9.608499999999999375e+01	9.608499999999999375e+01	9.608499999999999375e+01	9.612999999999999545e+01	9.619899999999999807e+01	9.610699999999999932e+01	9.631300000000000239e+01	9.624500000000000455e+01	9.626800000000000068e+01	9.638200000000000500e+01	9.631300000000000239e+01	9.624500000000000455e+01	9.642799999999999727e+01	9.633599999999999852e+01	9.640500000000000114e+01	9.631300000000000239e+01	9.638200000000000500e+01	9.631300000000000239e+01	9.640500000000000114e+01	9.640500000000000114e+01	9.640500000000000114e+01	9.645099999999999341e+01	9.647400000000000375e+01	9.663400000000000034e+01	9.672499999999999432e+01	9.663400000000000034e+01	9.674800000000000466e+01
0.000000000000000000e+00	3.365480000000000018e+02	3.067470000000000141e+02	2.808609999999999900e+02	2.580869999999999891e+02	2.394099999999999966e+02	2.226100000000000136e+02	2.081220000000000141e+02	1.952359999999999900e+02	1.838379999999999939e+02	1.739269999999999925e+02	1.667630000000000052e+02	1.581570000000000107e+02	1.515879999999999939e+02	1.461409999999999911e+02	1.411510000000000105e+02	1.373290000000000077e+02	1.334610000000000127e+02	1.302110000000000127e+02	1.265490000000000066e+02	1.230699999999999932e+02	1.201170000000000044e+02	1.168900000000000006e+02	1.143490000000000038e+02	1.119459999999999980e+02	1.099779999999999944e+02	1.076659999999999968e+02	1.056749999999999972e+02	1.042330000000000041e+02	1.029509999999999934e+02	1.015550000000000068e+02	1.007079999999999984e+02	9.970099999999999341e+01	9.890000000000000568e+01	9.830500000000000682e+01	9.754900000000000659e+01	9.741200000000000614e+01	9.677100000000000080e+01	9.649699999999999989e+01	9.651900000000000546e+01	9.615300000000000580e+01	9.647400000000000375e+01	9.647400000000000375e+01	9.622199999999999420e+01	9.599299999999999500e+01	9.576399999999999579e+01	9.546699999999999875e+01	9.574099999999999966e+01	9.585599999999999454e+01	9.574099999999999966e+01	9.576399999999999579e+01	9.594700000000000273e+01	9.619899999999999807e+01	9.651900000000000546e+01	9.741200000000000614e+01	9.743500000000000227e+01	9.754900000000000659e+01	9.787000000000000455e+01	9.773300000000000409e+01	9.814499999999999602e+01	9.835099999999999909e+01	9.841899999999999693e+01	9.814499999999999602e+01	9.844199999999999307e+01	9.862500000000000000e+01	9.860200000000000387e+01	9.857899999999999352e+01	1.009140000000000015e+02	1.013029999999999973e+02	1.024020000000000010e+02	1.026989999999999981e+02	1.026989999999999981e+02	1.033400000000000034e+02	1.033400000000000034e+02	1.034770000000000039e+02	1.037060000000000031e+02	1.038439999999999941e+02	1.041410000000000053e+02	1.052169999999999987e+02	1.053769999999999953e+02	1.060870000000000033e+02	1.070480000000000018e+02	1.076430000000000007e+02	1.081470000000000056e+02	1.084440000000000026e+02	1.089939999999999998e+02	1.093370000000000033e+02	1.097489999999999952e+02	1.100919999999999987e+02	1.106640000000000015e+02	1.109159999999999968e+02	1.114429999999999978e+02	1.117860000000000014e+02	1.122439999999999998e+02	1.126329999999999956e+02	1.129759999999999991e+02	1.135939999999999941e+02	1.140520000000000067e+02	1.144639999999999986e+02	1.147379999999999995e+02	1.151500000000000057e+02	1.155849999999999937e+02	1.159519999999999982e+02	1.165699999999999932e+02	1.167530000000000001e+02	1.170960000000000036e+02	1.174849999999999994e+02	1.180340000000000060e+02	1.191099999999999994e+02	1.194080000000000013e+02	1.198649999999999949e+02	1.203229999999999933e+02	1.209410000000000025e+02	1.213529999999999944e+02	1.218799999999999955e+02	1.221770000000000067e+02	1.225660000000000025e+02	1.231159999999999997e+02	1.235049999999999955e+02	1.244200000000000017e+02	1.248319999999999936e+02	1.251749999999999972e+02	1.255420000000000016e+02	1.260220000000000056e+02	1.262740000000000009e+02	1.267319999999999993e+02	1.273040000000000020e+02	1.277390000000000043e+02	1.283799999999999955e+02	1.287230000000000132e+02	1.292949999999999875e+02	1.298449999999999989e+02	1.301879999999999882e+02	1.307829999999999870e+02	1.313779999999999859e+02	1.319050000000000011e+02	1.323849999999999909e+02	1.327740000000000009e+02	1.334379999999999882e+02	1.340099999999999909e+02	1.344449999999999932e+02	1.349720000000000084e+02	1.354290000000000020e+02	1.360699999999999932e+02	1.364819999999999993e+02	1.369399999999999977e+02	1.376040000000000134e+02	1.380840000000000032e+02	1.385649999999999977e+02	1.388629999999999995e+02	1.393890000000000100e+02	1.398240000000000123e+02	1.401670000000000016e+02	1.405329999999999870e+02	1.411289999999999907e+02	1.413569999999999993e+02	1.418379999999999939e+02	1.420670000000000073e+02	1.421129999999999995e+02	1.423650000000000091e+02	1.423420000000000130e+02	1.424099999999999966e+02	1.422270000000000039e+02	1.422040000000000077e+02	1.421589999999999918e+02	1.423870000000000005e+02	1.426850000000000023e+02	1.426160000000000139e+02	1.425929999999999893e+02	1.418379999999999939e+02	1.416779999999999973e+02	1.415860000000000127e+02	1.416550000000000011e+02	1.417009999999999934e+02	1.418149999999999977e+02	1.420440000000000111e+02	1.420670000000000073e+02	1.422040000000000077e+02	1.422270000000000039e+02	1.422959999999999923e+02	1.423420000000000130e+02	1.423870000000000005e+02	1.424099999999999966e+02	1.425480000000000018e+02	1.425699999999999932e+02	1.425699999999999932e+02	1.427079999999999984e+02	1.426850000000000023e+02	1.425929999999999893e+02	1.426850000000000023e+02
1.000000000000000000e+00	1.897199999999999989e+02	1.769710000000000036e+02	1.657100000000000080e+02	1.557309999999999945e+02	1.467129999999999939e+02	1.389540000000000077e+02	1.322940000000000111e+02	1.267319999999999993e+02	1.209410000000000025e+02	1.165240000000000009e+02	1.127469999999999999e+02	1.091539999999999964e+02	1.063389999999999986e+02	1.036610000000000014e+02	1.013490000000000038e+02	9.965500000000000114e+01	9.793899999999999295e+01	9.574099999999999966e+01	9.304000000000000625e+01	9.050000000000000000e+01	8.807399999999999807e+01	8.585399999999999920e+01	8.406799999999999784e+01	8.235200000000000387e+01	8.086400000000000432e+01	7.974200000000000443e+01	7.889600000000000080e+01	7.809399999999999409e+01	7.738500000000000512e+01	7.683599999999999852e+01	7.662999999999999545e+01	7.621800000000000352e+01	7.605700000000000216e+01	7.578300000000000125e+01	7.550799999999999557e+01	7.548499999999999943e+01	7.514199999999999591e+01	7.493600000000000705e+01	7.461499999999999488e+01	7.454699999999999704e+01	7.461499999999999488e+01	7.482099999999999795e+01	7.470699999999999363e+01	7.482099999999999795e+01	7.484399999999999409e+01	7.479900000000000659e+01	7.477599999999999625e+01	7.468399999999999750e+01	7.507299999999999329e+01	7.516500000000000625e+01	7.553100000000000591e+01	7.546200000000000330e+01	7.555400000000000205e+01	7.571399999999999864e+01	7.566800000000000637e+01	7.580599999999999739e+01	7.589700000000000557e+01	7.592000000000000171e+01	7.619499999999999318e+01	7.630899999999999750e+01	7.649200000000000443e+01	7.672100000000000364e+01	7.662999999999999545e+01	7.690399999999999636e+01	7.701900000000000546e+01	7.706499999999999773e+01	7.727100000000000080e+01	7.759099999999999397e+01	7.786599999999999966e+01	7.823199999999999932e+01	7.832299999999999329e+01	7.852899999999999636e+01	7.880400000000000205e+01	7.882699999999999818e+01	7.889600000000000080e+01	7.891800000000000637e+01	7.921599999999999397e+01	7.958199999999999363e+01	7.985699999999999932e+01	8.004000000000000625e+01	8.022299999999999898e+01	8.038299999999999557e+01	8.063500000000000512e+01	8.068099999999999739e+01	8.093300000000000693e+01	8.123000000000000398e+01	8.132200000000000273e+01	8.148199999999999932e+01	8.150499999999999545e+01	8.171099999999999852e+01	8.198499999999999943e+01	8.198499999999999943e+01	8.244299999999999784e+01	8.287800000000000011e+01	8.310699999999999932e+01	8.340500000000000114e+01	8.374800000000000466e+01	8.383899999999999864e+01	8.406799999999999784e+01	8.443500000000000227e+01	8.475499999999999545e+01	8.489199999999999591e+01	8.509799999999999898e+01	8.525799999999999557e+01	8.546399999999999864e+01	8.585399999999999920e+01	8.601399999999999579e+01	8.621999999999999886e+01	8.647199999999999420e+01	8.679200000000000159e+01	8.713500000000000512e+01	8.738700000000000045e+01	8.773000000000000398e+01	8.816500000000000625e+01	8.857699999999999818e+01	8.894299999999999784e+01	8.928700000000000614e+01	8.979000000000000625e+01	9.017900000000000205e+01	9.100300000000000011e+01	9.143800000000000239e+01	9.182699999999999818e+01	9.235399999999999920e+01	9.285699999999999932e+01	9.333799999999999386e+01	9.395600000000000307e+01	9.466599999999999682e+01	9.526099999999999568e+01	9.590099999999999625e+01	9.665699999999999648e+01	9.743500000000000227e+01	9.828199999999999648e+01	9.963200000000000500e+01	1.007309999999999945e+02	1.020810000000000031e+02	1.035919999999999987e+02	1.051940000000000026e+02	1.070019999999999953e+02	1.089939999999999998e+02	1.113280000000000030e+02	1.137079999999999984e+02	1.164779999999999944e+02	1.193389999999999986e+02	1.222459999999999951e+02	1.253359999999999985e+02	1.285169999999999959e+02	1.317210000000000036e+02	1.349029999999999916e+02	1.381759999999999877e+02	1.415409999999999968e+02	1.450879999999999939e+02	1.488880000000000052e+02	1.518859999999999957e+02	1.548160000000000025e+02	1.576769999999999925e+02	1.603549999999999898e+02	1.629639999999999986e+02	1.653669999999999902e+02	1.676790000000000020e+02	1.697620000000000005e+02	1.719130000000000109e+02	1.738360000000000127e+02	1.756899999999999977e+02	1.774290000000000020e+02	1.790310000000000059e+02	1.807019999999999982e+02	1.822129999999999939e+02	1.835629999999999882e+02	1.848449999999999989e+02	1.861949999999999932e+02	1.874540000000000077e+02	1.886670000000000016e+02	1.897659999999999911e+02	1.910020000000000095e+02	1.920780000000000030e+02	1.930159999999999911e+02	1.939540000000000077e+02	1.949159999999999968e+02	1.959000000000000057e+02	1.968379999999999939e+02	1.982800000000000011e+02	1.989209999999999923e+02	1.997680000000000007e+02	2.004319999999999879e+02	2.012100000000000080e+02	2.020339999999999918e+02	2.027889999999999873e+02	2.035219999999999914e+02	2.042309999999999945e+02
0.000000000000000000e+00	2.029039999999999964e+02	1.870190000000000055e+02	1.709749999999999943e+02	1.555709999999999980e+02	1.417009999999999934e+02	1.295929999999999893e+02	1.194989999999999952e+02	1.121059999999999945e+02	1.066359999999999957e+02	1.024020000000000010e+02	9.837300000000000466e+01	9.553499999999999659e+01	9.322400000000000375e+01	9.118699999999999761e+01	8.944700000000000273e+01	8.809699999999999420e+01	8.670000000000000284e+01	8.560200000000000387e+01	8.468600000000000705e+01	8.383899999999999864e+01	8.322100000000000364e+01	8.251200000000000045e+01	8.166500000000000625e+01	8.109300000000000352e+01	8.029200000000000159e+01	7.907899999999999352e+01	7.756799999999999784e+01	7.592000000000000171e+01	7.440900000000000603e+01	7.315099999999999625e+01	7.200600000000000023e+01	7.111400000000000432e+01	7.038100000000000023e+01	6.964900000000000091e+01	6.898499999999999943e+01	6.861899999999999977e+01	6.818399999999999750e+01	6.802400000000000091e+01	6.809199999999999875e+01	6.795499999999999829e+01	6.802400000000000091e+01	6.804699999999999704e+01	6.823000000000000398e+01	6.720000000000000284e+01	6.646699999999999875e+01	6.573499999999999943e+01	6.527700000000000102e+01	6.475100000000000477e+01	6.422400000000000375e+01	6.401800000000000068e+01	6.376599999999999824e+01	6.365200000000000102e+01	6.344599999999999795e+01	6.356000000000000227e+01	6.346900000000000119e+01	6.337700000000000244e+01	6.358299999999999841e+01	6.367499999999999716e+01	6.346900000000000119e+01	6.374399999999999977e+01	6.362899999999999778e+01	6.351500000000000057e+01	6.346900000000000119e+01	6.372099999999999653e+01	6.356000000000000227e+01	6.369800000000000040e+01	6.385799999999999699e+01	6.376599999999999824e+01	6.390400000000000347e+01	6.413299999999999557e+01	6.422400000000000375e+01	6.422400000000000375e+01	6.445300000000000296e+01	6.472799999999999443e+01	6.532299999999999329e+01	6.520799999999999841e+01	6.534600000000000364e+01	6.532299999999999329e+01	6.518600000000000705e+01	6.516299999999999670e+01	6.534600000000000364e+01	6.550600000000000023e+01	6.557500000000000284e+01	6.605500000000000682e+01	6.628400000000000603e+01	6.617000000000000171e+01	6.628400000000000603e+01	6.614700000000000557e+01	6.603199999999999648e+01	6.596399999999999864e+01	6.614700000000000557e+01	6.619299999999999784e+01	6.635299999999999443e+01	6.676500000000000057e+01	6.699399999999999977e+01	6.703900000000000148e+01	6.751999999999999602e+01	6.758899999999999864e+01	6.793200000000000216e+01	6.825300000000000011e+01	6.845900000000000318e+01	6.887099999999999511e+01	6.909900000000000375e+01	6.907699999999999818e+01	6.967199999999999704e+01	6.980899999999999750e+01	6.990099999999999625e+01	7.029000000000000625e+01	7.035800000000000409e+01	7.049599999999999511e+01	7.095300000000000296e+01	7.145699999999999363e+01	7.150300000000000011e+01	7.186899999999999977e+01	7.246399999999999864e+01	7.257800000000000296e+01	7.271599999999999397e+01	7.294499999999999318e+01	7.305899999999999750e+01	7.333400000000000318e+01	7.360800000000000409e+01	7.379200000000000159e+01	7.406600000000000250e+01	7.431799999999999784e+01	7.454699999999999704e+01	7.484399999999999409e+01	7.532500000000000284e+01	7.564499999999999602e+01	7.585099999999999909e+01	7.610299999999999443e+01	7.633199999999999363e+01	7.662999999999999545e+01	7.683599999999999852e+01	7.706499999999999773e+01	7.731600000000000250e+01	7.752200000000000557e+01	7.781999999999999318e+01	7.802599999999999625e+01	7.832299999999999329e+01	7.848399999999999466e+01	7.875799999999999557e+01	7.880400000000000205e+01	7.891800000000000637e+01	7.926200000000000045e+01	7.937600000000000477e+01	7.971999999999999886e+01	7.992600000000000193e+01	8.017700000000000671e+01	8.035999999999999943e+01	8.056600000000000250e+01	8.075000000000000000e+01	8.095600000000000307e+01	8.134499999999999886e+01	8.145900000000000318e+01	8.155100000000000193e+01	8.180200000000000671e+01	8.209999999999999432e+01	8.221399999999999864e+01	8.251200000000000045e+01	8.271800000000000352e+01	8.299299999999999500e+01	8.319899999999999807e+01	8.342700000000000671e+01	8.365600000000000591e+01	8.390800000000000125e+01	8.413700000000000045e+01	8.427400000000000091e+01	8.438899999999999579e+01	8.461799999999999500e+01	8.477800000000000580e+01	8.503000000000000114e+01	8.530400000000000205e+01	8.548699999999999477e+01	8.583100000000000307e+01	8.601399999999999579e+01	8.610500000000000398e+01	8.633400000000000318e+01	8.654000000000000625e+01	8.667799999999999727e+01	8.697499999999999432e+01	8.718099999999999739e+01	8.731799999999999784e+01	8.756999999999999318e+01	8.777599999999999625e+01	8.786799999999999500e+01	8.812000000000000455e+01	8.830299999999999727e+01	8.855400000000000205e+01	8.882899999999999352e+01
1.000000000000000000e+00	4.222180000000000177e+02	3.746340000000000146e+02	3.402330000000000041e+02	3.091739999999999782e+02	2.821200000000000045e+02	2.725749999999999886e+02	2.652509999999999764e+02	2.439879999999999995e+02	2.323609999999999900e+02	2.207110000000000127e+02	2.130430000000000064e+02	2.062680000000000007e+02	2.000430000000000064e+02	1.948009999999999877e+02	1.904749999999999943e+02	1.867899999999999920e+02	1.834490000000000123e+02	1.807479999999999905e+02	1.779329999999999927e+02	1.755519999999999925e+02	1.736299999999999955e+02	1.717990000000000066e+02	1.695560000000000116e+02	1.681370000000000005e+02	1.663060000000000116e+02	1.654819999999999993e+02	1.645430000000000064e+02	1.634449999999999932e+02	1.627580000000000098e+02	1.625749999999999886e+02	1.619110000000000014e+02	1.617510000000000048e+02	1.616589999999999918e+02	1.612930000000000064e+02	1.610180000000000007e+02	1.610409999999999968e+02	1.604689999999999941e+02	1.603779999999999859e+02	1.600800000000000125e+02	1.599430000000000121e+02	1.598739999999999952e+02	1.601260000000000048e+02	1.603319999999999936e+02	1.603319999999999936e+02	1.604919999999999902e+02	1.607669999999999959e+02	1.609950000000000045e+02	1.611330000000000098e+02	1.615910000000000082e+02	1.616589999999999918e+02	1.618880000000000052e+02	1.618189999999999884e+02	1.621169999999999902e+02	1.623689999999999998e+02	1.625749999999999886e+02	1.629180000000000064e+02	1.633990000000000009e+02	1.638789999999999907e+02	1.639710000000000036e+02	1.643139999999999930e+02	1.643830000000000098e+02	1.648859999999999957e+02	1.652069999999999936e+02	1.653209999999999980e+02	1.656419999999999959e+02	1.659850000000000136e+02	1.662369999999999948e+02	1.663739999999999952e+02	1.663280000000000030e+02	1.664890000000000043e+02	1.663969999999999914e+02	1.668549999999999898e+02	1.667860000000000014e+02	1.669459999999999980e+02	1.670610000000000070e+02	1.671980000000000075e+02	1.674039999999999964e+02	1.674960000000000093e+02	1.675869999999999891e+02	1.676330000000000098e+02	1.677930000000000064e+02	1.684110000000000014e+02	1.684110000000000014e+02	1.686630000000000109e+02	1.687090000000000032e+02	1.687769999999999868e+02	1.690289999999999964e+02	1.689830000000000041e+02	1.691440000000000055e+02	1.693269999999999982e+02	1.694869999999999948e+02	1.694639999999999986e+02	1.695790000000000077e+02	1.696699999999999875e+02	1.698300000000000125e+02	1.702189999999999941e+02	1.701970000000000027e+02	1.704480000000000075e+02	1.705629999999999882e+02	1.706310000000000002e+02	1.708149999999999977e+02	1.710209999999999866e+02	1.712489999999999952e+02	1.715699999999999932e+02	1.718220000000000027e+02	1.721649999999999920e+02	1.723249999999999886e+02	1.727369999999999948e+02	1.730800000000000125e+02	1.735149999999999864e+02	1.741790000000000020e+02	1.748429999999999893e+02	1.756210000000000093e+02	1.770169999999999959e+02	1.784590000000000032e+02	1.799699999999999989e+02	1.820300000000000011e+02	1.841579999999999870e+02	1.869279999999999973e+02	1.892620000000000005e+02	1.930620000000000118e+02	1.974790000000000134e+02	2.026519999999999868e+02	2.088319999999999936e+02	2.156519999999999868e+02	2.230449999999999875e+02	2.310790000000000077e+02	2.395939999999999941e+02	2.483830000000000098e+02	2.573550000000000182e+02	2.660059999999999718e+02	2.743609999999999900e+02	2.822799999999999727e+02	2.896499999999999773e+02	2.966309999999999718e+02	3.088299999999999841e+02	3.126979999999999791e+02	3.172989999999999782e+02	3.215330000000000155e+02	3.254929999999999950e+02	3.286739999999999782e+02	3.319239999999999782e+02	3.349460000000000264e+02	3.372799999999999727e+02	3.393860000000000241e+02	3.416750000000000114e+02	3.436659999999999968e+02	3.452909999999999968e+02	3.465960000000000036e+02	3.481290000000000191e+02	3.495249999999999773e+02	3.508990000000000009e+02	3.517909999999999968e+02	3.530500000000000114e+02	3.539889999999999759e+02	3.542400000000000091e+02	3.554080000000000155e+02	3.563229999999999791e+02	3.569409999999999741e+02	3.571700000000000159e+02	3.572620000000000005e+02	3.579030000000000200e+02	3.583369999999999891e+02	3.589320000000000164e+02	3.592529999999999859e+02	3.592069999999999936e+02	3.591610000000000014e+02	3.596190000000000282e+02	3.605350000000000250e+02	3.607180000000000177e+02	3.582230000000000132e+02	3.584289999999999736e+02	3.583149999999999977e+02	3.583369999999999891e+02	3.583369999999999891e+02	3.583369999999999891e+02	3.583149999999999977e+02	3.585659999999999741e+02	3.591840000000000259e+02	3.598709999999999809e+02	3.604889999999999759e+02	3.610840000000000032e+02	3.605799999999999841e+02	3.606949999999999932e+02	3.606030000000000086e+02	3.600539999999999736e+02	3.602139999999999986e+02	3.601680000000000064e+02	3.608090000000000259e+02
1.000000000000000000e+00	1.724850000000000136e+02	1.573329999999999984e+02	1.435089999999999861e+02	1.308979999999999961e+02	1.193160000000000025e+02	1.102519999999999953e+02	1.033859999999999957e+02	9.818999999999999773e+01	9.375000000000000000e+01	9.091200000000000614e+01	8.839400000000000546e+01	8.667799999999999727e+01	8.516700000000000159e+01	8.383899999999999864e+01	8.287800000000000011e+01	8.207699999999999818e+01	8.143600000000000705e+01	8.095600000000000307e+01	8.047499999999999432e+01	8.026900000000000546e+01	7.976500000000000057e+01	7.942199999999999704e+01	7.889600000000000080e+01	7.846099999999999852e+01	7.820900000000000318e+01	7.747700000000000387e+01	7.679000000000000625e+01	7.621800000000000352e+01	7.559999999999999432e+01	7.511899999999999977e+01	7.468399999999999750e+01	7.429500000000000171e+01	7.397499999999999432e+01	7.381399999999999295e+01	7.358599999999999852e+01	7.333400000000000318e+01	7.331100000000000705e+01	7.321899999999999409e+01	7.321899999999999409e+01	7.335699999999999932e+01	7.337999999999999545e+01	7.351699999999999591e+01	7.367700000000000671e+01	7.376900000000000546e+01	7.395199999999999818e+01	7.418099999999999739e+01	7.450100000000000477e+01	7.470699999999999363e+01	7.509600000000000364e+01	7.550799999999999557e+01	7.580599999999999739e+01	7.614900000000000091e+01	7.665300000000000580e+01	7.699599999999999511e+01	7.749899999999999523e+01	7.788800000000000523e+01	7.839199999999999591e+01	7.884999999999999432e+01	7.935299999999999443e+01	7.999399999999999977e+01	8.054399999999999693e+01	8.118399999999999750e+01	8.175700000000000500e+01	8.246599999999999397e+01	8.308400000000000318e+01	8.370199999999999818e+01	8.420600000000000307e+01	8.468600000000000705e+01	8.496099999999999852e+01	8.525799999999999557e+01	8.544199999999999307e+01	8.564799999999999613e+01	8.587600000000000477e+01	8.608199999999999363e+01	8.631100000000000705e+01	8.654000000000000625e+01	8.665500000000000114e+01	8.690600000000000591e+01	8.711199999999999477e+01	8.734099999999999397e+01	8.752400000000000091e+01	8.775300000000000011e+01	8.798199999999999932e+01	8.816500000000000625e+01	8.825700000000000500e+01	8.850900000000000034e+01	8.876000000000000512e+01	8.892100000000000648e+01	8.908100000000000307e+01	8.926399999999999579e+01	8.949299999999999500e+01	8.972199999999999420e+01	8.983599999999999852e+01	9.006499999999999773e+01	9.031699999999999307e+01	9.038500000000000512e+01	9.068300000000000693e+01	9.077500000000000568e+01	9.098099999999999454e+01	9.118699999999999761e+01	9.120900000000000318e+01	9.141500000000000625e+01	9.164400000000000546e+01	9.184999999999999432e+01	9.210200000000000387e+01	9.237699999999999534e+01	9.251399999999999579e+01	9.274299999999999500e+01	9.301800000000000068e+01	9.313200000000000500e+01	9.343000000000000682e+01	9.372700000000000387e+01	9.397899999999999920e+01	9.434499999999999886e+01	9.468800000000000239e+01	9.512300000000000466e+01	9.565000000000000568e+01	9.626800000000000068e+01	9.690900000000000603e+01	9.773300000000000409e+01	9.867100000000000648e+01	9.970099999999999341e+01	1.011430000000000007e+02	1.024929999999999950e+02	1.041869999999999976e+02	1.061779999999999973e+02	1.081919999999999931e+02	1.104809999999999945e+02	1.131590000000000060e+02	1.159740000000000038e+02	1.188130000000000024e+02	1.218110000000000070e+02	1.247409999999999997e+02	1.275559999999999974e+02	1.304399999999999977e+02	1.333689999999999998e+02	1.362990000000000066e+02	1.391829999999999927e+02	1.419979999999999905e+02	1.446529999999999916e+02	1.472170000000000130e+02	1.497119999999999891e+02	1.520229999999999961e+02	1.543580000000000041e+02	1.563720000000000141e+02	1.584780000000000086e+02	1.603779999999999859e+02	1.620250000000000057e+02	1.634449999999999932e+02	1.648410000000000082e+02	1.661220000000000141e+02	1.673129999999999882e+02	1.686169999999999902e+02	1.697160000000000082e+02	1.704939999999999998e+02	1.715469999999999970e+02	1.724850000000000136e+02	1.733549999999999898e+02	1.741100000000000136e+02	1.745910000000000082e+02	1.751860000000000070e+02	1.756670000000000016e+02	1.763530000000000086e+02	1.766970000000000027e+02	1.773609999999999900e+02	1.778180000000000121e+02	1.782990000000000066e+02	1.786189999999999998e+02	1.789859999999999900e+02	1.793290000000000077e+02	1.796719999999999970e+02	1.799470000000000027e+02	1.803590000000000089e+02	1.809310000000000116e+02	1.811829999999999927e+02	1.815720000000000027e+02	1.818919999999999959e+02	1.820759999999999934e+02	1.823040000000000020e+02	1.824869999999999948e+02	1.827390000000000043e+02	1.828540000000000134e+02	1.831279999999999859e+02	1.830370000000000061e+02	1.832199999999999989e+02	1.834950000000000045e+02	1.835399999999999920e+02	1.837460000000000093e+02	1.839070000000000107e+02
1.000000000000000000e+00	1.530529999999999973e+02	1.414029999999999916e+02	1.320190000000000055e+02	1.239399999999999977e+02	1.165240000000000009e+02	1.103900000000000006e+02	1.049650000000000034e+02	1.002270000000000039e+02	9.619899999999999807e+01	9.287999999999999545e+01	8.992799999999999727e+01	8.754699999999999704e+01	8.571599999999999397e+01	8.431999999999999318e+01	8.294700000000000273e+01	8.205400000000000205e+01	8.118399999999999750e+01	8.035999999999999943e+01	7.983400000000000318e+01	7.935299999999999443e+01	7.896399999999999864e+01	7.859799999999999898e+01	7.839199999999999591e+01	7.802599999999999625e+01	7.795699999999999363e+01	7.770499999999999829e+01	7.759099999999999397e+01	7.754500000000000171e+01	7.772799999999999443e+01	7.770499999999999829e+01	7.772799999999999443e+01	7.777400000000000091e+01	7.772799999999999443e+01	7.800300000000000011e+01	7.807200000000000273e+01	7.816299999999999670e+01	7.825499999999999545e+01	7.825499999999999545e+01	7.765999999999999659e+01	7.628600000000000136e+01	7.390600000000000591e+01	7.207500000000000284e+01	7.079300000000000637e+01	6.980899999999999750e+01	6.914499999999999602e+01	6.859600000000000364e+01	6.836700000000000443e+01	6.809199999999999875e+01	6.790900000000000603e+01	6.790900000000000603e+01	6.784099999999999397e+01	6.779500000000000171e+01	6.781799999999999784e+01	6.784099999999999397e+01	6.804699999999999704e+01	6.832099999999999795e+01	6.868699999999999761e+01	6.898499999999999943e+01	6.912199999999999989e+01	6.946599999999999397e+01	6.978600000000000136e+01	7.010699999999999932e+01	7.040399999999999636e+01	7.088500000000000512e+01	7.136499999999999488e+01	7.175400000000000489e+01	7.230400000000000205e+01	7.287600000000000477e+01	7.340200000000000102e+01	7.404300000000000637e+01	7.466100000000000136e+01	7.532500000000000284e+01	7.605700000000000216e+01	7.683599999999999852e+01	7.756799999999999784e+01	7.852899999999999636e+01	7.951399999999999579e+01	8.024599999999999511e+01	8.134499999999999886e+01	8.230599999999999739e+01	8.322100000000000364e+01	8.434300000000000352e+01	8.537300000000000466e+01	8.628799999999999670e+01	8.702100000000000080e+01	8.727299999999999613e+01	8.761599999999999966e+01	8.777599999999999625e+01	8.793600000000000705e+01	8.798199999999999932e+01	8.841700000000000159e+01	8.859999999999999432e+01	8.878300000000000125e+01	8.905800000000000693e+01	8.937800000000000011e+01	8.969899999999999807e+01	9.006499999999999773e+01	9.038500000000000512e+01	9.050000000000000000e+01	9.102599999999999625e+01	9.127800000000000580e+01	9.175900000000000034e+01	9.230800000000000693e+01	9.287999999999999545e+01	9.347499999999999432e+01	9.434499999999999886e+01	9.532899999999999352e+01	9.642799999999999727e+01	9.777800000000000580e+01	9.940300000000000580e+01	1.011889999999999930e+02	1.033400000000000034e+02	1.057660000000000053e+02	1.081919999999999931e+02	1.110540000000000020e+02	1.139599999999999937e+02	1.170270000000000010e+02	1.201170000000000044e+02	1.234819999999999993e+02	1.266170000000000044e+02	1.297760000000000105e+02	1.330720000000000027e+02	1.361390000000000100e+02	1.393199999999999932e+02	1.424790000000000134e+02	1.453400000000000034e+02	1.483149999999999977e+02	1.511539999999999964e+02	1.540380000000000109e+02	1.566239999999999952e+02	1.592789999999999964e+02	1.616589999999999918e+02	1.640169999999999959e+02	1.662369999999999948e+02	1.682740000000000009e+02	1.702189999999999941e+02	1.719590000000000032e+02	1.736980000000000075e+02	1.753919999999999959e+02	1.768340000000000032e+02	1.783449999999999989e+02	1.799010000000000105e+02	1.810910000000000082e+02	1.822129999999999939e+02	1.834720000000000084e+02	1.845469999999999970e+02	1.855769999999999982e+02	1.867220000000000084e+02	1.876599999999999966e+02	1.885989999999999895e+02	1.894000000000000057e+02	1.901550000000000011e+02	1.908650000000000091e+02	1.916879999999999882e+02	1.923750000000000000e+02	1.931080000000000041e+02	1.938170000000000073e+02	1.944579999999999984e+02	1.950070000000000050e+02	1.952820000000000107e+02	1.957860000000000014e+02	1.963350000000000080e+02	1.967930000000000064e+02	1.974339999999999975e+02	1.979830000000000041e+02	1.985089999999999861e+02	1.988979999999999961e+02	1.993329999999999984e+02	1.997909999999999968e+02	2.002259999999999991e+02	2.005459999999999923e+02	1.986009999999999991e+02	1.988520000000000039e+02	1.991500000000000057e+02	1.997220000000000084e+02	2.000430000000000064e+02	2.003629999999999995e+02	2.006610000000000014e+02	2.009350000000000023e+02	2.011409999999999911e+02	2.013019999999999925e+02	2.016910000000000025e+02	2.017139999999999986e+02	2.021030000000000086e+02	2.022400000000000091e+02	2.023089999999999975e+02	2.027659999999999911e+02	2.028350000000000080e+02	2.028580000000000041e+02
1.000000000000000000e+00	2.224499999999999886e+02	2.069780000000000086e+02	1.912309999999999945e+02	1.760099999999999909e+02	1.629639999999999986e+02	1.501009999999999991e+02	1.390229999999999961e+02	1.300049999999999955e+02	1.224060000000000059e+02	1.161350000000000051e+02	1.109849999999999994e+02	1.061550000000000011e+02	1.024699999999999989e+02	9.871699999999999875e+01	9.462000000000000455e+01	9.075199999999999534e+01	8.738700000000000045e+01	8.418300000000000693e+01	8.184799999999999898e+01	7.946800000000000352e+01	7.749899999999999523e+01	7.573699999999999477e+01	7.422599999999999909e+01	7.301300000000000523e+01	7.198300000000000409e+01	7.104500000000000171e+01	7.015200000000000102e+01	6.932800000000000296e+01	6.857299999999999329e+01	6.797799999999999443e+01	6.742900000000000205e+01	6.694799999999999329e+01	6.651300000000000523e+01	6.610099999999999909e+01	6.582599999999999341e+01	6.571200000000000330e+01	6.555200000000000671e+01	6.532299999999999329e+01	6.500199999999999534e+01	6.488800000000000523e+01	6.472799999999999443e+01	6.456799999999999784e+01	6.447599999999999909e+01	6.447599999999999909e+01	6.431600000000000250e+01	6.438400000000000034e+01	6.431600000000000250e+01	6.443000000000000682e+01	6.459000000000000341e+01	6.475100000000000477e+01	6.500199999999999534e+01	6.486499999999999488e+01	6.484199999999999875e+01	6.502500000000000568e+01	6.548300000000000409e+01	6.555200000000000671e+01	6.578100000000000591e+01	6.617000000000000171e+01	6.667300000000000182e+01	6.676500000000000057e+01	6.676500000000000057e+01	6.706199999999999761e+01	6.738299999999999557e+01	6.795499999999999829e+01	6.811499999999999488e+01	6.843600000000000705e+01	6.866500000000000625e+01	6.877899999999999636e+01	6.887099999999999511e+01	6.923699999999999477e+01	6.937399999999999523e+01	6.951099999999999568e+01	6.955700000000000216e+01	6.976300000000000523e+01	6.985500000000000398e+01	6.994599999999999795e+01	7.102200000000000557e+01	7.125100000000000477e+01	7.134199999999999875e+01	7.150300000000000011e+01	7.168600000000000705e+01	7.193800000000000239e+01	7.214400000000000546e+01	7.234999999999999432e+01	7.255599999999999739e+01	7.292199999999999704e+01	7.317400000000000659e+01	7.333400000000000318e+01	7.365399999999999636e+01	7.388299999999999557e+01	7.413500000000000512e+01	7.434099999999999397e+01	7.454699999999999704e+01	7.482099999999999795e+01	7.502700000000000102e+01	7.530200000000000671e+01	7.550799999999999557e+01	7.621800000000000352e+01	7.651500000000000057e+01	7.688100000000000023e+01	7.720199999999999818e+01	7.756799999999999784e+01	7.791100000000000136e+01	7.823199999999999932e+01	7.871200000000000330e+01	7.919299999999999784e+01	7.967400000000000659e+01	8.029200000000000159e+01	8.086400000000000432e+01	8.148199999999999932e+01	8.246599999999999397e+01	8.310699999999999932e+01	8.418300000000000693e+01	8.514400000000000546e+01	8.651699999999999591e+01	8.795900000000000318e+01	8.965300000000000580e+01	9.168999999999999773e+01	9.375000000000000000e+01	9.640500000000000114e+01	9.906000000000000227e+01	1.021959999999999980e+02	1.052630000000000052e+02	1.088329999999999984e+02	1.126099999999999994e+02	1.163409999999999940e+02	1.201860000000000070e+02	1.242830000000000013e+02	1.281049999999999898e+02	1.319960000000000093e+02	1.356349999999999909e+02	1.395720000000000027e+02	1.431659999999999968e+02	1.465759999999999934e+02	1.502379999999999995e+02	1.539459999999999980e+02	1.572880000000000109e+02	1.599660000000000082e+02	1.631469999999999914e+02	1.661680000000000064e+02	1.688000000000000114e+02	1.712719999999999914e+02	1.737899999999999920e+02	1.762620000000000005e+02	1.782529999999999859e+02	1.804279999999999973e+02	1.828079999999999927e+02	1.845020000000000095e+02	1.864699999999999989e+02	1.883240000000000123e+02	1.898799999999999955e+02	1.917570000000000050e+02	1.933820000000000050e+02	1.947560000000000002e+02	1.962199999999999989e+02	1.978679999999999950e+02	1.989670000000000130e+02	2.003400000000000034e+02	2.016450000000000102e+02	2.027889999999999873e+02	2.040020000000000095e+02	2.051930000000000121e+02	2.063600000000000136e+02	2.072980000000000018e+02	2.084199999999999875e+02	2.096100000000000136e+02	2.106399999999999864e+02	2.117609999999999957e+02	2.128830000000000098e+02	2.137990000000000066e+02	2.148739999999999952e+02	2.157899999999999920e+02	2.168880000000000052e+02	2.177810000000000059e+02	2.186740000000000066e+02	2.196579999999999870e+02	2.206189999999999998e+02	2.214430000000000121e+02	2.220610000000000070e+02	2.229079999999999870e+02	2.237779999999999916e+02	2.246250000000000000e+02	2.253340000000000032e+02	2.263180000000000121e+02	2.269590000000000032e+02	2.278290000000000077e+02	2.286529999999999916e+02	2.296599999999999966e+02	2.305300000000000011e+02
1.000000000000000000e+00	3.236619999999999777e+02	2.916870000000000118e+02	2.658000000000000114e+02	2.401889999999999930e+02	2.189029999999999916e+02	1.996539999999999964e+02	1.816639999999999873e+02	1.692810000000000059e+02	1.574480000000000075e+02	1.490020000000000095e+02	1.415180000000000007e+02	1.354290000000000020e+02	1.308750000000000000e+02	1.256099999999999994e+02	1.213299999999999983e+02	1.177139999999999986e+02	1.135480000000000018e+02	1.079180000000000064e+02	1.036380000000000052e+02	9.908299999999999841e+01	9.551200000000000045e+01	9.228499999999999659e+01	8.976699999999999591e+01	8.782200000000000273e+01	8.612800000000000011e+01	8.475499999999999545e+01	8.354200000000000159e+01	8.271800000000000352e+01	8.187099999999999511e+01	8.111599999999999966e+01	8.079500000000000171e+01	8.029200000000000159e+01	7.990300000000000580e+01	7.962800000000000011e+01	7.987999999999999545e+01	7.949099999999999966e+01	7.958199999999999363e+01	7.969700000000000273e+01	8.001699999999999591e+01	8.006300000000000239e+01	8.006300000000000239e+01	8.015399999999999636e+01	8.022299999999999898e+01	8.040600000000000591e+01	8.058899999999999864e+01	8.070399999999999352e+01	8.100100000000000477e+01	8.127599999999999625e+01	8.125300000000000011e+01	8.184799999999999898e+01	8.168800000000000239e+01	8.214600000000000080e+01	8.278700000000000614e+01	8.345000000000000284e+01	8.361100000000000421e+01	8.400000000000000000e+01	8.438899999999999579e+01	8.480100000000000193e+01	8.493800000000000239e+01	8.521299999999999386e+01	8.541899999999999693e+01	8.580800000000000693e+01	8.592199999999999704e+01	8.637999999999999545e+01	8.706699999999999307e+01	8.768500000000000227e+01	8.809699999999999420e+01	8.832599999999999341e+01	8.848600000000000421e+01	8.905800000000000693e+01	8.912699999999999534e+01	8.942400000000000659e+01	8.976699999999999591e+01	9.027100000000000080e+01	9.040800000000000125e+01	9.123199999999999932e+01	9.130100000000000193e+01	9.242199999999999704e+01	9.249099999999999966e+01	9.265099999999999625e+01	9.306300000000000239e+01	9.340699999999999648e+01	9.423099999999999454e+01	9.544400000000000261e+01	9.553499999999999659e+01	9.608499999999999375e+01	9.807599999999999341e+01	9.796099999999999852e+01	9.807599999999999341e+01	9.830500000000000682e+01	9.837300000000000466e+01	9.851099999999999568e+01	9.894599999999999795e+01	9.933499999999999375e+01	9.960899999999999466e+01	9.993000000000000682e+01	1.001820000000000022e+02	1.006389999999999958e+02	1.010280000000000058e+02	1.012800000000000011e+02	1.016460000000000008e+02	1.024249999999999972e+02	1.027219999999999942e+02	1.032710000000000008e+02	1.035690000000000026e+02	1.040040000000000049e+02	1.043700000000000045e+02	1.046910000000000025e+02	1.050109999999999957e+02	1.053310000000000031e+02	1.058349999999999937e+02	1.064069999999999965e+02	1.068880000000000052e+02	1.074830000000000041e+02	1.081239999999999952e+02	1.091310000000000002e+02	1.099779999999999944e+02	1.112139999999999986e+02	1.118550000000000040e+02	1.127930000000000064e+02	1.138229999999999933e+02	1.149899999999999949e+02	1.162259999999999991e+02	1.175310000000000059e+02	1.189039999999999964e+02	1.205060000000000002e+02	1.220859999999999985e+02	1.237560000000000002e+02	1.258850000000000051e+02	1.278310000000000031e+02	1.298220000000000027e+02	1.319050000000000011e+02	1.341479999999999961e+02	1.364819999999999993e+02	1.388629999999999995e+02	1.410829999999999984e+02	1.446990000000000123e+02	1.464840000000000089e+02	1.491169999999999902e+02	1.517719999999999914e+02	1.543350000000000080e+02	1.570360000000000014e+02	1.603319999999999936e+02	1.629639999999999986e+02	1.656649999999999920e+02	1.681819999999999879e+02	1.706090000000000089e+02	1.730120000000000005e+02	1.753919999999999959e+02	1.779099999999999966e+02	1.801990000000000123e+02	1.825099999999999909e+02	1.845469999999999970e+02	1.864699999999999989e+02	1.889879999999999995e+02	1.909099999999999966e+02	1.922379999999999995e+02	1.941380000000000052e+02	1.955339999999999918e+02	1.969530000000000030e+02	1.983259999999999934e+02	2.000200000000000102e+02	2.010730000000000075e+02	2.032239999999999895e+02	2.045289999999999964e+02	2.068859999999999957e+02	2.077560000000000002e+02	2.080310000000000059e+02	2.089689999999999941e+02	2.097239999999999895e+02	2.107769999999999868e+02	2.116009999999999991e+02	2.121959999999999980e+02	2.130889999999999986e+02	2.137299999999999898e+02	2.145080000000000098e+02	2.155380000000000109e+02	2.162249999999999943e+02	2.179869999999999948e+02	2.186279999999999859e+02	2.189250000000000114e+02	2.196579999999999870e+02	2.201390000000000100e+02	2.214199999999999875e+02	2.220840000000000032e+02	2.225879999999999939e+02	2.228619999999999948e+02	2.233199999999999932e+02	2.246479999999999961e+02
0.000000000000000000e+00	1.620709999999999980e+02	1.476519999999999868e+02	1.350399999999999920e+02	1.235729999999999933e+02	1.136170000000000044e+02	1.056059999999999945e+02	9.880800000000000693e+01	9.388700000000000045e+01	9.001900000000000546e+01	8.619700000000000273e+01	8.569299999999999784e+01	8.413700000000000045e+01	8.271800000000000352e+01	8.168800000000000239e+01	8.081799999999999784e+01	8.004000000000000625e+01	7.928499999999999659e+01	7.889600000000000080e+01	7.832299999999999329e+01	7.784300000000000352e+01	7.740800000000000125e+01	7.720199999999999818e+01	7.674399999999999977e+01	7.635500000000000398e+01	7.614900000000000091e+01	7.537099999999999511e+01	7.482099999999999795e+01	7.424899999999999523e+01	7.372299999999999898e+01	7.331100000000000705e+01	7.292199999999999704e+01	7.251000000000000512e+01	7.225799999999999557e+01	7.207500000000000284e+01	7.202899999999999636e+01	7.202899999999999636e+01	7.195999999999999375e+01	7.189199999999999591e+01	7.193800000000000239e+01	7.198300000000000409e+01	7.205200000000000671e+01	7.221200000000000330e+01	7.230400000000000205e+01	7.244100000000000250e+01	7.285299999999999443e+01	7.289900000000000091e+01	7.303600000000000136e+01	7.335699999999999932e+01	7.363100000000000023e+01	7.381399999999999295e+01	7.406600000000000250e+01	7.434099999999999397e+01	7.461499999999999488e+01	7.509600000000000364e+01	7.546200000000000330e+01	7.576000000000000512e+01	7.614900000000000091e+01	7.644700000000000273e+01	7.685899999999999466e+01	7.733899999999999864e+01	7.768200000000000216e+01	7.804900000000000659e+01	7.852899999999999636e+01	7.891800000000000637e+01	7.928499999999999659e+01	7.994799999999999329e+01	8.031499999999999773e+01	8.068099999999999739e+01	8.113899999999999579e+01	8.161899999999999977e+01	8.193999999999999773e+01	8.230599999999999739e+01	8.251200000000000045e+01	8.271800000000000352e+01	8.287800000000000011e+01	8.299299999999999500e+01	8.317600000000000193e+01	8.333599999999999852e+01	8.358799999999999386e+01	8.367900000000000205e+01	8.374800000000000466e+01	8.386199999999999477e+01	8.388500000000000512e+01	8.404500000000000171e+01	8.418300000000000693e+01	8.422899999999999920e+01	8.445699999999999363e+01	8.459499999999999886e+01	8.461799999999999500e+01	8.477800000000000580e+01	8.493800000000000239e+01	8.498399999999999466e+01	8.523600000000000421e+01	8.532699999999999818e+01	8.539600000000000080e+01	8.560200000000000387e+01	8.580800000000000693e+01	8.585399999999999920e+01	8.596800000000000352e+01	8.615099999999999625e+01	8.626600000000000534e+01	8.642600000000000193e+01	8.665500000000000114e+01	8.670000000000000284e+01	8.692900000000000205e+01	8.699800000000000466e+01	8.715800000000000125e+01	8.736400000000000432e+01	8.750199999999999534e+01	8.754699999999999704e+01	8.770799999999999841e+01	8.777599999999999625e+01	8.793600000000000705e+01	8.807399999999999807e+01	8.821099999999999852e+01	8.837099999999999511e+01	8.869199999999999307e+01	8.876000000000000512e+01	8.873699999999999477e+01	8.892100000000000648e+01	8.892100000000000648e+01	8.901200000000000045e+01	8.917199999999999704e+01	8.903499999999999659e+01	8.912699999999999534e+01	8.926399999999999579e+01	8.937800000000000011e+01	8.940099999999999625e+01	8.931000000000000227e+01	8.933299999999999841e+01	8.942400000000000659e+01	8.949299999999999500e+01	8.972199999999999420e+01	8.976699999999999591e+01	8.990500000000000114e+01	8.988200000000000500e+01	9.006499999999999773e+01	9.011100000000000421e+01	9.027100000000000080e+01	9.050000000000000000e+01	9.061400000000000432e+01	9.077500000000000568e+01	9.086599999999999966e+01	9.095799999999999841e+01	9.107200000000000273e+01	9.111799999999999500e+01	9.141500000000000625e+01	9.143800000000000239e+01	9.155299999999999727e+01	9.164400000000000546e+01	9.162099999999999511e+01	9.180500000000000682e+01	9.187300000000000466e+01	9.191899999999999693e+01	9.207899999999999352e+01	9.219400000000000261e+01	9.230800000000000693e+01	9.246800000000000352e+01	9.260599999999999454e+01	9.262800000000000011e+01	9.265099999999999625e+01	9.276600000000000534e+01	9.281199999999999761e+01	9.278900000000000148e+01	9.290300000000000580e+01	9.306300000000000239e+01	9.308599999999999852e+01	9.308599999999999852e+01	9.310899999999999466e+01	9.322400000000000375e+01	9.326900000000000546e+01	9.340699999999999648e+01	9.345199999999999818e+01	9.349800000000000466e+01	9.361299999999999955e+01	9.356699999999999307e+01	9.356699999999999307e+01	9.370399999999999352e+01	9.384199999999999875e+01	9.379600000000000648e+01	9.393300000000000693e+01	9.395600000000000307e+01	9.395600000000000307e+01	9.404800000000000182e+01	9.409300000000000352e+01	9.411599999999999966e+01	9.406999999999999318e+01	9.413899999999999579e+01	9.416200000000000614e+01
0.000000000000000000e+00	4.348530000000000086e+02	3.772660000000000196e+02	3.311229999999999905e+02	2.928999999999999773e+02	2.616580000000000155e+02	2.349929999999999950e+02	2.136610000000000014e+02	1.969759999999999991e+02	1.847529999999999859e+02	1.746370000000000005e+02	1.674039999999999964e+02	1.617280000000000086e+02	1.570130000000000052e+02	1.528700000000000045e+02	1.485900000000000034e+02	1.453629999999999995e+02	1.420209999999999866e+02	1.387709999999999866e+02	1.354060000000000059e+02	1.317669999999999959e+02	1.285860000000000127e+02	1.257480000000000047e+02	1.233900000000000006e+02	1.212159999999999940e+02	1.194989999999999952e+02	1.182630000000000052e+02	1.167759999999999962e+02	1.154249999999999972e+02	1.140750000000000028e+02	1.130679999999999978e+02	1.119000000000000057e+02	1.111680000000000064e+02	1.105270000000000010e+02	1.099320000000000022e+02	1.094060000000000059e+02	1.088329999999999984e+02	1.081470000000000056e+02	1.080550000000000068e+02	1.078259999999999934e+02	1.076200000000000045e+02	1.074140000000000015e+02	1.083979999999999961e+02	1.084440000000000026e+02	1.083979999999999961e+02	1.086269999999999953e+02	1.088100000000000023e+02	1.088329999999999984e+02	1.091770000000000067e+02	1.097259999999999991e+02	1.100919999999999987e+02	1.099090000000000060e+02	1.105729999999999933e+02	1.112369999999999948e+02	1.114650000000000034e+02	1.118319999999999936e+02	1.124500000000000028e+02	1.131129999999999995e+02	1.136629999999999967e+02	1.140520000000000067e+02	1.147159999999999940e+02	1.153559999999999945e+02	1.157000000000000028e+02	1.162030000000000030e+02	1.167980000000000018e+02	1.177600000000000051e+02	1.183089999999999975e+02	1.188810000000000002e+02	1.194530000000000030e+02	1.199800000000000040e+02	1.205289999999999964e+02	1.211929999999999978e+02	1.218110000000000070e+02	1.224290000000000020e+02	1.230240000000000009e+02	1.237109999999999985e+02	1.241910000000000025e+02	1.248319999999999936e+02	1.255190000000000055e+02	1.260679999999999978e+02	1.268010000000000019e+02	1.271209999999999951e+02	1.278529999999999944e+02	1.283340000000000032e+02	1.291810000000000116e+02	1.297299999999999898e+02	1.303480000000000132e+02	1.310120000000000005e+02	1.318820000000000050e+02	1.323619999999999948e+02	1.327740000000000009e+02	1.332090000000000032e+02	1.337589999999999861e+02	1.342620000000000005e+02	1.346970000000000027e+02	1.350399999999999920e+02	1.356579999999999870e+02	1.362299999999999898e+02	1.368940000000000055e+02	1.373979999999999961e+02	1.379470000000000027e+02	1.385190000000000055e+02	1.392059999999999889e+02	1.398470000000000084e+02	1.404650000000000034e+02	1.409449999999999932e+02	1.416090000000000089e+02	1.422959999999999923e+02	1.430970000000000084e+02	1.436690000000000111e+02	1.442870000000000061e+02	1.448820000000000050e+02	1.456150000000000091e+02	1.462330000000000041e+02	1.467820000000000107e+02	1.473079999999999927e+02	1.477889999999999873e+02	1.481090000000000089e+02	1.485440000000000111e+02	1.489329999999999927e+02	1.492309999999999945e+02	1.495060000000000002e+02	1.498489999999999895e+02	1.499629999999999939e+02	1.502609999999999957e+02	1.509019999999999868e+02	1.507870000000000061e+02	1.511990000000000123e+02	1.514739999999999895e+02	1.517719999999999914e+02	1.520000000000000000e+02	1.521380000000000052e+02	1.523439999999999941e+02	1.523209999999999980e+02	1.524809999999999945e+02	1.525730000000000075e+02	1.527330000000000041e+02	1.529159999999999968e+02	1.527789999999999964e+02	1.528930000000000007e+02	1.529619999999999891e+02	1.531450000000000102e+02	1.532139999999999986e+02	1.534190000000000111e+02	1.534650000000000034e+02	1.536709999999999923e+02	1.537630000000000052e+02	1.532359999999999900e+02	1.533509999999999991e+02	1.535339999999999918e+02	1.535339999999999918e+02	1.536479999999999961e+02	1.539000000000000057e+02	1.536709999999999923e+02	1.537400000000000091e+02	1.538089999999999975e+02	1.538540000000000134e+02	1.540149999999999864e+02	1.542429999999999950e+02	1.543120000000000118e+02	1.543810000000000002e+02	1.543580000000000041e+02	1.544490000000000123e+02	1.544950000000000045e+02	1.544490000000000123e+02	1.544720000000000084e+02	1.547239999999999895e+02	1.547930000000000064e+02	1.546330000000000098e+02	1.547700000000000102e+02	1.547930000000000064e+02	1.547930000000000064e+02	1.548389999999999986e+02	1.548389999999999986e+02	1.547930000000000064e+02	1.547930000000000064e+02	1.549530000000000030e+02	1.548160000000000025e+02	1.548389999999999986e+02	1.547930000000000064e+02	1.547930000000000064e+02	1.549759999999999991e+02	1.549759999999999991e+02	1.549989999999999952e+02	1.549530000000000030e+02	1.550670000000000073e+02	1.549759999999999991e+02	1.550900000000000034e+02	1.550900000000000034e+02	1.551359999999999957e+02
1.000000000000000000e+00	2.951659999999999968e+02	2.639010000000000105e+02	2.357940000000000111e+02	2.110519999999999925e+02	1.892620000000000005e+02	1.721649999999999920e+02	1.585689999999999884e+02	1.478120000000000118e+02	1.389540000000000077e+02	1.317210000000000036e+02	1.260220000000000056e+02	1.213299999999999983e+02	1.173020000000000067e+02	1.141889999999999930e+02	1.110759999999999934e+02	1.082609999999999957e+02	1.062699999999999960e+02	1.047590000000000003e+02	1.033859999999999957e+02	1.021269999999999953e+02	1.010739999999999981e+02	1.002500000000000000e+02	9.937999999999999545e+01	9.869400000000000261e+01	9.803000000000000114e+01	9.741200000000000614e+01	9.722899999999999920e+01	9.668000000000000682e+01	9.603900000000000148e+01	9.555800000000000693e+01	9.468800000000000239e+01	9.361299999999999955e+01	9.271999999999999886e+01	9.207899999999999352e+01	9.120900000000000318e+01	9.070600000000000307e+01	9.011100000000000421e+01	8.969899999999999807e+01	8.944700000000000273e+01	8.921800000000000352e+01	8.889799999999999613e+01	8.885200000000000387e+01	8.871500000000000341e+01	8.871500000000000341e+01	8.882899999999999352e+01	8.882899999999999352e+01	8.889799999999999613e+01	8.910399999999999920e+01	8.924099999999999966e+01	8.944700000000000273e+01	8.976699999999999591e+01	8.995099999999999341e+01	9.011100000000000421e+01	9.040800000000000125e+01	9.070600000000000307e+01	9.081999999999999318e+01	9.120900000000000318e+01	9.162099999999999511e+01	9.182699999999999818e+01	9.221599999999999397e+01	9.281199999999999761e+01	9.320099999999999341e+01	9.397899999999999920e+01	9.445999999999999375e+01	9.475700000000000500e+01	9.528400000000000603e+01	9.581000000000000227e+01	9.619899999999999807e+01	9.686299999999999955e+01	9.745799999999999841e+01	9.777800000000000580e+01	9.841899999999999693e+01	9.901399999999999579e+01	9.942600000000000193e+01	1.000439999999999969e+02	1.005939999999999941e+02	1.011659999999999968e+02	1.019899999999999949e+02	1.026989999999999981e+02	1.032259999999999991e+02	1.039809999999999945e+02	1.048509999999999991e+02	1.055600000000000023e+02	1.066359999999999957e+02	1.077579999999999956e+02	1.087420000000000044e+02	1.101610000000000014e+02	1.116029999999999944e+02	1.130450000000000017e+02	1.148070000000000022e+02	1.165699999999999932e+02	1.185150000000000006e+02	1.207349999999999994e+02	1.231839999999999975e+02	1.255870000000000033e+02	1.284259999999999877e+02	1.311719999999999970e+02	1.345140000000000100e+02	1.380159999999999911e+02	1.414259999999999877e+02	1.447450000000000045e+02	1.483839999999999861e+02	1.517259999999999991e+02	1.548160000000000025e+02	1.584780000000000086e+02	1.616819999999999879e+02	1.647259999999999991e+02	1.677700000000000102e+02	1.705169999999999959e+02	1.730120000000000005e+02	1.756899999999999977e+02	1.780929999999999893e+02	1.801759999999999877e+02	1.822359999999999900e+02	1.842040000000000077e+02	1.859660000000000082e+02	1.878890000000000100e+02	1.896970000000000027e+02	1.910480000000000018e+02	1.927870000000000061e+02	1.954190000000000111e+02	1.967239999999999895e+02	1.981659999999999968e+02	1.993789999999999907e+02	2.003170000000000073e+02	2.014159999999999968e+02	2.021709999999999923e+02	2.029720000000000084e+02	2.034759999999999991e+02	2.039569999999999936e+02	2.045749999999999886e+02	2.054209999999999923e+02	2.059710000000000036e+02	2.064739999999999895e+02	2.072750000000000057e+02	2.077789999999999964e+02	2.080540000000000020e+02	2.086719999999999970e+02	2.088089999999999975e+02	2.091059999999999945e+02	2.098619999999999948e+02	2.097700000000000102e+02	2.099300000000000068e+02	2.104110000000000014e+02	2.107090000000000032e+02	2.111659999999999968e+02	2.114180000000000064e+02	2.116699999999999875e+02	2.120589999999999975e+02	2.123340000000000032e+02	2.129290000000000020e+02	2.128830000000000098e+02	2.133180000000000121e+02	2.135240000000000009e+02	2.136610000000000014e+02	2.141419999999999959e+02	2.143019999999999925e+02	2.143710000000000093e+02	2.150569999999999879e+02	2.153319999999999936e+02	2.154240000000000066e+02	2.158360000000000127e+02	2.161790000000000020e+02	2.162019999999999982e+02	2.164989999999999952e+02	2.167280000000000086e+02	2.168880000000000052e+02	2.173000000000000114e+02	2.175980000000000132e+02	2.175980000000000132e+02	2.178729999999999905e+02	2.184219999999999970e+02	2.184219999999999970e+02	2.185819999999999936e+02	2.184449999999999932e+02	2.186970000000000027e+02	2.189029999999999916e+02	2.191310000000000002e+02	2.193149999999999977e+02	2.192690000000000055e+02	2.194749999999999943e+02	2.194979999999999905e+02	2.196119999999999948e+02	2.196810000000000116e+02	2.190399999999999920e+02	2.192690000000000055e+02	2.194979999999999905e+02	2.194979999999999905e+02	2.197270000000000039e+02
1.000000000000000000e+00	3.225860000000000127e+02	2.961270000000000095e+02	2.734909999999999854e+02	2.544939999999999998e+02	2.365720000000000027e+02	2.207789999999999964e+02	2.066349999999999909e+02	1.934279999999999973e+02	1.825560000000000116e+02	1.723019999999999925e+02	1.633760000000000048e+02	1.550670000000000073e+02	1.480180000000000007e+02	1.421589999999999918e+02	1.373750000000000000e+02	1.330029999999999859e+02	1.287690000000000055e+02	1.211009999999999991e+02	1.156310000000000002e+02	1.100919999999999987e+02	1.059950000000000045e+02	1.026080000000000041e+02	9.883100000000000307e+01	9.587900000000000489e+01	9.301800000000000068e+01	9.084300000000000352e+01	8.894299999999999784e+01	8.779900000000000659e+01	8.660899999999999466e+01	8.544199999999999307e+01	8.461799999999999500e+01	8.383899999999999864e+01	8.345000000000000284e+01	8.319899999999999807e+01	8.310699999999999932e+01	8.303799999999999670e+01	8.301500000000000057e+01	8.310699999999999932e+01	8.303799999999999670e+01	8.306100000000000705e+01	8.319899999999999807e+01	8.351900000000000546e+01	8.356499999999999773e+01	8.393099999999999739e+01	8.383899999999999864e+01	8.404500000000000171e+01	8.436599999999999966e+01	8.450300000000000011e+01	8.484600000000000364e+01	8.491500000000000625e+01	8.489199999999999591e+01	8.512099999999999511e+01	8.576200000000000045e+01	8.681499999999999773e+01	8.777599999999999625e+01	8.871500000000000341e+01	8.956100000000000705e+01	9.036299999999999955e+01	9.120900000000000318e+01	9.203300000000000125e+01	9.283400000000000318e+01	9.365800000000000125e+01	9.441400000000000148e+01	9.532899999999999352e+01	9.599299999999999500e+01	9.684000000000000341e+01	9.761799999999999500e+01	9.828199999999999648e+01	9.903700000000000614e+01	9.986100000000000421e+01	1.006620000000000061e+02	1.014180000000000064e+02	1.022420000000000044e+02	1.030430000000000064e+02	1.041179999999999950e+02	1.050570000000000022e+02	1.059270000000000067e+02	1.069339999999999975e+02	1.072540000000000049e+02	1.089710000000000036e+02	1.099320000000000022e+02	1.105270000000000010e+02	1.117399999999999949e+02	1.125639999999999930e+02	1.139140000000000015e+02	1.154249999999999972e+02	1.169129999999999967e+02	1.192019999999999982e+02	1.213760000000000048e+02	1.222229999999999990e+02	1.257019999999999982e+02	1.273040000000000020e+02	1.306229999999999905e+02	1.346049999999999898e+02	1.389770000000000039e+02	1.428449999999999989e+02	1.486359999999999957e+02	1.555709999999999980e+02	1.627350000000000136e+02	1.710430000000000064e+02	1.803590000000000089e+02	1.910709999999999980e+02	2.025600000000000023e+02	2.148509999999999991e+02	2.280349999999999966e+02	2.416080000000000041e+02	2.559130000000000109e+02	2.701490000000000009e+02	2.843629999999999995e+02	2.980960000000000036e+02	3.109359999999999786e+02	3.215790000000000077e+02	3.305049999999999955e+02	3.383559999999999945e+02	3.452450000000000045e+02	3.517679999999999723e+02	3.580860000000000127e+02	3.636469999999999914e+02	3.685000000000000000e+02	3.728709999999999809e+02	3.770830000000000268e+02	3.812479999999999905e+02	3.850020000000000095e+02	3.885729999999999791e+02	3.915480000000000018e+02	3.940659999999999741e+02	3.951190000000000282e+02	3.977740000000000009e+02	4.000169999999999959e+02	4.021220000000000141e+02	4.042049999999999841e+02	4.061739999999999782e+02	4.080280000000000200e+02	4.098820000000000050e+02	4.114610000000000127e+02	4.136580000000000155e+02	4.151460000000000150e+02	4.162219999999999800e+02	4.178700000000000045e+02	4.190369999999999777e+02	4.201809999999999832e+02	4.212110000000000127e+02	4.223790000000000191e+02	4.233170000000000073e+02	4.243469999999999800e+02	4.256970000000000027e+02	4.271619999999999777e+02	4.281689999999999827e+02	4.289250000000000114e+02	4.298860000000000241e+02	4.308700000000000045e+02	4.316019999999999754e+02	4.325869999999999891e+02	4.334789999999999850e+02	4.345779999999999745e+02	4.354019999999999868e+02	4.361340000000000146e+02	4.365690000000000168e+02	4.372559999999999718e+02	4.379429999999999836e+02	4.386059999999999945e+02	4.396820000000000164e+02	4.403000000000000114e+02	4.406659999999999968e+02	4.409409999999999741e+02	4.411929999999999836e+02	4.412610000000000241e+02	4.413070000000000164e+02	4.416499999999999773e+02	4.417420000000000186e+02	4.413530000000000086e+02	4.412610000000000241e+02	4.408720000000000141e+02	4.405059999999999718e+02	4.399110000000000014e+02	4.394529999999999745e+02	4.393159999999999741e+02	4.388349999999999795e+02	4.387440000000000282e+02	4.386290000000000191e+02	4.386979999999999791e+02	4.386059999999999945e+02	4.392930000000000064e+02	4.392930000000000064e+02	4.392930000000000064e+02	4.393389999999999986e+02	4.395679999999999836e+02	4.399569999999999936e+02	4.404830000000000041e+02
1.000000000000000000e+00	1.867899999999999920e+02	1.703569999999999993e+02	1.560970000000000084e+02	1.427309999999999945e+02	1.308520000000000039e+02	1.210780000000000030e+02	1.128850000000000051e+02	1.064300000000000068e+02	1.013719999999999999e+02	9.741200000000000614e+01	9.455100000000000193e+01	9.201000000000000512e+01	8.983599999999999852e+01	8.802800000000000580e+01	8.631100000000000705e+01	8.521299999999999386e+01	8.404500000000000171e+01	8.299299999999999500e+01	8.191700000000000159e+01	8.020000000000000284e+01	7.855200000000000671e+01	7.665300000000000580e+01	7.500499999999999545e+01	7.360800000000000409e+01	7.230400000000000205e+01	7.122799999999999443e+01	7.035800000000000409e+01	6.969499999999999318e+01	7.003799999999999670e+01	6.990099999999999625e+01	6.985500000000000398e+01	6.994599999999999795e+01	6.992300000000000182e+01	6.987800000000000011e+01	6.999200000000000443e+01	7.022100000000000364e+01	7.029000000000000625e+01	7.029000000000000625e+01	7.045000000000000284e+01	7.090800000000000125e+01	7.095300000000000296e+01	7.129699999999999704e+01	7.168600000000000705e+01	7.189199999999999591e+01	7.216599999999999682e+01	7.237199999999999989e+01	7.271599999999999397e+01	7.312800000000000011e+01	7.358599999999999852e+01	7.370000000000000284e+01	7.401999999999999602e+01	7.434099999999999397e+01	7.454699999999999704e+01	7.482099999999999795e+01	7.518800000000000239e+01	7.603499999999999659e+01	7.644700000000000273e+01	7.685899999999999466e+01	7.697299999999999898e+01	7.731600000000000250e+01	7.747700000000000387e+01	7.777400000000000091e+01	7.816299999999999670e+01	7.852899999999999636e+01	7.884999999999999432e+01	7.914700000000000557e+01	7.962800000000000011e+01	7.997100000000000364e+01	8.022299999999999898e+01	8.077200000000000557e+01	8.113899999999999579e+01	8.148199999999999932e+01	8.187099999999999511e+01	8.260299999999999443e+01	8.278700000000000614e+01	8.315300000000000580e+01	8.347299999999999898e+01	8.461799999999999500e+01	8.500700000000000500e+01	8.528100000000000591e+01	8.567000000000000171e+01	8.603700000000000614e+01	8.649399999999999977e+01	8.681499999999999773e+01	8.725000000000000000e+01	8.770799999999999841e+01	8.816500000000000625e+01	8.859999999999999432e+01	8.903499999999999659e+01	8.946999999999999886e+01	8.990500000000000114e+01	9.056900000000000261e+01	9.100300000000000011e+01	9.143800000000000239e+01	9.187300000000000466e+01	9.237699999999999534e+01	9.285699999999999932e+01	9.336100000000000421e+01	9.386400000000000432e+01	9.455100000000000193e+01	9.523799999999999955e+01	9.569499999999999318e+01	9.647400000000000375e+01	9.720600000000000307e+01	9.818999999999999773e+01	9.915200000000000102e+01	1.003880000000000052e+02	1.018070000000000022e+02	1.034090000000000060e+02	1.055150000000000006e+02	1.078259999999999934e+02	1.104579999999999984e+02	1.137309999999999945e+02	1.173930000000000007e+02	1.212620000000000005e+02	1.257019999999999982e+02	1.305310000000000059e+02	1.358180000000000121e+02	1.410600000000000023e+02	1.465529999999999973e+02	1.522059999999999889e+02	1.575389999999999873e+02	1.625519999999999925e+02	1.674039999999999964e+02	1.720500000000000114e+02	1.761469999999999914e+02	1.800380000000000109e+02	1.835169999999999959e+02	1.864929999999999950e+02	1.892620000000000005e+02	1.917340000000000089e+02	1.941150000000000091e+02	1.960600000000000023e+02	1.978230000000000075e+02	1.996990000000000123e+02	2.013240000000000123e+02	2.020569999999999879e+02	2.047119999999999891e+02	2.052839999999999918e+02	2.063600000000000136e+02	2.068629999999999995e+02	2.086030000000000086e+02	2.103880000000000052e+02	2.091059999999999945e+02	2.116699999999999875e+02	2.110060000000000002e+02	2.118300000000000125e+02	2.132719999999999914e+02	2.132949999999999875e+02	2.134319999999999879e+02	2.143019999999999925e+02	2.148060000000000116e+02	2.157439999999999998e+02	2.159730000000000132e+02	2.162930000000000064e+02	2.163389999999999986e+02	2.170939999999999941e+02	2.170029999999999859e+02	2.171399999999999864e+02	2.177580000000000098e+02	2.180560000000000116e+02	2.181699999999999875e+02	2.185589999999999975e+02	2.193830000000000098e+02	2.196119999999999948e+02	2.196349999999999909e+02	2.203669999999999902e+02	2.200699999999999932e+02	2.199329999999999927e+02	2.206419999999999959e+02	2.215120000000000005e+02	2.207340000000000089e+02	2.211229999999999905e+02	2.215579999999999927e+02	2.218779999999999859e+02	2.220149999999999864e+02	2.218779999999999859e+02	2.221759999999999877e+02	2.221069999999999993e+02	2.234569999999999936e+02	2.220149999999999864e+02	2.226330000000000098e+02	2.234799999999999898e+02	2.226560000000000059e+02	2.210310000000000059e+02	2.229770000000000039e+02	2.224499999999999886e+02	2.231599999999999966e+02	2.230449999999999875e+02
1.000000000000000000e+00	4.979320000000000164e+02	4.311899999999999977e+02	3.725049999999999955e+02	3.267749999999999773e+02	2.866970000000000027e+02	2.582930000000000064e+02	2.392500000000000000e+02	2.238240000000000123e+02	2.116699999999999875e+02	2.022400000000000091e+02	1.953509999999999991e+02	1.899490000000000123e+02	1.855320000000000107e+02	1.815949999999999989e+02	1.783899999999999864e+02	1.757129999999999939e+02	1.734699999999999989e+02	1.712489999999999952e+02	1.695329999999999870e+02	1.680219999999999914e+02	1.668779999999999859e+02	1.670380000000000109e+02	1.662139999999999986e+02	1.653439999999999941e+02	1.647949999999999875e+02	1.642909999999999968e+02	1.639710000000000036e+02	1.628720000000000141e+02	1.555480000000000018e+02	1.481550000000000011e+02	1.427990000000000066e+02	1.398470000000000084e+02	1.371690000000000111e+02	1.348569999999999993e+02	1.330490000000000066e+02	1.313549999999999898e+02	1.297760000000000105e+02	1.285629999999999882e+02	1.274180000000000064e+02	1.265259999999999962e+02	1.260220000000000056e+02	1.261140000000000043e+02	1.258850000000000051e+02	1.257939999999999969e+02	1.256099999999999994e+02	1.256329999999999956e+02	1.251299999999999955e+02	1.253359999999999985e+02	1.250840000000000032e+02	1.256329999999999956e+02	1.256790000000000020e+02	1.255649999999999977e+02	1.253130000000000024e+02	1.253589999999999947e+02	1.260000000000000000e+02	1.261140000000000043e+02	1.268689999999999998e+02	1.277159999999999940e+02	1.282419999999999902e+02	1.281279999999999859e+02	1.274410000000000025e+02	1.269609999999999985e+02	1.265720000000000027e+02	1.265939999999999941e+02	1.269150000000000063e+02	1.271209999999999951e+02	1.269839999999999947e+02	1.271670000000000016e+02	1.273040000000000020e+02	1.275100000000000051e+02	1.273269999999999982e+02	1.276700000000000017e+02	1.279449999999999932e+02	1.281740000000000066e+02	1.283340000000000032e+02	1.294780000000000086e+02	1.295699999999999932e+02	1.295010000000000048e+02	1.302570000000000050e+02	1.302110000000000127e+02	1.310120000000000005e+02	1.315159999999999911e+02	1.315380000000000109e+02	1.324770000000000039e+02	1.325229999999999961e+02	1.325229999999999961e+02	1.326599999999999966e+02	1.327059999999999889e+02	1.333689999999999998e+02	1.339869999999999948e+02	1.342849999999999966e+02	1.345370000000000061e+02	1.346279999999999859e+02	1.348799999999999955e+02	1.349490000000000123e+02	1.354749999999999943e+02	1.354749999999999943e+02	1.354979999999999905e+02	1.352690000000000055e+02	1.352920000000000016e+02	1.350629999999999882e+02	1.353609999999999900e+02	1.356349999999999909e+02	1.359099999999999966e+02	1.359559999999999889e+02	1.363220000000000027e+02	1.370769999999999982e+02	1.382450000000000045e+02	1.407390000000000043e+02	1.426390000000000100e+02	1.442870000000000061e+02	1.460949999999999989e+02	1.491850000000000023e+02	1.514970000000000141e+02	1.541980000000000075e+02	1.577220000000000084e+02	1.613389999999999986e+02	1.674039999999999964e+02	1.720730000000000075e+02	1.788019999999999925e+02	1.845240000000000009e+02	1.912079999999999984e+02	1.983029999999999973e+02	2.047580000000000098e+02	2.111440000000000055e+02	2.177580000000000098e+02	2.318340000000000032e+02	2.379000000000000057e+02	2.444230000000000018e+02	2.503050000000000068e+02	2.555920000000000130e+02	2.602160000000000082e+02	2.656859999999999786e+02	2.687069999999999936e+02	2.726899999999999977e+02	2.766720000000000255e+02	2.804490000000000123e+02	2.838140000000000214e+02	2.871549999999999727e+02	2.898330000000000268e+02	2.926019999999999754e+02	2.946619999999999777e+02	2.968829999999999814e+02	2.986680000000000064e+02	3.007280000000000086e+02	3.023530000000000086e+02	3.045040000000000191e+02	3.056720000000000255e+02	3.070219999999999914e+02	3.090819999999999936e+02	3.096309999999999718e+02	3.109590000000000032e+02	3.120350000000000250e+02	3.132479999999999905e+02	3.146440000000000055e+02	3.166120000000000232e+02	3.176650000000000205e+02	3.190160000000000196e+02	3.206410000000000196e+02	3.215099999999999909e+02	3.227459999999999809e+02	3.243029999999999973e+02	3.254010000000000105e+02	3.262479999999999905e+02	3.283539999999999850e+02	3.295439999999999827e+02	3.304599999999999795e+02	3.314440000000000168e+02	3.332749999999999773e+02	3.346019999999999754e+02	3.357699999999999818e+02	3.368220000000000027e+02	3.376460000000000150e+02	3.384929999999999950e+02	3.397520000000000095e+02	3.404619999999999891e+02	3.412400000000000091e+02	3.415830000000000268e+02	3.425219999999999914e+02	3.433000000000000114e+02	3.441240000000000236e+02	3.459089999999999918e+02	3.465729999999999791e+02	3.472370000000000232e+02	3.482669999999999959e+02	3.490910000000000082e+02	3.494569999999999936e+02	3.500980000000000132e+02	3.510360000000000014e+02
0.000000000000000000e+00	3.878860000000000241e+02	3.655240000000000009e+02	3.435520000000000209e+02	3.243709999999999809e+02	3.059239999999999782e+02	2.899019999999999868e+02	2.746580000000000155e+02	2.627789999999999964e+02	2.501220000000000141e+02	2.403029999999999973e+02	2.309650000000000034e+02	2.229540000000000077e+02	2.154459999999999980e+02	2.091980000000000075e+02	2.027439999999999998e+02	1.960600000000000023e+02	1.904530000000000030e+02	1.843640000000000043e+02	1.787110000000000127e+02	1.737669999999999959e+02	1.694639999999999986e+02	1.656189999999999998e+02	1.628950000000000102e+02	1.606289999999999907e+02	1.581570000000000107e+02	1.563489999999999895e+02	1.550670000000000073e+02	1.538540000000000134e+02	1.527789999999999964e+02	1.520920000000000130e+02	1.518400000000000034e+02	1.514509999999999934e+02	1.536479999999999961e+02	1.534420000000000073e+02	1.534879999999999995e+02	1.534650000000000034e+02	1.555709999999999980e+02	1.558000000000000114e+02	1.553650000000000091e+02	1.562800000000000011e+02	1.566920000000000073e+02	1.574480000000000075e+02	1.606059999999999945e+02	1.614079999999999870e+02	1.624830000000000041e+02	1.633069999999999879e+02	1.657560000000000002e+02	1.671299999999999955e+02	1.678849999999999909e+02	1.690289999999999964e+02	1.701510000000000105e+02	1.713870000000000005e+02	1.727829999999999870e+02	1.790999999999999943e+02	1.808400000000000034e+02	1.824420000000000073e+02	1.844329999999999927e+02	1.861040000000000134e+02	1.877980000000000018e+02	1.893770000000000095e+02	1.907500000000000000e+02	1.914819999999999993e+02	1.920089999999999861e+02	1.925120000000000005e+02	1.927870000000000061e+02	1.931299999999999955e+02	1.934050000000000011e+02	1.939540000000000077e+02	1.942750000000000057e+02	1.946179999999999950e+02	1.955800000000000125e+02	1.958770000000000095e+02	1.960829999999999984e+02	1.963580000000000041e+02	1.968379999999999939e+02	1.980970000000000084e+02	1.982119999999999891e+02	1.984629999999999939e+02	1.985089999999999861e+02	1.987379999999999995e+02	1.988520000000000039e+02	1.988069999999999879e+02	1.993559999999999945e+02	1.993559999999999945e+02	1.995620000000000118e+02	1.995620000000000118e+02	2.029499999999999886e+02	2.033160000000000025e+02	2.034070000000000107e+02	2.035680000000000121e+02	2.045289999999999964e+02	2.047119999999999891e+02	2.047350000000000136e+02	2.049410000000000025e+02	2.050320000000000107e+02	2.051699999999999875e+02	2.053069999999999879e+02	2.055130000000000052e+02	2.056730000000000018e+02	2.058329999999999984e+02	2.059250000000000114e+02	2.061080000000000041e+02	2.061769999999999925e+02	2.061310000000000002e+02	2.063600000000000136e+02	2.063139999999999930e+02	2.082139999999999986e+02	2.084430000000000121e+02	2.092669999999999959e+02	2.095409999999999968e+02	2.095869999999999891e+02	2.095409999999999968e+02	2.095180000000000007e+02	2.094269999999999925e+02	2.093350000000000080e+02	2.091750000000000114e+02	2.091519999999999868e+02	2.091750000000000114e+02	2.093350000000000080e+02	2.094039999999999964e+02	2.096330000000000098e+02	2.100910000000000082e+02	2.103650000000000091e+02	2.107769999999999868e+02	2.111210000000000093e+02	2.122880000000000109e+02	2.128369999999999891e+02	2.133180000000000121e+02	2.140269999999999868e+02	2.143940000000000055e+02	2.147829999999999870e+02	2.151719999999999970e+02	2.155380000000000109e+02	2.159730000000000132e+02	2.162249999999999943e+02	2.164759999999999991e+02	2.167969999999999970e+02	2.170720000000000027e+02	2.172549999999999955e+02	2.173919999999999959e+02	2.175289999999999964e+02	2.180560000000000116e+02	2.186970000000000027e+02	2.196349999999999909e+02	2.197949999999999875e+02	2.198870000000000005e+02	2.198870000000000005e+02	2.199099999999999966e+02	2.198870000000000005e+02	2.199099999999999966e+02	2.203899999999999864e+02	2.202760000000000105e+02	2.200010000000000048e+02	2.198410000000000082e+02	2.197719999999999914e+02	2.195440000000000111e+02	2.197040000000000077e+02	2.197040000000000077e+02	2.196119999999999948e+02	2.195660000000000025e+02	2.196349999999999909e+02	2.194290000000000020e+02	2.193379999999999939e+02	2.191999999999999886e+02	2.191539999999999964e+02	2.190629999999999882e+02	2.189480000000000075e+02	2.191999999999999886e+02	2.190399999999999920e+02	2.191539999999999964e+02	2.189259999999999877e+02	2.186049999999999898e+02	2.185360000000000014e+02	2.185140000000000100e+02	2.183300000000000125e+02	2.181020000000000039e+02	2.180099999999999909e+02	2.178269999999999982e+02	2.177119999999999891e+02	2.177119999999999891e+02	2.196119999999999948e+02	2.193149999999999977e+02	2.189939999999999998e+02	2.186510000000000105e+02	2.183300000000000125e+02	2.185140000000000100e+02	2.184449999999999932e+02	2.181020000000000039e+02	2.180329999999999870e+02
0.000000000000000000e+00	3.690489999999999782e+02	3.390659999999999741e+02	3.142549999999999955e+02	2.918700000000000045e+02	2.729870000000000232e+02	2.557069999999999936e+02	2.415159999999999911e+02	2.281270000000000095e+02	2.160190000000000055e+02	2.058110000000000070e+02	1.962659999999999911e+02	1.866529999999999916e+02	1.777500000000000000e+02	1.684799999999999898e+02	1.599660000000000082e+02	1.515879999999999939e+02	1.437609999999999957e+02	1.373060000000000116e+02	1.313549999999999898e+02	1.264800000000000040e+02	1.219020000000000010e+02	1.178970000000000056e+02	1.149669999999999987e+02	1.128619999999999948e+02	1.100690000000000026e+02	1.079180000000000064e+02	1.064069999999999965e+02	1.051029999999999944e+02	1.039579999999999984e+02	1.028139999999999930e+02	1.014629999999999939e+02	1.001820000000000022e+02	9.876300000000000523e+01	9.773300000000000409e+01	9.713700000000000045e+01	9.679399999999999693e+01	9.665699999999999648e+01	9.663400000000000034e+01	9.668000000000000682e+01	9.665699999999999648e+01	9.631300000000000239e+01	9.649699999999999989e+01	9.672499999999999432e+01	9.702299999999999613e+01	9.748099999999999454e+01	9.770999999999999375e+01	9.800700000000000500e+01	9.855700000000000216e+01	9.912900000000000489e+01	9.928900000000000148e+01	9.937999999999999545e+01	9.972400000000000375e+01	1.002729999999999961e+02	1.007079999999999984e+02	1.014399999999999977e+02	1.013719999999999999e+02	1.021039999999999992e+02	1.022870000000000061e+02	1.024699999999999989e+02	1.031569999999999965e+02	1.032710000000000008e+02	1.037750000000000057e+02	1.048050000000000068e+02	1.048509999999999991e+02	1.059039999999999964e+02	1.064530000000000030e+02	1.079639999999999986e+02	1.088100000000000023e+02	1.092450000000000045e+02	1.095660000000000025e+02	1.099779999999999944e+02	1.099549999999999983e+02	1.105960000000000036e+02	1.104129999999999967e+02	1.111449999999999960e+02	1.113280000000000030e+02	1.115340000000000060e+02	1.121979999999999933e+02	1.136400000000000006e+02	1.143040000000000020e+02	1.171880000000000024e+02	1.170270000000000010e+02	1.187669999999999959e+02	1.192469999999999999e+02	1.199569999999999936e+02	1.201400000000000006e+02	1.209869999999999948e+02	1.209180000000000064e+02	1.211700000000000017e+02	1.240079999999999956e+02	1.240079999999999956e+02	1.250150000000000006e+02	1.249009999999999962e+02	1.251749999999999972e+02	1.254270000000000067e+02	1.262740000000000009e+02	1.263199999999999932e+02	1.262510000000000048e+02	1.265259999999999962e+02	1.265259999999999962e+02	1.265949999999999989e+02	1.267090000000000032e+02	1.282649999999999864e+02	1.302110000000000127e+02	1.316990000000000123e+02	1.317899999999999920e+02	1.319269999999999925e+02	1.319269999999999925e+02	1.320649999999999977e+02	1.322019999999999982e+02	1.325229999999999961e+02	1.326370000000000005e+02	1.327510000000000048e+02	1.329569999999999936e+02	1.331630000000000109e+02	1.332779999999999916e+02	1.332319999999999993e+02	1.334610000000000127e+02	1.341250000000000000e+02	1.342160000000000082e+02	1.342390000000000043e+02	1.355670000000000073e+02	1.356810000000000116e+02	1.360240000000000009e+02	1.360469999999999970e+02	1.365740000000000123e+02	1.376040000000000134e+02	1.389770000000000039e+02	1.390459999999999923e+02	1.393199999999999932e+02	1.392750000000000057e+02	1.394120000000000061e+02	1.411510000000000105e+02	1.410140000000000100e+02	1.411059999999999945e+02	1.411510000000000105e+02	1.413120000000000118e+02	1.425020000000000095e+02	1.426160000000000139e+02	1.428679999999999950e+02	1.433029999999999973e+02	1.433940000000000055e+02	1.439670000000000130e+02	1.441270000000000095e+02	1.444019999999999868e+02	1.446080000000000041e+02	1.446299999999999955e+02	1.448360000000000127e+02	1.451339999999999861e+02	1.452709999999999866e+02	1.454540000000000077e+02	1.458890000000000100e+02	1.459579999999999984e+02	1.464389999999999930e+02	1.465070000000000050e+02	1.467129999999999939e+02	1.471250000000000000e+02	1.473079999999999927e+02	1.474910000000000139e+02	1.477429999999999950e+02	1.478120000000000118e+02	1.479950000000000045e+02	1.495509999999999877e+02	1.498029999999999973e+02	1.498720000000000141e+02	1.516339999999999861e+02	1.517940000000000111e+02	1.522750000000000057e+02	1.523899999999999864e+02	1.526870000000000118e+02	1.528470000000000084e+02	1.530300000000000011e+02	1.531680000000000064e+02	1.533050000000000068e+02	1.534420000000000073e+02	1.539230000000000018e+02	1.540149999999999864e+02	1.542210000000000036e+02	1.545409999999999968e+02	1.547239999999999895e+02	1.549530000000000030e+02	1.563720000000000141e+02	1.559830000000000041e+02	1.563950000000000102e+02	1.565320000000000107e+02	1.568300000000000125e+02	1.572189999999999941e+02	1.573559999999999945e+02	1.575159999999999911e+02
0.000000000000000000e+00	4.977719999999999914e+02	4.508740000000000236e+02	4.087599999999999909e+02	3.695529999999999973e+02	3.356549999999999727e+02	3.072740000000000009e+02	2.831949999999999932e+02	2.652970000000000255e+02	2.532580000000000098e+02	2.426150000000000091e+02	2.362059999999999889e+02	2.249679999999999893e+02	2.183069999999999879e+02	2.135929999999999893e+02	2.095409999999999968e+02	2.058329999999999984e+02	2.023770000000000095e+02	1.992419999999999902e+02	1.964039999999999964e+02	1.936109999999999900e+02	1.914600000000000080e+02	1.896510000000000105e+02	1.876829999999999927e+02	1.858979999999999961e+02	1.841349999999999909e+02	1.832659999999999911e+02	1.816860000000000070e+02	1.807249999999999943e+02	1.796490000000000009e+02	1.797179999999999893e+02	1.783220000000000027e+02	1.775889999999999986e+02	1.768569999999999993e+02	1.765819999999999936e+02	1.765819999999999936e+02	1.764679999999999893e+02	1.769259999999999877e+02	1.765589999999999975e+02	1.773609999999999900e+02	1.772690000000000055e+02	1.766970000000000027e+02	1.772920000000000016e+02	1.776349999999999909e+02	1.778410000000000082e+02	1.782760000000000105e+02	1.790310000000000059e+02	1.778180000000000121e+02	1.787340000000000089e+02	1.793979999999999961e+02	1.797640000000000100e+02	1.800380000000000109e+02	1.802439999999999998e+02	1.804050000000000011e+02	1.804499999999999886e+02	1.821670000000000016e+02	1.848220000000000027e+02	1.847990000000000066e+02	1.851649999999999920e+02	1.852800000000000011e+02	1.822589999999999861e+02	1.827160000000000082e+02	1.832429999999999950e+02	1.858750000000000000e+02	1.860579999999999927e+02	1.859890000000000043e+02	1.863329999999999984e+02	1.866529999999999916e+02	1.869279999999999973e+02	1.867450000000000045e+02	1.870649999999999977e+02	1.873629999999999995e+02	1.873400000000000034e+02	1.882100000000000080e+02	1.883470000000000084e+02	1.886220000000000141e+02	1.889650000000000034e+02	1.892170000000000130e+02	1.893770000000000095e+02	1.897199999999999989e+02	1.899720000000000084e+02	1.901090000000000089e+02	1.905440000000000111e+02	1.908870000000000005e+02	1.908420000000000130e+02	1.911620000000000061e+02	1.912990000000000066e+02	1.915509999999999877e+02	1.918720000000000141e+02	1.908650000000000091e+02	1.908650000000000091e+02	1.910929999999999893e+02	1.911850000000000023e+02	1.915049999999999955e+02	1.927870000000000061e+02	1.927640000000000100e+02	1.930389999999999873e+02	1.930620000000000118e+02	1.932450000000000045e+02	1.934509999999999934e+02	1.937709999999999866e+02	1.939089999999999918e+02	1.941150000000000091e+02	1.944120000000000061e+02	1.944579999999999984e+02	1.947560000000000002e+02	1.949840000000000089e+02	1.952359999999999900e+02	1.953739999999999952e+02	1.954879999999999995e+02	1.956479999999999961e+02	1.956479999999999961e+02	1.958079999999999927e+02	1.960600000000000023e+02	1.964950000000000045e+02	1.966550000000000011e+02	1.967470000000000141e+02	1.969989999999999952e+02	1.974329999999999927e+02	1.973880000000000052e+02	1.975250000000000057e+02	1.979830000000000041e+02	1.978000000000000114e+02	1.979370000000000118e+02	1.981889999999999930e+02	1.982350000000000136e+02	1.984410000000000025e+02	1.986239999999999952e+02	1.985780000000000030e+02	1.987379999999999995e+02	1.989439999999999884e+02	1.989209999999999923e+02	1.991270000000000095e+02	1.993789999999999907e+02	1.994480000000000075e+02	1.995159999999999911e+02	1.994710000000000036e+02	1.995389999999999873e+02	2.011870000000000118e+02	2.014389999999999930e+02	2.013700000000000045e+02	2.014389999999999930e+02	2.015300000000000011e+02	2.015080000000000098e+02	2.015529999999999973e+02	2.017139999999999986e+02	2.017589999999999861e+02	2.018509999999999991e+02	2.020339999999999918e+02	2.020800000000000125e+02	2.023319999999999936e+02	2.024230000000000018e+02	2.028580000000000041e+02	2.030409999999999968e+02	2.032470000000000141e+02	2.033160000000000025e+02	2.033619999999999948e+02	2.036129999999999995e+02	2.036589999999999918e+02	2.039790000000000134e+02	2.042079999999999984e+02	2.041630000000000109e+02	2.041169999999999902e+02	2.042079999999999984e+02	2.042539999999999907e+02	2.043000000000000114e+02	2.044139999999999873e+02	2.045060000000000002e+02	2.045519999999999925e+02	2.047119999999999891e+02	2.047350000000000136e+02	2.048259999999999934e+02	2.047810000000000059e+02	2.048259999999999934e+02	2.049869999999999948e+02	2.050780000000000030e+02	2.062450000000000045e+02	2.064970000000000141e+02	2.066349999999999909e+02	2.066800000000000068e+02	2.067719999999999914e+02	2.070010000000000048e+02	2.068410000000000082e+02	2.069319999999999879e+02	2.072069999999999936e+02	2.072980000000000018e+02	2.073899999999999864e+02	2.074809999999999945e+02	2.075730000000000075e+02	2.076639999999999873e+02
0.000000000000000000e+00	4.397959999999999923e+02	3.929209999999999923e+02	3.475570000000000164e+02	3.083500000000000227e+02	2.794879999999999995e+02	2.557299999999999898e+02	2.370989999999999895e+02	2.228389999999999986e+02	2.109149999999999920e+02	2.024919999999999902e+02	1.957400000000000091e+02	1.905440000000000111e+02	1.852110000000000127e+02	1.818470000000000084e+02	1.777500000000000000e+02	1.741100000000000136e+02	1.711579999999999870e+02	1.685490000000000066e+02	1.658710000000000093e+02	1.630780000000000030e+02	1.601030000000000086e+02	1.568300000000000125e+02	1.520000000000000000e+02	1.474230000000000018e+02	1.428909999999999911e+02	1.390000000000000000e+02	1.360929999999999893e+02	1.339190000000000111e+02	1.326829999999999927e+02	1.318820000000000050e+02	1.301189999999999998e+02	1.289290000000000020e+02	1.279449999999999932e+02	1.271899999999999977e+02	1.267780000000000058e+02	1.263889999999999958e+02	1.262510000000000048e+02	1.261599999999999966e+02	1.263889999999999958e+02	1.265720000000000027e+02	1.266860000000000070e+02	1.267319999999999993e+02	1.271440000000000055e+02	1.276250000000000000e+02	1.284480000000000075e+02	1.285860000000000127e+02	1.293640000000000043e+02	1.300049999999999955e+02	1.306920000000000073e+02	1.308750000000000000e+02	1.313100000000000023e+02	1.317210000000000036e+02	1.322249999999999943e+02	1.329569999999999936e+02	1.332549999999999955e+02	1.339869999999999948e+02	1.346049999999999898e+02	1.352009999999999934e+02	1.356119999999999948e+02	1.365279999999999916e+02	1.377640000000000100e+02	1.385879999999999939e+02	1.395490000000000066e+02	1.402820000000000107e+02	1.406250000000000000e+02	1.416320000000000050e+02	1.427539999999999907e+02	1.435089999999999861e+02	1.445620000000000118e+02	1.457520000000000095e+02	1.465759999999999934e+02	1.476970000000000027e+02	1.489110000000000014e+02	1.496200000000000045e+02	1.507640000000000100e+02	1.519319999999999879e+02	1.529619999999999891e+02	1.539919999999999902e+02	1.550449999999999875e+02	1.558909999999999911e+02	1.571270000000000095e+02	1.583859999999999957e+02	1.593019999999999925e+02	1.602630000000000052e+02	1.614989999999999952e+02	1.626889999999999930e+02	1.637649999999999864e+02	1.650240000000000009e+02	1.659389999999999930e+02	1.670149999999999864e+02	1.681819999999999879e+02	1.691210000000000093e+02	1.701510000000000105e+02	1.713410000000000082e+02	1.722789999999999964e+02	1.732179999999999893e+02	1.741100000000000136e+02	1.749339999999999975e+02	1.756210000000000093e+02	1.763309999999999889e+02	1.768340000000000032e+02	1.773379999999999939e+02	1.778870000000000005e+02	1.781160000000000139e+02	1.783909999999999911e+02	1.787800000000000011e+02	1.788940000000000055e+02	1.791229999999999905e+02	1.793750000000000000e+02	1.796040000000000134e+02	1.796949999999999932e+02	1.799240000000000066e+02	1.800610000000000070e+02	1.802899999999999920e+02	1.804499999999999886e+02	1.806560000000000059e+02	1.808619999999999948e+02	1.812740000000000009e+02	1.812969999999999970e+02	1.816409999999999911e+02	1.818700000000000045e+02	1.820529999999999973e+02	1.820070000000000050e+02	1.821899999999999977e+02	1.823040000000000020e+02	1.825790000000000077e+02	1.824869999999999948e+02	1.825329999999999870e+02	1.826479999999999961e+02	1.828309999999999889e+02	1.830370000000000061e+02	1.831049999999999898e+02	1.831740000000000066e+02	1.835169999999999959e+02	1.837009999999999934e+02	1.837230000000000132e+02	1.836550000000000011e+02	1.838149999999999977e+02	1.838149999999999977e+02	1.840209999999999866e+02	1.842040000000000077e+02	1.843189999999999884e+02	1.844559999999999889e+02	1.845020000000000095e+02	1.845020000000000095e+02	1.845469999999999970e+02	1.847990000000000066e+02	1.848449999999999989e+02	1.849139999999999873e+02	1.850049999999999955e+02	1.851430000000000007e+02	1.853259999999999934e+02	1.853489999999999895e+02	1.853710000000000093e+02	1.855550000000000068e+02	1.856229999999999905e+02	1.853940000000000055e+02	1.855089999999999861e+02	1.855550000000000068e+02	1.856920000000000073e+02	1.859890000000000043e+02	1.859890000000000043e+02	1.860809999999999889e+02	1.862179999999999893e+02	1.862410000000000139e+02	1.862410000000000139e+02	1.863559999999999945e+02	1.865389999999999873e+02	1.865620000000000118e+02	1.866759999999999877e+02	1.866069999999999993e+02	1.867220000000000084e+02	1.869050000000000011e+02	1.869050000000000011e+02	1.869960000000000093e+02	1.869960000000000093e+02	1.869279999999999973e+02	1.870190000000000055e+02	1.871109999999999900e+02	1.872019999999999982e+02	1.872249999999999943e+02	1.872479999999999905e+02	1.872709999999999866e+02	1.872940000000000111e+02	1.873400000000000034e+02	1.873400000000000034e+02	1.874770000000000039e+02	1.875229999999999961e+02	1.875689999999999884e+02
0.000000000000000000e+00	1.865389999999999873e+02	1.677700000000000102e+02	1.505130000000000052e+02	1.356810000000000116e+02	1.230240000000000009e+02	1.130450000000000017e+02	1.059270000000000067e+02	1.000439999999999969e+02	9.574099999999999966e+01	9.203300000000000125e+01	8.926399999999999579e+01	8.713500000000000512e+01	8.528100000000000591e+01	8.418300000000000693e+01	8.258100000000000307e+01	8.132200000000000273e+01	8.045199999999999818e+01	7.960500000000000398e+01	7.887300000000000466e+01	7.843800000000000239e+01	7.795699999999999363e+01	7.743099999999999739e+01	7.635500000000000398e+01	7.486700000000000443e+01	7.349399999999999977e+01	7.218899999999999295e+01	7.104500000000000171e+01	7.008400000000000318e+01	6.926000000000000512e+01	6.880200000000000671e+01	6.816100000000000136e+01	6.784099999999999397e+01	6.761199999999999477e+01	6.722299999999999898e+01	6.720000000000000284e+01	6.724500000000000455e+01	6.697100000000000364e+01	6.697100000000000364e+01	6.692499999999999716e+01	6.692499999999999716e+01	6.692499999999999716e+01	6.697100000000000364e+01	6.706199999999999761e+01	6.720000000000000284e+01	6.738299999999999557e+01	6.749699999999999989e+01	6.765699999999999648e+01	6.770300000000000296e+01	6.779500000000000171e+01	6.797799999999999443e+01	6.813800000000000523e+01	6.829800000000000182e+01	6.857299999999999329e+01	6.875600000000000023e+01	6.889300000000000068e+01	6.944299999999999784e+01	6.980899999999999750e+01	6.999200000000000443e+01	7.029000000000000625e+01	7.056399999999999295e+01	7.086199999999999477e+01	7.120499999999999829e+01	7.152599999999999625e+01	7.184600000000000364e+01	7.209799999999999898e+01	7.241800000000000637e+01	7.278400000000000603e+01	7.326500000000000057e+01	7.342499999999999716e+01	7.374599999999999511e+01	7.404300000000000637e+01	7.443200000000000216e+01	7.479900000000000659e+01	7.518800000000000239e+01	7.557699999999999818e+01	7.589700000000000557e+01	7.635500000000000398e+01	7.672100000000000364e+01	7.697299999999999898e+01	7.745399999999999352e+01	7.784300000000000352e+01	7.827800000000000580e+01	7.862099999999999511e+01	7.894100000000000250e+01	7.930800000000000693e+01	7.974200000000000443e+01	8.020000000000000284e+01	8.061199999999999477e+01	8.104699999999999704e+01	8.148199999999999932e+01	8.187099999999999511e+01	8.242000000000000171e+01	8.278700000000000614e+01	8.322100000000000364e+01	8.365600000000000591e+01	8.409099999999999397e+01	8.454900000000000659e+01	8.500700000000000500e+01	8.541899999999999693e+01	8.580800000000000693e+01	8.624299999999999500e+01	8.663200000000000500e+01	8.702100000000000080e+01	8.736400000000000432e+01	8.768500000000000227e+01	8.791400000000000148e+01	8.812000000000000455e+01	8.832599999999999341e+01	8.846299999999999386e+01	8.859999999999999432e+01	8.882899999999999352e+01	8.885200000000000387e+01	8.914900000000000091e+01	8.908100000000000307e+01	8.910399999999999920e+01	8.940099999999999625e+01	8.946999999999999886e+01	8.953900000000000148e+01	8.969899999999999807e+01	8.974500000000000455e+01	8.988200000000000500e+01	9.029399999999999693e+01	9.027100000000000080e+01	9.031699999999999307e+01	9.061400000000000432e+01	9.063700000000000045e+01	9.065999999999999659e+01	9.077500000000000568e+01	9.088899999999999579e+01	9.088899999999999579e+01	9.093500000000000227e+01	9.100300000000000011e+01	9.109499999999999886e+01	9.116400000000000148e+01	9.123199999999999932e+01	9.132399999999999807e+01	9.139300000000000068e+01	9.148399999999999466e+01	9.150700000000000500e+01	9.159900000000000375e+01	9.157599999999999341e+01	9.157599999999999341e+01	9.173600000000000421e+01	9.175900000000000034e+01	9.180500000000000682e+01	9.184999999999999432e+01	9.191899999999999693e+01	9.191899999999999693e+01	9.205599999999999739e+01	9.203300000000000125e+01	9.207899999999999352e+01	9.217100000000000648e+01	9.221599999999999397e+01	9.226200000000000045e+01	9.251399999999999579e+01	9.244499999999999318e+01	9.244499999999999318e+01	9.258299999999999841e+01	9.256000000000000227e+01	9.251399999999999579e+01	9.256000000000000227e+01	9.260599999999999454e+01	9.253700000000000614e+01	9.265099999999999625e+01	9.271999999999999886e+01	9.269700000000000273e+01	9.271999999999999886e+01	9.283400000000000318e+01	9.278900000000000148e+01	9.281199999999999761e+01	9.292600000000000193e+01	9.287999999999999545e+01	9.299500000000000455e+01	9.322400000000000375e+01	9.315500000000000114e+01	9.329200000000000159e+01	9.324599999999999511e+01	9.320099999999999341e+01	9.326900000000000546e+01	9.331499999999999773e+01	9.336100000000000421e+01	9.340699999999999648e+01	9.343000000000000682e+01	9.336100000000000421e+01	9.340699999999999648e+01	9.343000000000000682e+01	9.343000000000000682e+01	9.345199999999999818e+01	9.347499999999999432e+01
1.000000000000000000e+00	2.967679999999999723e+02	2.703550000000000182e+02	2.486119999999999948e+02	2.286069999999999993e+02	2.110980000000000132e+02	1.980289999999999964e+02	1.844099999999999966e+02	1.728739999999999952e+02	1.664890000000000043e+02	1.587750000000000057e+02	1.542659999999999911e+02	1.497800000000000011e+02	1.468050000000000068e+02	1.441040000000000134e+02	1.416090000000000089e+02	1.394350000000000023e+02	1.379699999999999989e+02	1.360240000000000009e+02	1.345370000000000061e+02	1.332090000000000032e+02	1.321109999999999900e+02	1.311490000000000009e+02	1.306910000000000025e+02	1.297299999999999898e+02	1.295240000000000009e+02	1.287920000000000016e+02	1.283340000000000032e+02	1.280360000000000014e+02	1.280819999999999936e+02	1.278760000000000048e+02	1.278299999999999983e+02	1.277620000000000005e+02	1.278299999999999983e+02	1.280140000000000100e+02	1.281279999999999859e+02	1.281049999999999898e+02	1.282419999999999902e+02	1.281970000000000027e+02	1.288830000000000098e+02	1.289749999999999943e+02	1.293640000000000043e+02	1.295240000000000009e+02	1.295240000000000009e+02	1.297529999999999859e+02	1.298449999999999989e+02	1.299130000000000109e+02	1.302110000000000127e+02	1.304629999999999939e+02	1.306459999999999866e+02	1.309430000000000121e+02	1.311260000000000048e+02	1.312410000000000139e+02	1.314470000000000027e+02	1.316069999999999993e+02	1.316759999999999877e+02	1.323400000000000034e+02	1.325680000000000121e+02	1.327740000000000009e+02	1.330029999999999859e+02	1.332779999999999916e+02	1.335300000000000011e+02	1.336899999999999977e+02	1.340329999999999870e+02	1.349259999999999877e+02	1.351550000000000011e+02	1.353609999999999900e+02	1.354979999999999905e+02	1.358410000000000082e+02	1.360240000000000009e+02	1.361390000000000100e+02	1.364360000000000070e+02	1.368259999999999934e+02	1.369859999999999900e+02	1.370999999999999943e+02	1.373750000000000000e+02	1.374660000000000082e+02	1.379010000000000105e+02	1.380620000000000118e+02	1.382220000000000084e+02	1.385190000000000055e+02	1.386339999999999861e+02	1.388629999999999995e+02	1.391140000000000043e+02	1.393199999999999932e+02	1.394350000000000023e+02	1.395949999999999989e+02	1.397100000000000080e+02	1.399159999999999968e+02	1.400529999999999973e+02	1.405329999999999870e+02	1.406250000000000000e+02	1.409219999999999970e+02	1.410370000000000061e+02	1.412199999999999989e+02	1.414259999999999877e+02	1.414720000000000084e+02	1.417460000000000093e+02	1.421359999999999957e+02	1.424329999999999927e+02	1.427309999999999945e+02	1.428909999999999911e+02	1.433720000000000141e+02	1.439209999999999923e+02	1.445850000000000080e+02	1.453629999999999995e+02	1.462779999999999916e+02	1.473540000000000134e+02	1.486359999999999957e+02	1.506270000000000095e+02	1.525269999999999868e+02	1.552280000000000086e+02	1.584319999999999879e+02	1.625289999999999964e+02	1.669919999999999902e+02	1.719819999999999993e+02	1.777949999999999875e+02	1.840440000000000111e+02	1.908189999999999884e+02	1.987150000000000034e+02	2.065660000000000025e+02	2.153089999999999975e+02	2.245099999999999909e+02	2.323149999999999977e+02	2.416529999999999916e+02	2.495039999999999907e+02	2.576059999999999945e+02	2.650219999999999914e+02	2.718659999999999854e+02	2.781829999999999927e+02	2.841340000000000146e+02	2.893980000000000246e+02	2.939529999999999745e+02	2.980500000000000114e+02	3.018720000000000141e+02	3.051909999999999741e+02	3.083269999999999982e+02	3.110960000000000036e+02	3.135219999999999914e+02	3.156970000000000027e+02	3.178709999999999809e+02	3.198399999999999750e+02	3.216929999999999836e+02	3.238220000000000027e+02	3.257450000000000045e+02	3.274839999999999804e+02	3.288570000000000277e+02	3.299560000000000173e+02	3.308489999999999895e+02	3.307110000000000127e+02	3.314900000000000091e+02	3.323360000000000127e+02	3.331600000000000250e+02	3.337780000000000200e+02	3.344649999999999750e+02	3.351750000000000114e+02	3.356549999999999727e+02	3.385160000000000196e+02	3.395230000000000246e+02	3.398670000000000186e+02	3.403240000000000123e+02	3.406220000000000141e+02	3.409649999999999750e+02	3.414460000000000264e+02	3.418809999999999718e+02	3.426820000000000164e+02	3.430939999999999941e+02	3.435289999999999964e+02	3.446960000000000264e+02	3.448100000000000023e+02	3.449710000000000036e+02	3.449710000000000036e+02	3.453140000000000214e+02	3.454739999999999895e+02	3.457029999999999745e+02	3.459320000000000164e+02	3.458860000000000241e+02	3.458629999999999995e+02	3.459780000000000086e+02	3.463899999999999864e+02	3.464130000000000109e+02	3.466639999999999873e+02	3.467789999999999964e+02	3.470989999999999895e+02	3.470760000000000218e+02	3.471449999999999818e+02	3.471220000000000141e+02	3.581770000000000209e+02	3.591610000000000014e+02	3.591610000000000014e+02
1.000000000000000000e+00	2.536699999999999875e+02	2.289509999999999934e+02	2.070469999999999970e+02	1.882549999999999955e+02	1.717069999999999936e+02	1.574250000000000114e+02	1.447220000000000084e+02	1.336440000000000055e+02	1.242600000000000051e+02	1.169360000000000070e+02	1.105270000000000010e+02	1.055370000000000061e+02	1.013259999999999934e+02	9.761799999999999500e+01	9.509999999999999432e+01	9.297199999999999420e+01	9.150700000000000500e+01	9.006499999999999773e+01	8.892100000000000648e+01	8.775300000000000011e+01	8.690600000000000591e+01	8.610500000000000398e+01	8.539600000000000080e+01	8.505200000000000671e+01	8.448000000000000398e+01	8.415999999999999659e+01	8.418300000000000693e+01	8.415999999999999659e+01	8.409099999999999397e+01	8.400000000000000000e+01	8.397700000000000387e+01	8.402299999999999613e+01	8.436599999999999966e+01	8.454900000000000659e+01	8.475499999999999545e+01	8.482399999999999807e+01	8.512099999999999511e+01	8.553300000000000125e+01	8.567000000000000171e+01	8.601399999999999579e+01	8.619700000000000273e+01	8.656300000000000239e+01	8.670000000000000284e+01	8.706699999999999307e+01	8.752400000000000091e+01	8.800499999999999545e+01	8.823399999999999466e+01	8.848600000000000421e+01	8.885200000000000387e+01	8.914900000000000091e+01	8.946999999999999886e+01	8.985899999999999466e+01	9.017900000000000205e+01	9.054600000000000648e+01	9.104900000000000659e+01	9.141500000000000625e+01	9.180500000000000682e+01	9.226200000000000045e+01	9.253700000000000614e+01	9.306300000000000239e+01	9.359000000000000341e+01	9.397899999999999920e+01	9.452800000000000580e+01	9.496299999999999386e+01	9.535200000000000387e+01	9.571800000000000352e+01	9.622199999999999420e+01	9.656499999999999773e+01	9.690900000000000603e+01	9.729800000000000182e+01	9.775499999999999545e+01	9.814499999999999602e+01	9.857899999999999352e+01	9.903700000000000614e+01	9.933499999999999375e+01	9.967799999999999727e+01	1.001590000000000060e+02	1.004789999999999992e+02	1.008679999999999950e+02	1.012800000000000011e+02	1.015319999999999965e+02	1.022870000000000061e+02	1.025849999999999937e+02	1.029050000000000011e+02	1.030199999999999960e+02	1.033629999999999995e+02	1.036830000000000069e+02	1.039350000000000023e+02	1.043469999999999942e+02	1.047129999999999939e+02	1.051479999999999961e+02	1.053310000000000031e+02	1.056290000000000049e+02	1.061550000000000011e+02	1.063389999999999986e+02	1.065900000000000034e+02	1.070939999999999941e+02	1.075060000000000002e+02	1.078259999999999934e+02	1.081239999999999952e+02	1.084669999999999987e+02	1.087650000000000006e+02	1.091080000000000041e+02	1.094740000000000038e+02	1.095889999999999986e+02	1.102069999999999936e+02	1.105499999999999972e+02	1.108700000000000045e+02	1.115570000000000022e+02	1.119230000000000018e+02	1.124270000000000067e+02	1.129300000000000068e+02	1.133649999999999949e+02	1.138460000000000036e+02	1.142349999999999994e+02	1.147379999999999995e+02	1.152650000000000006e+02	1.159969999999999999e+02	1.164549999999999983e+02	1.170960000000000036e+02	1.176449999999999960e+02	1.182630000000000052e+02	1.189500000000000028e+02	1.196820000000000022e+02	1.204150000000000063e+02	1.212159999999999940e+02	1.220630000000000024e+02	1.229320000000000022e+02	1.237339999999999947e+02	1.247860000000000014e+02	1.258619999999999948e+02	1.270289999999999964e+02	1.286999999999999886e+02	1.301419999999999959e+02	1.314699999999999989e+02	1.330949999999999989e+02	1.348569999999999993e+02	1.365509999999999877e+02	1.383360000000000127e+02	1.403729999999999905e+02	1.424099999999999966e+02	1.448820000000000050e+02	1.475140000000000100e+02	1.499859999999999900e+02	1.528470000000000084e+02	1.557539999999999907e+02	1.582949999999999875e+02	1.618650000000000091e+02	1.652529999999999859e+02	1.688919999999999959e+02	1.725769999999999982e+02	1.764219999999999970e+02	1.805879999999999939e+02	1.848679999999999950e+02	1.895600000000000023e+02	1.941380000000000052e+02	1.984410000000000025e+02	2.033619999999999948e+02	2.073899999999999864e+02	2.122649999999999864e+02	2.168429999999999893e+02	2.216030000000000086e+02	2.263180000000000121e+02	2.313309999999999889e+02	2.355879999999999939e+02	2.400740000000000123e+02	2.441709999999999923e+02	2.490920000000000130e+02	2.533259999999999934e+02	2.569660000000000082e+02	2.606510000000000105e+02	2.642210000000000036e+02	2.682719999999999914e+02	2.707900000000000205e+02	2.741320000000000050e+02	2.770609999999999786e+02	2.809069999999999823e+02	2.825319999999999823e+02	2.850040000000000191e+02	2.871089999999999804e+02	2.893519999999999754e+02	2.915269999999999868e+02	2.937470000000000141e+02	2.954409999999999741e+02	2.975690000000000168e+02	2.996290000000000191e+02	3.012080000000000268e+02	3.029250000000000114e+02	3.033140000000000214e+02
0.000000000000000000e+00	1.819610000000000127e+02	1.712489999999999952e+02	1.602630000000000052e+02	1.495740000000000123e+02	1.396409999999999911e+02	1.305999999999999943e+02	1.226350000000000051e+02	1.150589999999999975e+02	1.084899999999999949e+02	1.029050000000000011e+02	9.835099999999999909e+01	9.425400000000000489e+01	9.047700000000000387e+01	8.681499999999999773e+01	8.358799999999999386e+01	8.070399999999999352e+01	7.818600000000000705e+01	7.585099999999999909e+01	7.379200000000000159e+01	7.214400000000000546e+01	7.070199999999999818e+01	6.928300000000000125e+01	6.795499999999999829e+01	6.708499999999999375e+01	6.619299999999999784e+01	6.555200000000000671e+01	6.459000000000000341e+01	6.410999999999999943e+01	6.362899999999999778e+01	6.310300000000000153e+01	6.271399999999999864e+01	6.253099999999999881e+01	6.239300000000000068e+01	6.195799999999999841e+01	6.182099999999999795e+01	6.170700000000000074e+01	6.150099999999999767e+01	6.140899999999999892e+01	6.136299999999999955e+01	6.143200000000000216e+01	6.117999999999999972e+01	6.104299999999999926e+01	6.140899999999999892e+01	6.134000000000000341e+01	6.136299999999999955e+01	6.124900000000000233e+01	6.117999999999999972e+01	6.124900000000000233e+01	6.108899999999999864e+01	6.124900000000000233e+01	6.140899999999999892e+01	6.122599999999999909e+01	6.099699999999999989e+01	6.088300000000000267e+01	6.069899999999999807e+01	6.076800000000000068e+01	6.040200000000000102e+01	6.044800000000000040e+01	6.042499999999999716e+01	6.058500000000000085e+01	6.060799999999999699e+01	6.053900000000000148e+01	6.024199999999999733e+01	6.012700000000000244e+01	6.005899999999999750e+01	6.115699999999999648e+01	6.117999999999999972e+01	6.104299999999999926e+01	6.081400000000000006e+01	6.060799999999999699e+01	6.072200000000000131e+01	6.088300000000000267e+01	6.095100000000000051e+01	6.067699999999999960e+01	6.049300000000000210e+01	6.026500000000000057e+01	6.014999999999999858e+01	5.999000000000000199e+01	6.026500000000000057e+01	6.058500000000000085e+01	6.053900000000000148e+01	6.069899999999999807e+01	6.081400000000000006e+01	6.047099999999999653e+01	6.095100000000000051e+01	6.072200000000000131e+01	6.060799999999999699e+01	6.044800000000000040e+01	6.081400000000000006e+01	6.065400000000000347e+01	6.058500000000000085e+01	6.044800000000000040e+01	6.069899999999999807e+01	6.065400000000000347e+01	6.076800000000000068e+01	6.065400000000000347e+01	6.076800000000000068e+01	6.122599999999999909e+01	6.106600000000000250e+01	6.106600000000000250e+01	6.120300000000000296e+01	6.102000000000000313e+01	6.161500000000000199e+01	6.156900000000000261e+01	6.129500000000000171e+01	6.113400000000000034e+01	6.108899999999999864e+01	6.106600000000000250e+01	6.111099999999999710e+01	6.102000000000000313e+01	6.081400000000000006e+01	6.092799999999999727e+01	6.081400000000000006e+01	6.092799999999999727e+01	6.092799999999999727e+01	6.088300000000000267e+01	6.079099999999999682e+01	6.088300000000000267e+01	6.095100000000000051e+01	6.095100000000000051e+01	6.378900000000000148e+01	6.337700000000000244e+01	6.339999999999999858e+01	6.310300000000000153e+01	6.275900000000000034e+01	6.275900000000000034e+01	6.266799999999999926e+01	6.257600000000000051e+01	6.234700000000000131e+01	6.230199999999999960e+01	6.241599999999999682e+01	6.241599999999999682e+01	6.239300000000000068e+01	6.236999999999999744e+01	6.207300000000000040e+01	6.179800000000000182e+01	6.184400000000000119e+01	6.184400000000000119e+01	6.191299999999999670e+01	6.191299999999999670e+01	6.195799999999999841e+01	6.189000000000000057e+01	6.191299999999999670e+01	6.200399999999999778e+01	6.204999999999999716e+01	6.221000000000000085e+01	6.214099999999999824e+01	6.211899999999999977e+01	6.211899999999999977e+01	6.232500000000000284e+01	6.227900000000000347e+01	6.232500000000000284e+01	6.225600000000000023e+01	6.225600000000000023e+01	6.234700000000000131e+01	6.241599999999999682e+01	6.239300000000000068e+01	6.223299999999999699e+01	6.216400000000000148e+01	6.218699999999999761e+01	6.264500000000000313e+01	6.257600000000000051e+01	6.253099999999999881e+01	6.269100000000000250e+01	6.273700000000000188e+01	6.271399999999999864e+01	6.269100000000000250e+01	6.305700000000000216e+01	6.307999999999999829e+01	6.310300000000000153e+01	6.310300000000000153e+01	6.310300000000000153e+01	6.298799999999999955e+01	6.303399999999999892e+01	6.317099999999999937e+01	6.314800000000000324e+01	6.328600000000000136e+01	6.330899999999999750e+01	6.324000000000000199e+01	6.335399999999999920e+01	6.324000000000000199e+01	6.335399999999999920e+01	6.337700000000000244e+01	6.330899999999999750e+01	6.328600000000000136e+01	6.346900000000000119e+01	6.342300000000000182e+01	6.344599999999999795e+01	6.378900000000000148e+01
1.000000000000000000e+00	1.846390000000000100e+02	1.717529999999999859e+02	1.599430000000000121e+02	1.491850000000000023e+02	1.397779999999999916e+02	1.314699999999999989e+02	1.245799999999999983e+02	1.188130000000000024e+02	1.136629999999999967e+02	1.097489999999999952e+02	1.061329999999999956e+02	1.033629999999999995e+02	1.008449999999999989e+02	9.894599999999999795e+01	9.750400000000000489e+01	9.624500000000000455e+01	9.496299999999999386e+01	9.404800000000000182e+01	9.326900000000000546e+01	9.253700000000000614e+01	9.194199999999999307e+01	9.153000000000000114e+01	9.104900000000000659e+01	9.084300000000000352e+01	9.054600000000000648e+01	9.022499999999999432e+01	8.999599999999999511e+01	8.979000000000000625e+01	8.976699999999999591e+01	8.976699999999999591e+01	8.972199999999999420e+01	9.031699999999999307e+01	9.027100000000000080e+01	9.017900000000000205e+01	9.011100000000000421e+01	9.027100000000000080e+01	9.056900000000000261e+01	9.059099999999999397e+01	9.070600000000000307e+01	9.104900000000000659e+01	9.111799999999999500e+01	9.143800000000000239e+01	9.159900000000000375e+01	9.148399999999999466e+01	9.187300000000000466e+01	9.196500000000000341e+01	9.191899999999999693e+01	9.226200000000000045e+01	9.237699999999999534e+01	9.249099999999999966e+01	9.299500000000000455e+01	9.439100000000000534e+01	9.468800000000000239e+01	9.491700000000000159e+01	9.450499999999999545e+01	9.512300000000000466e+01	9.539799999999999613e+01	9.546699999999999875e+01	9.562699999999999534e+01	9.583299999999999841e+01	9.603900000000000148e+01	9.612999999999999545e+01	9.631300000000000239e+01	9.633599999999999852e+01	9.647400000000000375e+01	9.688599999999999568e+01	9.715999999999999659e+01	9.720600000000000307e+01	9.741200000000000614e+01	9.750400000000000489e+01	9.768699999999999761e+01	9.796099999999999852e+01	9.821299999999999386e+01	9.818999999999999773e+01	9.825900000000000034e+01	9.864799999999999613e+01	9.857899999999999352e+01	9.883100000000000307e+01	9.908299999999999841e+01	9.910599999999999454e+01	9.926600000000000534e+01	9.928900000000000148e+01	9.933499999999999375e+01	9.956399999999999295e+01	9.983799999999999386e+01	9.990699999999999648e+01	1.002500000000000000e+02	1.002960000000000065e+02	1.003190000000000026e+02	1.005250000000000057e+02	1.007540000000000049e+02	1.010280000000000058e+02	1.013949999999999960e+02	1.016009999999999991e+02	1.019440000000000026e+02	1.022870000000000061e+02	1.028139999999999930e+02	1.032710000000000008e+02	1.039350000000000023e+02	1.045990000000000038e+02	1.055370000000000061e+02	1.067500000000000000e+02	1.080780000000000030e+02	1.097030000000000030e+02	1.117399999999999949e+02	1.139599999999999937e+02	1.174389999999999930e+02	1.196140000000000043e+02	1.227950000000000017e+02	1.262049999999999983e+02	1.297760000000000105e+02	1.338499999999999943e+02	1.372150000000000034e+02	1.408540000000000134e+02	1.442870000000000061e+02	1.479490000000000123e+02	1.517489999999999952e+02	1.551359999999999957e+02	1.583629999999999995e+02	1.613619999999999948e+02	1.644519999999999982e+02	1.681140000000000043e+02	1.704029999999999916e+02	1.727369999999999948e+02	1.748660000000000139e+02	1.768799999999999955e+02	1.787340000000000089e+02	1.804499999999999886e+02	1.819840000000000089e+02	1.834720000000000084e+02	1.850049999999999955e+02	1.863779999999999859e+02	1.875689999999999884e+02	1.887359999999999900e+02	1.897199999999999989e+02	1.915049999999999955e+02	1.918029999999999973e+02	1.926730000000000018e+02	1.934970000000000141e+02	1.939089999999999918e+02	1.944350000000000023e+02	1.951680000000000064e+02	1.956939999999999884e+02	1.961289999999999907e+02	1.966090000000000089e+02	1.968839999999999861e+02	1.974559999999999889e+02	1.976850000000000023e+02	1.979139999999999873e+02	1.986690000000000111e+02	1.990589999999999975e+02	1.993329999999999984e+02	1.999970000000000141e+02	2.002030000000000030e+02	2.003170000000000073e+02	2.005689999999999884e+02	2.008439999999999941e+02	2.009579999999999984e+02	2.011639999999999873e+02	2.013930000000000007e+02	2.014619999999999891e+02	2.017139999999999986e+02	2.017820000000000107e+02	2.020339999999999918e+02	2.021479999999999961e+02	2.022170000000000130e+02	2.023319999999999936e+02	2.023540000000000134e+02	2.025829999999999984e+02	2.027889999999999873e+02	2.028350000000000080e+02	2.028580000000000041e+02	2.027889999999999873e+02	2.029499999999999886e+02	2.031779999999999973e+02	2.028350000000000080e+02	2.028120000000000118e+02	2.026519999999999868e+02	2.024919999999999902e+02	2.024459999999999980e+02	2.020339999999999918e+02	2.019420000000000073e+02	2.020109999999999957e+02	2.023540000000000134e+02	2.021260000000000048e+02	2.020109999999999957e+02	2.021030000000000086e+02	2.020339999999999918e+02	2.021479999999999961e+02
1.000000000000000000e+00	1.795349999999999966e+02	1.633990000000000009e+02	1.462100000000000080e+02	1.312640000000000100e+02	1.180340000000000060e+02	1.068649999999999949e+02	9.832800000000000296e+01	9.153000000000000114e+01	8.658599999999999852e+01	8.246599999999999397e+01	7.901000000000000512e+01	7.630899999999999750e+01	7.404300000000000637e+01	7.148000000000000398e+01	6.852700000000000102e+01	6.550600000000000023e+01	6.287400000000000233e+01	6.053900000000000148e+01	5.857099999999999795e+01	5.676299999999999812e+01	5.511500000000000199e+01	5.394700000000000273e+01	5.282600000000000051e+01	5.184199999999999875e+01	5.088000000000000256e+01	5.017099999999999937e+01	4.950699999999999790e+01	4.891199999999999903e+01	4.843099999999999739e+01	4.792799999999999727e+01	4.758500000000000085e+01	4.719500000000000028e+01	4.689800000000000324e+01	4.646300000000000097e+01	4.628000000000000114e+01	4.614300000000000068e+01	4.584499999999999886e+01	4.559300000000000352e+01	4.534100000000000108e+01	4.529599999999999937e+01	4.538700000000000045e+01	4.520400000000000063e+01	4.511299999999999955e+01	4.506700000000000017e+01	4.509000000000000341e+01	4.497500000000000142e+01	4.520400000000000063e+01	4.525000000000000000e+01	4.538700000000000045e+01	4.540999999999999659e+01	4.547899999999999920e+01	4.529599999999999937e+01	4.552499999999999858e+01	4.552499999999999858e+01	4.552499999999999858e+01	4.579899999999999949e+01	4.589099999999999824e+01	4.573100000000000165e+01	4.566199999999999903e+01	4.550200000000000244e+01	4.573100000000000165e+01	4.600500000000000256e+01	4.577600000000000335e+01	4.611999999999999744e+01	4.648599999999999710e+01	4.664600000000000080e+01	4.673799999999999955e+01	4.671500000000000341e+01	4.678300000000000125e+01	4.721800000000000352e+01	4.728699999999999903e+01	4.717300000000000182e+01	4.765299999999999869e+01	4.779099999999999682e+01	4.838600000000000279e+01	4.824799999999999756e+01	4.811099999999999710e+01	4.815699999999999648e+01	4.904899999999999949e+01	4.909499999999999886e+01	4.893500000000000227e+01	4.875200000000000244e+01	4.909499999999999886e+01	4.925500000000000256e+01	4.923199999999999932e+01	4.932399999999999807e+01	4.941599999999999682e+01	4.966700000000000159e+01	4.985000000000000142e+01	4.980499999999999972e+01	4.971300000000000097e+01	4.973599999999999710e+01	4.980499999999999972e+01	5.005599999999999739e+01	4.996500000000000341e+01	5.010199999999999676e+01	4.989600000000000080e+01	4.987299999999999756e+01	4.975900000000000034e+01	4.998799999999999955e+01	4.991899999999999693e+01	5.017099999999999937e+01	5.014800000000000324e+01	5.042300000000000182e+01	5.044599999999999795e+01	5.053699999999999903e+01	5.062899999999999778e+01	5.088000000000000256e+01	5.115500000000000114e+01	5.170400000000000063e+01	5.229899999999999949e+01	5.255100000000000193e+01	5.296300000000000097e+01	5.339800000000000324e+01	5.429099999999999682e+01	5.493200000000000216e+01	5.550399999999999778e+01	5.621300000000000097e+01	5.715200000000000102e+01	5.822800000000000153e+01	5.953199999999999648e+01	6.106600000000000250e+01	6.255299999999999727e+01	6.449899999999999523e+01	6.617000000000000171e+01	6.777200000000000557e+01	6.939700000000000557e+01	7.109099999999999397e+01	7.255599999999999739e+01	7.404300000000000637e+01	7.571399999999999864e+01	7.727100000000000080e+01	7.843800000000000239e+01	7.935299999999999443e+01	8.068099999999999739e+01	8.248900000000000432e+01	8.342700000000000671e+01	8.427400000000000091e+01	8.512099999999999511e+01	8.580800000000000693e+01	8.670000000000000284e+01	8.672299999999999898e+01	9.565000000000000568e+01	9.571800000000000352e+01	9.615300000000000580e+01	9.635899999999999466e+01	9.651900000000000546e+01	9.715999999999999659e+01	9.750400000000000489e+01	9.796099999999999852e+01	9.809900000000000375e+01	9.818999999999999773e+01	1.004560000000000031e+02	1.007079999999999984e+02	1.009830000000000041e+02	1.011430000000000007e+02	1.013490000000000038e+02	1.015090000000000003e+02	1.015550000000000068e+02	1.018070000000000022e+02	1.016919999999999931e+02	1.017150000000000034e+02	1.022420000000000044e+02	1.022870000000000061e+02	1.019440000000000026e+02	1.021730000000000018e+02	1.023790000000000049e+02	1.023329999999999984e+02	1.024479999999999933e+02	1.024020000000000010e+02	1.023100000000000023e+02	1.025849999999999937e+02	1.025619999999999976e+02	1.024249999999999972e+02	1.024249999999999972e+02	1.024249999999999972e+02	1.030649999999999977e+02	1.032489999999999952e+02	1.032710000000000008e+02	1.031569999999999965e+02	1.032939999999999969e+02	1.032710000000000008e+02	1.033629999999999995e+02	1.036610000000000014e+02	1.036149999999999949e+02	1.035229999999999961e+02	1.037519999999999953e+02	1.043010000000000019e+02	1.044620000000000033e+02
0.000000000000000000e+00	2.047810000000000059e+02	1.909329999999999927e+02	1.781390000000000100e+02	1.644290000000000020e+02	1.523439999999999941e+02	1.421359999999999957e+02	1.352009999999999934e+02	1.263430000000000035e+02	1.198649999999999949e+02	1.146009999999999991e+02	1.107560000000000002e+02	1.076200000000000045e+02	1.045759999999999934e+02	1.018750000000000000e+02	9.983799999999999386e+01	9.800700000000000500e+01	9.624500000000000455e+01	9.464300000000000068e+01	9.294899999999999807e+01	9.123199999999999932e+01	8.894299999999999784e+01	8.626600000000000534e+01	8.333599999999999852e+01	8.054399999999999693e+01	7.834600000000000364e+01	7.640099999999999625e+01	7.527899999999999636e+01	7.376900000000000546e+01	7.271599999999999397e+01	7.191500000000000625e+01	7.136499999999999488e+01	7.090800000000000125e+01	7.074699999999999989e+01	7.051800000000000068e+01	7.022100000000000364e+01	7.012900000000000489e+01	7.017499999999999716e+01	7.008400000000000318e+01	7.022100000000000364e+01	7.038100000000000023e+01	7.045000000000000284e+01	7.038100000000000023e+01	7.051800000000000068e+01	7.079300000000000637e+01	7.074699999999999989e+01	7.083899999999999864e+01	7.097599999999999909e+01	7.125100000000000477e+01	7.152599999999999625e+01	7.296800000000000352e+01	7.315099999999999625e+01	7.351699999999999591e+01	7.379200000000000159e+01	7.401999999999999602e+01	7.420300000000000296e+01	7.454699999999999704e+01	7.477599999999999625e+01	7.495900000000000318e+01	7.525600000000000023e+01	7.537099999999999511e+01	7.550799999999999557e+01	7.582899999999999352e+01	7.594299999999999784e+01	7.603499999999999659e+01	7.628600000000000136e+01	7.665300000000000580e+01	7.727100000000000080e+01	7.747700000000000387e+01	7.754500000000000171e+01	7.779699999999999704e+01	7.775100000000000477e+01	7.791100000000000136e+01	7.814000000000000057e+01	7.846099999999999852e+01	7.862099999999999511e+01	7.875799999999999557e+01	7.887300000000000466e+01	7.910200000000000387e+01	7.932999999999999829e+01	7.962800000000000011e+01	7.958199999999999363e+01	7.969700000000000273e+01	7.987999999999999545e+01	8.006300000000000239e+01	8.047499999999999432e+01	8.077200000000000557e+01	8.086400000000000432e+01	8.104699999999999704e+01	8.134499999999999886e+01	8.143600000000000705e+01	8.159600000000000364e+01	8.173399999999999466e+01	8.193999999999999773e+01	8.216899999999999693e+01	8.251200000000000045e+01	8.278700000000000614e+01	8.294700000000000273e+01	8.315300000000000580e+01	8.333599999999999852e+01	8.351900000000000546e+01	8.367900000000000205e+01	8.388500000000000512e+01	8.409099999999999397e+01	8.431999999999999318e+01	8.473199999999999932e+01	8.493800000000000239e+01	8.516700000000000159e+01	8.532699999999999818e+01	8.551000000000000512e+01	8.564799999999999613e+01	8.589900000000000091e+01	8.599099999999999966e+01	8.615099999999999625e+01	8.642600000000000193e+01	8.660899999999999466e+01	8.692900000000000205e+01	8.729600000000000648e+01	8.754699999999999704e+01	8.782200000000000273e+01	8.809699999999999420e+01	8.825700000000000500e+01	8.846299999999999386e+01	8.871500000000000341e+01	8.892100000000000648e+01	8.914900000000000091e+01	8.937800000000000011e+01	8.972199999999999420e+01	8.985899999999999466e+01	8.985899999999999466e+01	9.004200000000000159e+01	9.040800000000000125e+01	9.077500000000000568e+01	9.104900000000000659e+01	9.123199999999999932e+01	9.139300000000000068e+01	9.153000000000000114e+01	9.191899999999999693e+01	9.221599999999999397e+01	9.207899999999999352e+01	9.265099999999999625e+01	9.283400000000000318e+01	9.320099999999999341e+01	9.349800000000000466e+01	9.379600000000000648e+01	9.411599999999999966e+01	9.434499999999999886e+01	9.475700000000000500e+01	9.498600000000000421e+01	9.551200000000000045e+01	9.571800000000000352e+01	9.599299999999999500e+01	9.651900000000000546e+01	9.674800000000000466e+01	9.695399999999999352e+01	9.738899999999999579e+01	9.773300000000000409e+01	9.796099999999999852e+01	9.848799999999999955e+01	9.832800000000000296e+01	9.857899999999999352e+01	9.892300000000000182e+01	9.915200000000000102e+01	9.956399999999999295e+01	9.981499999999999773e+01	1.000439999999999969e+02	1.002729999999999961e+02	1.005709999999999980e+02	1.008449999999999989e+02	1.010739999999999981e+02	1.013949999999999960e+02	1.015780000000000030e+02	1.018750000000000000e+02	1.022420000000000044e+02	1.024249999999999972e+02	1.026760000000000019e+02	1.029969999999999999e+02	1.031800000000000068e+02	1.035229999999999961e+02	1.036830000000000069e+02	1.039809999999999945e+02	1.040729999999999933e+02	1.044159999999999968e+02	1.046219999999999999e+02	1.047819999999999965e+02	1.049189999999999969e+02	1.051029999999999944e+02	1.053539999999999992e+02	1.055829999999999984e+02	1.057429999999999950e+02
1.000000000000000000e+00	3.394549999999999841e+02	3.018949999999999818e+02	2.688670000000000186e+02	2.399370000000000118e+02	2.134550000000000125e+02	1.916889999999999930e+02	1.745449999999999875e+02	1.604000000000000057e+02	1.498259999999999934e+02	1.419979999999999905e+02	1.338729999999999905e+02	1.276470000000000056e+02	1.243289999999999935e+02	1.203919999999999959e+02	1.168439999999999941e+02	1.140750000000000028e+02	1.120150000000000006e+02	1.101839999999999975e+02	1.087879999999999967e+02	1.076430000000000007e+02	1.065900000000000034e+02	1.056979999999999933e+02	1.048280000000000030e+02	1.042560000000000002e+02	1.039809999999999945e+02	1.035690000000000026e+02	1.030879999999999939e+02	1.026539999999999964e+02	1.019899999999999949e+02	1.013259999999999934e+02	1.006159999999999997e+02	9.986100000000000421e+01	9.890000000000000568e+01	9.837300000000000466e+01	9.796099999999999852e+01	9.741200000000000614e+01	9.711499999999999488e+01	9.672499999999999432e+01	9.651900000000000546e+01	9.656499999999999773e+01	9.665699999999999648e+01	9.656499999999999773e+01	9.677100000000000080e+01	9.690900000000000603e+01	9.686299999999999955e+01	9.734300000000000352e+01	9.750400000000000489e+01	9.768699999999999761e+01	9.798399999999999466e+01	9.812199999999999989e+01	9.851099999999999568e+01	9.896899999999999409e+01	9.919700000000000273e+01	9.940300000000000580e+01	9.997599999999999909e+01	1.002729999999999961e+02	1.006389999999999958e+02	1.012570000000000050e+02	1.016689999999999969e+02	1.020360000000000014e+02	1.026310000000000002e+02	1.031340000000000003e+02	1.034320000000000022e+02	1.041640000000000015e+02	1.045759999999999934e+02	1.051250000000000000e+02	1.058580000000000041e+02	1.064069999999999965e+02	1.069110000000000014e+02	1.075739999999999981e+02	1.081470000000000056e+02	1.088100000000000023e+02	1.095430000000000064e+02	1.100690000000000026e+02	1.106189999999999998e+02	1.113739999999999952e+02	1.120829999999999984e+02	1.126329999999999956e+02	1.134339999999999975e+02	1.140750000000000028e+02	1.146700000000000017e+02	1.154479999999999933e+02	1.162030000000000030e+02	1.165699999999999932e+02	1.178280000000000030e+02	1.184689999999999941e+02	1.190870000000000033e+02	1.200490000000000066e+02	1.209639999999999986e+02	1.216740000000000066e+02	1.229099999999999966e+02	1.239620000000000033e+02	1.250840000000000032e+02	1.266860000000000070e+02	1.281740000000000066e+02	1.297069999999999936e+02	1.317669999999999959e+02	1.337359999999999900e+02	1.357959999999999923e+02	1.374660000000000082e+02	1.400070000000000050e+02	1.426160000000000139e+02	1.455000000000000000e+02	1.483609999999999900e+02	1.512680000000000007e+02	1.543810000000000002e+02	1.574939999999999998e+02	1.605610000000000070e+02	1.637189999999999941e+02	1.668779999999999859e+02	1.696469999999999914e+02	1.723710000000000093e+02	1.751399999999999864e+02	1.775440000000000111e+02	1.797870000000000061e+02	1.820759999999999934e+02	1.840670000000000073e+02	1.861500000000000057e+02	1.878890000000000100e+02	1.895140000000000100e+02	1.913449999999999989e+02	1.926959999999999980e+02	1.940689999999999884e+02	1.954879999999999995e+02	1.966779999999999973e+02	1.976169999999999902e+02	1.987150000000000034e+02	1.997680000000000007e+02	2.006839999999999975e+02	2.016220000000000141e+02	2.024230000000000018e+02	2.030639999999999930e+02	2.036819999999999879e+02	2.042309999999999945e+02	2.047580000000000098e+02	2.052609999999999957e+02	2.055819999999999936e+02	2.059939999999999998e+02	2.064509999999999934e+02	2.068180000000000121e+02	2.070240000000000009e+02	2.074360000000000070e+02	2.077330000000000041e+02	2.079389999999999930e+02	2.082369999999999948e+02	2.084660000000000082e+02	2.087860000000000014e+02	2.090840000000000032e+02	2.094499999999999886e+02	2.094960000000000093e+02	2.098849999999999909e+02	2.100680000000000121e+02	2.102280000000000086e+02	2.104110000000000014e+02	2.070920000000000130e+02	2.073899999999999864e+02	2.077330000000000041e+02	2.079389999999999930e+02	2.080759999999999934e+02	2.080540000000000020e+02	2.068629999999999995e+02	2.075960000000000036e+02	2.077789999999999964e+02	2.079159999999999968e+02	2.079159999999999968e+02	2.081220000000000141e+02	2.080540000000000020e+02	2.083050000000000068e+02	2.083969999999999914e+02	2.085109999999999957e+02	2.085569999999999879e+02	2.087170000000000130e+02	2.089000000000000057e+02	2.090840000000000032e+02	2.090840000000000032e+02	2.088549999999999898e+02	2.090380000000000109e+02	2.090840000000000032e+02	2.091059999999999945e+02	2.091289999999999907e+02	2.091289999999999907e+02	2.091289999999999907e+02	2.090840000000000032e+02	2.089689999999999941e+02	2.091750000000000114e+02	2.091059999999999945e+02	2.091289999999999907e+02	2.092439999999999998e+02	2.093350000000000080e+02
0.000000000000000000e+00	3.361820000000000164e+02	3.060380000000000109e+02	2.804030000000000200e+02	2.544710000000000036e+02	2.308269999999999982e+02	2.120589999999999975e+02	1.942059999999999889e+02	1.794890000000000043e+02	1.663509999999999991e+02	1.548839999999999861e+02	1.445389999999999873e+02	1.366419999999999959e+02	1.284029999999999916e+02	1.223829999999999956e+02	1.162720000000000056e+02	1.107560000000000002e+02	1.063389999999999986e+02	1.023790000000000049e+02	9.903700000000000614e+01	9.578700000000000614e+01	9.182699999999999818e+01	8.843999999999999773e+01	8.578499999999999659e+01	8.283199999999999363e+01	8.038299999999999557e+01	7.836899999999999977e+01	7.587399999999999523e+01	7.429500000000000171e+01	7.271599999999999397e+01	7.106799999999999784e+01	6.992300000000000182e+01	6.912199999999999989e+01	6.880200000000000671e+01	6.758899999999999864e+01	6.699399999999999977e+01	6.653600000000000136e+01	6.598699999999999477e+01	6.626099999999999568e+01	6.532299999999999329e+01	6.511700000000000443e+01	6.495699999999999363e+01	6.484199999999999875e+01	6.488800000000000523e+01	6.516299999999999670e+01	6.516299999999999670e+01	6.523099999999999454e+01	6.534600000000000364e+01	6.539199999999999591e+01	6.491100000000000136e+01	6.477400000000000091e+01	6.475100000000000477e+01	6.461299999999999955e+01	6.459000000000000341e+01	6.479600000000000648e+01	6.470499999999999829e+01	6.479600000000000648e+01	6.509399999999999409e+01	6.527700000000000102e+01	6.545999999999999375e+01	6.614700000000000557e+01	6.584900000000000375e+01	6.603199999999999648e+01	6.614700000000000557e+01	6.646699999999999875e+01	6.642199999999999704e+01	6.637600000000000477e+01	6.637600000000000477e+01	6.651300000000000523e+01	6.651300000000000523e+01	6.678799999999999670e+01	6.697100000000000364e+01	6.713100000000000023e+01	6.720000000000000284e+01	6.735999999999999943e+01	6.758899999999999864e+01	6.793200000000000216e+01	6.816100000000000136e+01	6.816100000000000136e+01	6.804699999999999704e+01	6.834399999999999409e+01	6.839000000000000057e+01	6.848099999999999454e+01	6.816100000000000136e+01	6.850400000000000489e+01	6.839000000000000057e+01	6.843600000000000705e+01	6.857299999999999329e+01	6.861899999999999977e+01	6.896200000000000330e+01	6.889300000000000068e+01	6.900799999999999557e+01	6.909900000000000375e+01	6.946599999999999397e+01	6.962600000000000477e+01	7.081600000000000250e+01	7.106799999999999784e+01	7.141100000000000136e+01	7.186899999999999977e+01	7.198300000000000409e+01	7.189199999999999591e+01	7.202899999999999636e+01	7.218899999999999295e+01	7.237199999999999989e+01	7.282999999999999829e+01	7.282999999999999829e+01	7.303600000000000136e+01	7.321899999999999409e+01	7.317400000000000659e+01	7.324200000000000443e+01	7.310500000000000398e+01	7.310500000000000398e+01	7.298999999999999488e+01	7.319599999999999795e+01	7.301300000000000523e+01	7.308199999999999363e+01	7.333400000000000318e+01	7.333400000000000318e+01	7.335699999999999932e+01	7.354000000000000625e+01	7.397499999999999432e+01	7.404300000000000637e+01	7.450100000000000477e+01	7.543899999999999295e+01	7.521099999999999852e+01	7.527899999999999636e+01	7.550799999999999557e+01	7.557699999999999818e+01	7.559999999999999432e+01	7.582899999999999352e+01	7.582899999999999352e+01	7.607999999999999829e+01	7.603499999999999659e+01	7.619499999999999318e+01	7.626300000000000523e+01	7.653799999999999670e+01	7.646899999999999409e+01	7.704200000000000159e+01	7.713299999999999557e+01	7.729300000000000637e+01	7.743099999999999739e+01	7.772799999999999443e+01	7.798000000000000398e+01	7.823199999999999932e+01	7.836899999999999977e+01	7.871200000000000330e+01	7.894100000000000250e+01	7.926200000000000045e+01	7.969700000000000273e+01	8.004000000000000625e+01	8.020000000000000284e+01	8.040600000000000591e+01	8.068099999999999739e+01	8.116100000000000136e+01	8.155100000000000193e+01	8.157299999999999329e+01	8.136700000000000443e+01	8.189400000000000546e+01	8.198499999999999943e+01	8.246599999999999397e+01	8.269499999999999318e+01	8.294700000000000273e+01	8.322100000000000364e+01	8.361100000000000421e+01	8.312999999999999545e+01	8.379399999999999693e+01	8.404500000000000171e+01	8.431999999999999318e+01	8.454900000000000659e+01	8.486899999999999977e+01	8.489199999999999591e+01	8.503000000000000114e+01	8.786799999999999500e+01	8.800499999999999545e+01	8.834799999999999898e+01	8.855400000000000205e+01	8.892100000000000648e+01	8.912699999999999534e+01	8.926399999999999579e+01	8.958400000000000318e+01	8.969899999999999807e+01	9.017900000000000205e+01	9.109499999999999886e+01	9.125499999999999545e+01	9.146099999999999852e+01	9.171299999999999386e+01	9.187300000000000466e+01	9.095799999999999841e+01	9.150700000000000500e+01	9.123199999999999932e+01
1.000000000000000000e+00	2.647710000000000150e+02	2.440800000000000125e+02	2.256999999999999886e+02	2.097239999999999895e+02	1.950529999999999973e+02	1.812059999999999889e+02	1.686630000000000109e+02	1.574250000000000114e+02	1.470339999999999918e+02	1.386570000000000107e+02	1.318360000000000127e+02	1.258160000000000025e+02	1.211700000000000017e+02	1.172330000000000041e+02	1.135250000000000057e+02	1.103900000000000006e+02	1.072309999999999945e+02	1.035229999999999961e+02	9.954099999999999682e+01	9.583299999999999841e+01	9.242199999999999704e+01	8.919499999999999318e+01	8.649399999999999977e+01	8.411400000000000432e+01	8.214600000000000080e+01	8.020000000000000284e+01	7.889600000000000080e+01	7.752200000000000557e+01	7.658400000000000318e+01	7.571399999999999864e+01	7.486700000000000443e+01	7.436400000000000432e+01	7.397499999999999432e+01	7.347100000000000364e+01	7.321899999999999409e+01	7.285299999999999443e+01	7.271599999999999397e+01	7.251000000000000512e+01	7.216599999999999682e+01	7.195999999999999375e+01	7.189199999999999591e+01	7.189199999999999591e+01	7.166299999999999670e+01	7.177700000000000102e+01	7.177700000000000102e+01	7.145699999999999363e+01	7.161700000000000443e+01	7.168600000000000705e+01	7.152599999999999625e+01	7.136499999999999488e+01	7.115900000000000603e+01	7.111400000000000432e+01	7.152599999999999625e+01	7.136499999999999488e+01	7.145699999999999363e+01	7.193800000000000239e+01	7.170900000000000318e+01	7.170900000000000318e+01	7.177700000000000102e+01	7.175400000000000489e+01	7.257800000000000296e+01	7.232699999999999818e+01	7.257800000000000296e+01	7.251000000000000512e+01	7.251000000000000512e+01	7.264700000000000557e+01	7.335699999999999932e+01	7.376900000000000546e+01	7.376900000000000546e+01	7.376900000000000546e+01	7.372299999999999898e+01	7.363100000000000023e+01	7.411199999999999477e+01	7.383700000000000330e+01	7.381399999999999295e+01	7.360800000000000409e+01	7.452400000000000091e+01	7.411199999999999477e+01	7.429500000000000171e+01	7.447799999999999443e+01	7.440900000000000603e+01	7.434099999999999397e+01	7.438700000000000045e+01	7.473000000000000398e+01	7.473000000000000398e+01	7.473000000000000398e+01	7.504999999999999716e+01	7.502700000000000102e+01	7.482099999999999795e+01	7.484399999999999409e+01	7.603499999999999659e+01	7.576000000000000512e+01	7.607999999999999829e+01	7.594299999999999784e+01	7.598900000000000432e+01	7.596599999999999397e+01	7.598900000000000432e+01	7.614900000000000091e+01	7.619499999999999318e+01	7.637800000000000011e+01	7.697299999999999898e+01	7.829999999999999716e+01	7.807200000000000273e+01	7.820900000000000318e+01	7.820900000000000318e+01	7.832299999999999329e+01	7.855200000000000671e+01	7.891800000000000637e+01	7.955899999999999750e+01	7.994799999999999329e+01	8.038299999999999557e+01	8.118399999999999750e+01	8.184799999999999898e+01	8.258100000000000307e+01	8.381699999999999307e+01	8.500700000000000500e+01	8.606000000000000227e+01	8.695199999999999818e+01	8.793600000000000705e+01	8.903499999999999659e+01	9.043099999999999739e+01	9.166700000000000159e+01	9.290300000000000580e+01	9.423099999999999454e+01	9.546699999999999875e+01	9.688599999999999568e+01	9.830500000000000682e+01	9.976999999999999602e+01	1.012339999999999947e+02	1.028139999999999930e+02	1.042789999999999964e+02	1.062009999999999934e+02	1.071620000000000061e+02	1.089479999999999933e+02	1.104579999999999984e+02	1.117630000000000052e+02	1.127469999999999999e+02	1.138919999999999959e+02	1.164549999999999983e+02	1.170499999999999972e+02	1.178050000000000068e+02	1.185610000000000070e+02	1.205520000000000067e+02	1.209180000000000064e+02	1.213990000000000009e+02	1.219020000000000010e+02	1.224519999999999982e+02	1.232300000000000040e+02	1.237109999999999985e+02	1.245799999999999983e+02	1.248550000000000040e+02	1.251299999999999955e+02	1.253810000000000002e+02	1.254270000000000067e+02	1.258389999999999986e+02	1.259989999999999952e+02	1.270750000000000028e+02	1.271670000000000016e+02	1.271670000000000016e+02	1.271670000000000016e+02	1.276250000000000000e+02	1.275789999999999935e+02	1.277620000000000005e+02	1.291119999999999948e+02	1.300279999999999916e+02	1.296620000000000061e+02	1.294329999999999927e+02	1.292500000000000000e+02	1.292500000000000000e+02	1.291119999999999948e+02	1.302570000000000050e+02	1.306920000000000073e+02	1.308290000000000077e+02	1.308290000000000077e+02	1.305310000000000059e+02	1.308290000000000077e+02	1.308060000000000116e+02	1.304859999999999900e+02	1.303249999999999886e+02	1.303019999999999925e+02	1.301419999999999959e+02	1.303480000000000132e+02	1.311040000000000134e+02	1.304399999999999977e+02	1.303940000000000055e+02	1.302800000000000011e+02	1.299360000000000070e+02	1.307599999999999909e+02	1.307139999999999986e+02
1.000000000000000000e+00	3.384929999999999950e+02	3.048929999999999723e+02	2.757799999999999727e+02	2.496189999999999998e+02	2.280579999999999927e+02	2.084199999999999875e+02	1.915279999999999916e+02	1.779559999999999889e+02	1.669919999999999902e+02	1.580200000000000102e+02	1.498720000000000141e+02	1.432800000000000011e+02	1.375809999999999889e+02	1.324079999999999870e+02	1.288600000000000136e+02	1.249240000000000066e+02	1.195909999999999940e+02	1.135939999999999941e+02	1.081470000000000056e+02	1.025390000000000015e+02	9.862500000000000000e+01	9.548999999999999488e+01	9.331499999999999773e+01	9.127800000000000580e+01	8.953900000000000148e+01	8.828000000000000114e+01	8.734099999999999397e+01	8.670000000000000284e+01	8.612800000000000011e+01	8.532699999999999818e+01	8.454900000000000659e+01	8.390800000000000125e+01	8.333599999999999852e+01	8.317600000000000193e+01	8.312999999999999545e+01	8.276399999999999579e+01	8.292400000000000659e+01	8.280899999999999750e+01	8.205400000000000205e+01	8.221399999999999864e+01	8.198499999999999943e+01	8.166500000000000625e+01	8.235200000000000387e+01	8.239700000000000557e+01	8.223699999999999477e+01	8.230599999999999739e+01	8.223699999999999477e+01	8.244299999999999784e+01	8.306100000000000705e+01	8.308400000000000318e+01	8.296999999999999886e+01	8.315300000000000580e+01	8.329000000000000625e+01	8.326699999999999591e+01	8.342700000000000671e+01	8.420600000000000307e+01	8.349599999999999511e+01	8.356499999999999773e+01	8.312999999999999545e+01	8.500700000000000500e+01	8.541899999999999693e+01	8.583100000000000307e+01	8.562500000000000000e+01	8.571599999999999397e+01	8.551000000000000512e+01	8.532699999999999818e+01	8.587600000000000477e+01	8.615099999999999625e+01	8.599099999999999966e+01	8.621999999999999886e+01	8.738700000000000045e+01	8.750199999999999534e+01	9.008799999999999386e+01	8.949299999999999500e+01	8.979000000000000625e+01	9.034000000000000341e+01	9.189600000000000080e+01	9.164400000000000546e+01	9.166700000000000159e+01	9.416200000000000614e+01	9.388700000000000045e+01	9.388700000000000045e+01	9.377299999999999613e+01	9.395600000000000307e+01	9.409300000000000352e+01	9.647400000000000375e+01	9.612999999999999545e+01	9.642799999999999727e+01	9.668000000000000682e+01	9.702299999999999613e+01	9.743500000000000227e+01	9.766400000000000148e+01	9.805299999999999727e+01	9.862500000000000000e+01	9.937999999999999545e+01	1.004789999999999992e+02	1.019899999999999949e+02	1.024479999999999933e+02	1.038209999999999980e+02	1.053769999999999953e+02	1.074599999999999937e+02	1.086730000000000018e+02	1.098400000000000034e+02	1.128160000000000025e+02	1.159290000000000020e+02	1.185150000000000006e+02	1.211929999999999978e+02	1.257480000000000047e+02	1.309199999999999875e+02	1.356579999999999870e+02	1.395260000000000105e+02	1.451339999999999861e+02	1.514739999999999895e+02	1.572189999999999941e+02	1.635360000000000014e+02	1.693040000000000020e+02	1.749110000000000014e+02	1.802669999999999959e+02	1.851200000000000045e+02	1.900629999999999882e+02	1.945720000000000027e+02	1.987839999999999918e+02	2.028120000000000118e+02	2.069550000000000125e+02	2.105260000000000105e+02	2.138669999999999902e+02	2.173919999999999959e+02	2.203220000000000027e+02	2.231829999999999927e+02	2.256999999999999886e+02	2.284929999999999950e+02	2.307129999999999939e+02	2.327500000000000000e+02	2.346040000000000134e+02	2.367100000000000080e+02	2.384950000000000045e+02	2.408290000000000077e+02	2.424770000000000039e+02	2.446289999999999907e+02	2.460250000000000057e+02	2.476270000000000095e+02	2.492069999999999936e+02	2.503509999999999991e+02	2.503969999999999914e+02	2.518619999999999948e+02	2.537839999999999918e+02	2.552949999999999875e+02	2.572169999999999845e+02	2.584300000000000068e+02	2.596890000000000214e+02	2.614289999999999736e+02	2.625960000000000036e+02	2.637860000000000014e+02	2.649769999999999754e+02	2.661440000000000055e+02	2.671279999999999859e+02	2.675169999999999959e+02	2.685930000000000177e+02	2.698290000000000077e+02	2.706070000000000277e+02	2.716829999999999927e+02	2.727130000000000223e+02	2.742459999999999809e+02	2.752300000000000182e+02	2.764660000000000082e+02	2.779309999999999832e+02	2.784809999999999945e+02	2.797620000000000005e+02	2.805400000000000205e+02	2.814100000000000250e+02	2.822799999999999727e+02	2.831499999999999773e+02	2.837909999999999968e+02	2.842710000000000150e+02	2.888489999999999895e+02	2.886890000000000214e+02	2.892379999999999995e+02	2.899019999999999868e+02	2.903589999999999804e+02	2.908860000000000241e+02	2.904049999999999727e+02	2.905199999999999818e+02	2.912980000000000018e+02	2.913210000000000264e+02	2.915269999999999868e+02	2.920070000000000050e+02	2.917330000000000041e+02	2.916179999999999950e+02	2.916870000000000118e+02
0.000000000000000000e+00	4.484710000000000036e+02	3.917080000000000268e+02	3.446039999999999850e+02	3.058319999999999936e+02	2.751159999999999854e+02	2.491839999999999975e+02	2.276229999999999905e+02	2.105709999999999980e+02	1.968160000000000025e+02	1.862179999999999893e+02	1.782990000000000066e+02	1.708139999999999930e+02	1.656419999999999959e+02	1.611100000000000136e+02	1.572880000000000109e+02	1.539459999999999980e+02	1.515430000000000064e+02	1.488880000000000052e+02	1.452940000000000111e+02	1.413340000000000032e+02	1.382450000000000045e+02	1.355670000000000073e+02	1.334379999999999882e+02	1.315380000000000109e+02	1.299130000000000109e+02	1.288379999999999939e+02	1.279680000000000035e+02	1.270750000000000028e+02	1.264110000000000014e+02	1.258160000000000025e+02	1.256560000000000059e+02	1.255649999999999977e+02	1.253589999999999947e+02	1.251760000000000019e+02	1.251530000000000058e+02	1.251299999999999955e+02	1.264339999999999975e+02	1.260000000000000000e+02	1.255649999999999977e+02	1.257019999999999982e+02	1.254500000000000028e+02	1.255190000000000055e+02	1.257710000000000008e+02	1.255649999999999977e+02	1.254039999999999964e+02	1.254039999999999964e+02	1.256560000000000059e+02	1.258850000000000051e+02	1.261599999999999966e+02	1.264569999999999936e+02	1.266860000000000070e+02	1.269609999999999985e+02	1.272810000000000059e+02	1.277849999999999966e+02	1.282419999999999902e+02	1.284480000000000075e+02	1.289290000000000020e+02	1.294329999999999927e+02	1.296839999999999975e+02	1.300960000000000036e+02	1.304629999999999939e+02	1.309890000000000043e+02	1.313319999999999936e+02	1.316529999999999916e+02	1.323170000000000073e+02	1.328660000000000139e+02	1.331179999999999950e+02	1.336440000000000055e+02	1.340329999999999870e+02	1.354749999999999943e+02	1.354979999999999905e+02	1.355900000000000034e+02	1.358870000000000005e+02	1.361620000000000061e+02	1.362990000000000066e+02	1.365049999999999955e+02	1.366879999999999882e+02	1.368940000000000055e+02	1.371690000000000111e+02	1.374890000000000043e+02	1.375120000000000005e+02	1.379699999999999989e+02	1.381529999999999916e+02	1.385879999999999939e+02	1.391140000000000043e+02	1.392750000000000057e+02	1.397100000000000080e+02	1.399840000000000089e+02	1.405329999999999870e+02	1.409000000000000057e+02	1.410140000000000100e+02	1.412429999999999950e+02	1.417920000000000016e+02	1.420209999999999866e+02	1.462560000000000002e+02	1.463240000000000123e+02	1.469650000000000034e+02	1.474000000000000057e+02	1.480180000000000007e+02	1.481090000000000089e+02	1.483839999999999861e+02	1.485900000000000034e+02	1.491390000000000100e+02	1.495970000000000084e+02	1.499629999999999939e+02	1.502379999999999995e+02	1.503069999999999879e+02	1.510159999999999911e+02	1.512220000000000084e+02	1.522059999999999889e+02	1.527330000000000041e+02	1.529389999999999930e+02	1.531220000000000141e+02	1.537170000000000130e+02	1.540380000000000109e+02	1.541750000000000114e+02	1.542889999999999873e+02	1.545180000000000007e+02	1.545869999999999891e+02	1.546779999999999973e+02	1.547930000000000064e+02	1.548839999999999861e+02	1.548839999999999861e+02	1.548160000000000025e+02	1.555709999999999980e+02	1.556169999999999902e+02	1.558679999999999950e+02	1.559830000000000041e+02	1.562350000000000136e+02	1.563259999999999934e+02	1.568069999999999879e+02	1.570130000000000052e+02	1.571270000000000095e+02	1.571040000000000134e+02	1.572649999999999864e+02	1.573789999999999907e+02	1.573329999999999984e+02	1.575159999999999911e+02	1.576539999999999964e+02	1.576769999999999925e+02	1.579060000000000059e+02	1.580200000000000102e+02	1.580660000000000025e+02	1.581119999999999948e+02	1.581119999999999948e+02	1.582030000000000030e+02	1.583400000000000034e+02	1.583400000000000034e+02	1.582719999999999914e+02	1.582949999999999875e+02	1.583859999999999957e+02	1.584089999999999918e+02	1.585920000000000130e+02	1.586380000000000052e+02	1.587069999999999936e+02	1.587520000000000095e+02	1.589130000000000109e+02	1.594159999999999968e+02	1.594619999999999891e+02	1.596680000000000064e+02	1.598280000000000030e+02	1.598509999999999991e+02	1.599660000000000082e+02	1.599660000000000082e+02	1.601719999999999970e+02	1.602170000000000130e+02	1.603549999999999898e+02	1.603779999999999859e+02	1.606750000000000114e+02	1.610409999999999968e+02	1.613160000000000025e+02	1.613389999999999986e+02	1.611100000000000136e+02	1.612930000000000064e+02	1.613619999999999948e+02	1.613160000000000025e+02	1.613619999999999948e+02	1.613160000000000025e+02	1.615219999999999914e+02	1.616819999999999879e+02	1.620709999999999980e+02	1.620480000000000018e+02	1.623230000000000075e+02	1.624370000000000118e+02	1.623230000000000075e+02	1.625289999999999964e+02	1.624370000000000118e+02	1.625060000000000002e+02	1.627350000000000136e+02
0.000000000000000000e+00	4.868090000000000259e+02	4.232029999999999745e+02	3.683849999999999909e+02	3.244169999999999732e+02	2.884370000000000118e+02	2.593690000000000282e+02	2.375339999999999918e+02	2.202069999999999936e+02	2.075269999999999868e+02	1.977769999999999868e+02	1.898120000000000118e+02	1.833569999999999993e+02	1.774519999999999982e+02	1.724399999999999977e+02	1.683199999999999932e+02	1.646579999999999870e+02	1.616589999999999918e+02	1.590730000000000075e+02	1.566469999999999914e+02	1.548609999999999900e+02	1.533969999999999914e+02	1.520459999999999923e+02	1.509929999999999950e+02	1.500780000000000030e+02	1.493909999999999911e+02	1.489110000000000014e+02	1.486359999999999957e+02	1.482700000000000102e+02	1.481779999999999973e+02	1.482470000000000141e+02	1.481090000000000089e+02	1.483609999999999900e+02	1.484530000000000030e+02	1.487959999999999923e+02	1.489559999999999889e+02	1.491850000000000023e+02	1.494830000000000041e+02	1.499180000000000064e+02	1.504439999999999884e+02	1.507870000000000061e+02	1.513600000000000136e+02	1.516570000000000107e+02	1.522750000000000057e+02	1.529159999999999968e+02	1.534190000000000111e+02	1.538770000000000095e+02	1.545639999999999930e+02	1.551359999999999957e+02	1.555250000000000057e+02	1.562810000000000059e+02	1.569209999999999923e+02	1.573100000000000023e+02	1.579739999999999895e+02	1.584780000000000086e+02	1.589579999999999984e+02	1.595989999999999895e+02	1.601030000000000086e+02	1.606519999999999868e+02	1.612930000000000064e+02	1.617740000000000009e+02	1.623230000000000075e+02	1.628950000000000102e+02	1.633300000000000125e+02	1.637649999999999864e+02	1.644060000000000059e+02	1.649319999999999879e+02	1.654130000000000109e+02	1.660080000000000098e+02	1.664430000000000121e+02	1.668549999999999898e+02	1.673129999999999882e+02	1.677249999999999943e+02	1.680680000000000121e+02	1.685029999999999859e+02	1.689610000000000127e+02	1.692810000000000059e+02	1.698530000000000086e+02	1.702649999999999864e+02	1.706090000000000089e+02	1.710209999999999866e+02	1.715010000000000048e+02	1.718220000000000027e+02	1.723249999999999886e+02	1.726910000000000025e+02	1.730800000000000125e+02	1.733779999999999859e+02	1.738360000000000127e+02	1.741790000000000020e+02	1.747059999999999889e+02	1.749339999999999975e+02	1.752090000000000032e+02	1.756670000000000016e+02	1.759639999999999986e+02	1.763530000000000086e+02	1.766970000000000027e+02	1.769259999999999877e+02	1.772690000000000055e+02	1.776579999999999870e+02	1.780469999999999970e+02	1.782529999999999859e+02	1.785740000000000123e+02	1.789399999999999977e+02	1.790999999999999943e+02	1.795349999999999966e+02	1.797640000000000100e+02	1.799699999999999989e+02	1.803820000000000050e+02	1.806109999999999900e+02	1.808619999999999948e+02	1.812290000000000134e+02	1.815490000000000066e+02	1.818009999999999877e+02	1.820529999999999973e+02	1.823499999999999943e+02	1.825329999999999870e+02	1.827160000000000082e+02	1.828990000000000009e+02	1.831510000000000105e+02	1.833340000000000032e+02	1.836090000000000089e+02	1.836550000000000011e+02	1.840440000000000111e+02	1.840900000000000034e+02	1.841810000000000116e+02	1.844329999999999927e+02	1.846620000000000061e+02	1.847529999999999859e+02	1.850049999999999955e+02	1.852110000000000127e+02	1.853710000000000093e+02	1.854859999999999900e+02	1.856229999999999905e+02	1.857150000000000034e+02	1.859439999999999884e+02	1.860809999999999889e+02	1.861270000000000095e+02	1.863329999999999984e+02	1.864929999999999950e+02	1.864470000000000027e+02	1.865620000000000118e+02	1.866529999999999916e+02	1.867450000000000045e+02	1.869050000000000011e+02	1.870190000000000055e+02	1.870420000000000016e+02	1.872249999999999943e+02	1.872479999999999905e+02	1.872709999999999866e+02	1.873629999999999995e+02	1.874540000000000077e+02	1.874310000000000116e+02	1.875920000000000130e+02	1.881870000000000118e+02	1.883240000000000123e+02	1.883009999999999877e+02	1.883700000000000045e+02	1.883700000000000045e+02	1.883700000000000045e+02	1.884610000000000127e+02	1.883240000000000123e+02	1.884840000000000089e+02	1.885529999999999973e+02	1.886440000000000055e+02	1.887129999999999939e+02	1.888280000000000030e+02	1.887820000000000107e+02	1.889650000000000034e+02	1.891020000000000039e+02	1.890560000000000116e+02	1.891939999999999884e+02	1.892400000000000091e+02	1.893079999999999927e+02	1.894000000000000057e+02	1.895140000000000100e+02	1.895140000000000100e+02	1.896970000000000027e+02	1.897429999999999950e+02	1.898569999999999993e+02	1.899950000000000045e+02	1.901090000000000089e+02	1.900180000000000007e+02	1.903609999999999900e+02	1.904300000000000068e+02	1.904530000000000030e+02	1.906810000000000116e+02	1.906810000000000116e+02	1.906589999999999918e+02	1.908870000000000005e+02	1.910020000000000095e+02
0.000000000000000000e+00	3.177339999999999804e+02	2.868799999999999955e+02	2.601009999999999991e+02	2.359540000000000077e+02	2.160420000000000016e+02	1.991500000000000057e+02	1.852570000000000050e+02	1.746599999999999966e+02	1.648180000000000121e+02	1.574480000000000075e+02	1.513139999999999930e+02	1.464610000000000127e+02	1.426620000000000061e+02	1.398700000000000045e+02	1.368940000000000055e+02	1.342160000000000082e+02	1.319269999999999925e+02	1.300960000000000036e+02	1.292500000000000000e+02	1.278990000000000009e+02	1.271209999999999951e+02	1.264569999999999936e+02	1.260450000000000017e+02	1.253589999999999947e+02	1.246719999999999970e+02	1.239170000000000016e+02	1.230469999999999970e+02	1.218569999999999993e+02	1.209410000000000025e+02	1.199110000000000014e+02	1.189039999999999964e+02	1.181949999999999932e+02	1.175540000000000020e+02	1.170270000000000010e+02	1.167069999999999936e+02	1.165919999999999987e+02	1.164090000000000060e+02	1.162259999999999991e+02	1.161580000000000013e+02	1.165699999999999932e+02	1.167759999999999962e+02	1.165469999999999970e+02	1.166380000000000052e+02	1.170729999999999933e+02	1.172560000000000002e+02	1.179659999999999940e+02	1.182399999999999949e+02	1.185610000000000070e+02	1.188130000000000024e+02	1.195679999999999978e+02	1.199339999999999975e+02	1.201629999999999967e+02	1.206889999999999930e+02	1.210559999999999974e+02	1.215589999999999975e+02	1.221539999999999964e+02	1.226119999999999948e+02	1.231380000000000052e+02	1.236419999999999959e+02	1.242369999999999948e+02	1.248319999999999936e+02	1.254270000000000067e+02	1.261370000000000005e+02	1.266860000000000070e+02	1.274189999999999969e+02	1.281510000000000105e+02	1.289060000000000059e+02	1.294559999999999889e+02	1.310579999999999927e+02	1.318360000000000127e+02	1.329799999999999898e+02	1.340329999999999870e+02	1.346970000000000027e+02	1.352920000000000016e+02	1.360469999999999970e+02	1.368029999999999973e+02	1.375579999999999927e+02	1.381990000000000123e+02	1.384509999999999934e+02	1.420670000000000073e+02	1.424790000000000134e+02	1.430970000000000084e+02	1.436229999999999905e+02	1.442640000000000100e+02	1.446990000000000123e+02	1.452479999999999905e+02	1.457980000000000018e+02	1.463240000000000123e+02	1.467359999999999900e+02	1.473309999999999889e+02	1.476519999999999868e+02	1.477659999999999911e+02	1.482470000000000141e+02	1.487729999999999961e+02	1.491390000000000100e+02	1.498029999999999973e+02	1.502839999999999918e+02	1.505579999999999927e+02	1.510389999999999873e+02	1.519319999999999879e+02	1.522980000000000018e+02	1.525730000000000075e+02	1.530300000000000011e+02	1.531910000000000025e+02	1.535569999999999879e+02	1.538540000000000134e+02	1.541980000000000075e+02	1.544490000000000123e+02	1.548160000000000025e+02	1.550900000000000034e+02	1.554110000000000014e+02	1.557079999999999984e+02	1.559600000000000080e+02	1.562810000000000059e+02	1.566239999999999952e+02	1.569670000000000130e+02	1.585010000000000048e+02	1.578139999999999930e+02	1.581339999999999861e+02	1.584319999999999879e+02	1.586610000000000014e+02	1.590039999999999907e+02	1.592330000000000041e+02	1.595310000000000059e+02	1.597369999999999948e+02	1.599430000000000121e+02	1.599660000000000082e+02	1.603779999999999859e+02	1.606519999999999868e+02	1.610409999999999968e+02	1.611330000000000098e+02	1.613619999999999948e+02	1.616129999999999995e+02	1.618650000000000091e+02	1.621399999999999864e+02	1.623689999999999998e+02	1.626889999999999930e+02	1.629180000000000064e+02	1.631699999999999875e+02	1.633300000000000125e+02	1.635819999999999936e+02	1.637880000000000109e+02	1.639710000000000036e+02	1.641539999999999964e+02	1.643830000000000098e+02	1.644970000000000141e+02	1.647489999999999952e+02	1.648859999999999957e+02	1.649319999999999879e+02	1.650920000000000130e+02	1.652299999999999898e+02	1.655039999999999907e+02	1.655960000000000036e+02	1.658249999999999886e+02	1.659619999999999891e+02	1.660769999999999982e+02	1.662829999999999870e+02	1.664660000000000082e+02	1.666260000000000048e+02	1.666719999999999970e+02	1.668549999999999898e+02	1.670149999999999864e+02	1.671519999999999868e+02	1.673580000000000041e+02	1.675420000000000016e+02	1.676560000000000059e+02	1.677930000000000064e+02	1.679759999999999991e+02	1.680910000000000082e+02	1.681819999999999879e+02	1.683429999999999893e+02	1.684569999999999936e+02	1.684569999999999936e+02	1.686169999999999902e+02	1.687769999999999868e+02	1.688689999999999998e+02	1.761250000000000000e+02	1.765589999999999975e+02	1.768569999999999993e+02	1.769939999999999998e+02	1.771090000000000089e+02	1.774060000000000059e+02	1.775670000000000073e+02	1.777500000000000000e+02	1.817090000000000032e+02	1.817319999999999993e+02	1.817779999999999916e+02	1.816639999999999873e+02	1.817549999999999955e+02
0.000000000000000000e+00	1.697390000000000043e+02	1.548619999999999948e+02	1.413799999999999955e+02	1.292949999999999875e+02	1.186749999999999972e+02	1.095199999999999960e+02	1.016919999999999931e+02	9.594700000000000273e+01	9.159900000000000375e+01	8.846299999999999386e+01	8.592199999999999704e+01	8.404500000000000171e+01	8.251200000000000045e+01	8.118399999999999750e+01	8.038299999999999557e+01	7.946800000000000352e+01	7.894100000000000250e+01	7.841500000000000625e+01	7.786599999999999966e+01	7.761400000000000432e+01	7.724800000000000466e+01	7.699599999999999511e+01	7.674399999999999977e+01	7.662999999999999545e+01	7.630899999999999750e+01	7.646899999999999409e+01	7.656100000000000705e+01	7.676699999999999591e+01	7.669799999999999329e+01	7.690399999999999636e+01	7.740800000000000125e+01	7.763700000000000045e+01	7.775100000000000477e+01	7.770499999999999829e+01	7.793399999999999750e+01	7.827800000000000580e+01	7.829999999999999716e+01	7.896399999999999864e+01	7.930800000000000693e+01	7.939900000000000091e+01	7.951399999999999579e+01	7.987999999999999545e+01	8.001699999999999591e+01	8.015399999999999636e+01	8.052100000000000080e+01	8.056600000000000250e+01	8.065800000000000125e+01	8.139000000000000057e+01	8.145900000000000318e+01	8.180200000000000671e+01	8.198499999999999943e+01	8.209999999999999432e+01	8.242000000000000171e+01	8.260299999999999443e+01	8.296999999999999886e+01	8.299299999999999500e+01	8.356499999999999773e+01	8.390800000000000125e+01	8.390800000000000125e+01	8.413700000000000045e+01	8.431999999999999318e+01	8.454900000000000659e+01	8.473199999999999932e+01	8.477800000000000580e+01	8.493800000000000239e+01	8.507500000000000284e+01	8.514400000000000546e+01	8.537300000000000466e+01	8.569299999999999784e+01	8.628799999999999670e+01	8.631100000000000705e+01	8.651699999999999591e+01	8.665500000000000114e+01	8.667799999999999727e+01	8.697499999999999432e+01	8.697499999999999432e+01	8.720399999999999352e+01	8.745600000000000307e+01	8.761599999999999966e+01	8.756999999999999318e+01	8.791400000000000148e+01	8.802800000000000580e+01	8.809699999999999420e+01	8.823399999999999466e+01	8.857699999999999818e+01	8.864600000000000080e+01	8.892100000000000648e+01	8.962999999999999545e+01	8.953900000000000148e+01	8.967600000000000193e+01	8.997299999999999898e+01	9.004200000000000159e+01	9.017900000000000205e+01	9.043099999999999739e+01	9.065999999999999659e+01	9.093500000000000227e+01	9.240000000000000568e+01	9.253700000000000614e+01	9.287999999999999545e+01	9.290300000000000580e+01	9.253700000000000614e+01	9.274299999999999500e+01	9.278900000000000148e+01	9.297199999999999420e+01	9.308599999999999852e+01	9.315500000000000114e+01	9.329200000000000159e+01	9.345199999999999818e+01	9.359000000000000341e+01	9.345199999999999818e+01	9.393300000000000693e+01	9.390999999999999659e+01	9.393300000000000693e+01	9.411599999999999966e+01	9.411599999999999966e+01	9.413899999999999579e+01	9.429900000000000659e+01	9.432200000000000273e+01	9.434499999999999886e+01	9.439100000000000534e+01	9.452800000000000580e+01	9.452800000000000580e+01	9.464300000000000068e+01	9.468800000000000239e+01	9.475700000000000500e+01	9.489400000000000546e+01	9.491700000000000159e+01	9.512300000000000466e+01	9.514600000000000080e+01	9.537500000000000000e+01	9.551200000000000045e+01	9.574099999999999966e+01	9.560399999999999920e+01	9.565000000000000568e+01	9.759499999999999886e+01	9.768699999999999761e+01	9.764100000000000534e+01	9.780100000000000193e+01	9.791599999999999682e+01	9.837300000000000466e+01	9.860200000000000387e+01	9.855700000000000216e+01	9.871699999999999875e+01	9.883100000000000307e+01	9.887699999999999534e+01	9.892300000000000182e+01	9.919700000000000273e+01	9.924299999999999500e+01	9.883100000000000307e+01	9.677100000000000080e+01	9.690900000000000603e+01	9.702299999999999613e+01	9.718300000000000693e+01	9.736599999999999966e+01	9.729800000000000182e+01	9.754900000000000659e+01	9.770999999999999375e+01	9.770999999999999375e+01	9.787000000000000455e+01	9.800700000000000500e+01	9.800700000000000500e+01	9.805299999999999727e+01	9.818999999999999773e+01	9.818999999999999773e+01	9.825900000000000034e+01	9.871699999999999875e+01	9.869400000000000261e+01	9.876300000000000523e+01	9.892300000000000182e+01	9.887699999999999534e+01	9.896899999999999409e+01	9.915200000000000102e+01	1.011430000000000007e+02	1.012800000000000011e+02	1.012120000000000033e+02	1.010739999999999981e+02	1.012570000000000050e+02	1.012120000000000033e+02	1.010969999999999942e+02	1.012570000000000050e+02	1.013259999999999934e+02	1.013029999999999973e+02	1.027450000000000045e+02	1.025390000000000015e+02	1.023790000000000049e+02	1.023329999999999984e+02	1.021959999999999980e+02	1.021500000000000057e+02	1.023559999999999945e+02
0.000000000000000000e+00	3.964920000000000186e+02	3.631669999999999732e+02	3.325199999999999818e+02	3.061750000000000114e+02	2.836530000000000200e+02	2.638090000000000259e+02	2.471239999999999952e+02	2.312160000000000082e+02	2.173919999999999959e+02	2.051699999999999875e+02	1.940920000000000130e+02	1.824190000000000111e+02	1.704480000000000075e+02	1.601260000000000048e+02	1.518859999999999957e+02	1.446529999999999916e+02	1.379929999999999950e+02	1.322249999999999943e+02	1.271670000000000016e+02	1.229549999999999983e+02	1.192930000000000064e+02	1.159969999999999999e+02	1.130909999999999940e+02	1.105040000000000049e+02	1.083760000000000048e+02	1.063160000000000025e+02	1.046910000000000025e+02	1.031569999999999965e+02	1.020130000000000052e+02	1.010280000000000058e+02	1.002500000000000000e+02	9.944899999999999807e+01	9.869400000000000261e+01	9.777800000000000580e+01	9.750400000000000489e+01	9.690900000000000603e+01	9.649699999999999989e+01	9.647400000000000375e+01	9.596999999999999886e+01	9.581000000000000227e+01	9.617600000000000193e+01	9.590099999999999625e+01	9.590099999999999625e+01	9.592400000000000659e+01	9.567300000000000182e+01	9.585599999999999454e+01	9.599299999999999500e+01	9.608499999999999375e+01	9.599299999999999500e+01	9.565000000000000568e+01	9.631300000000000239e+01	9.626800000000000068e+01	9.638200000000000500e+01	9.702299999999999613e+01	9.715999999999999659e+01	9.718300000000000693e+01	9.764100000000000534e+01	9.848799999999999955e+01	9.855700000000000216e+01	9.864799999999999613e+01	9.841899999999999693e+01	9.878499999999999659e+01	9.871699999999999875e+01	9.899099999999999966e+01	9.960899999999999466e+01	1.000900000000000034e+02	1.007079999999999984e+02	1.010280000000000058e+02	1.012570000000000050e+02	1.018299999999999983e+02	1.024020000000000010e+02	1.022639999999999958e+02	1.030199999999999960e+02	1.028370000000000033e+02	1.026989999999999981e+02	1.041410000000000053e+02	1.044389999999999930e+02	1.047129999999999939e+02	1.048970000000000056e+02	1.047590000000000003e+02	1.047819999999999965e+02	1.048509999999999991e+02	1.048280000000000030e+02	1.056059999999999945e+02	1.060870000000000033e+02	1.062469999999999999e+02	1.065439999999999969e+02	1.066359999999999957e+02	1.071170000000000044e+02	1.072309999999999945e+02	1.072540000000000049e+02	1.075969999999999942e+02	1.084669999999999987e+02	1.094279999999999973e+02	1.096340000000000003e+02	1.096340000000000003e+02	1.095430000000000064e+02	1.096119999999999948e+02	1.096340000000000003e+02	1.096569999999999965e+02	1.097259999999999991e+02	1.106869999999999976e+02	1.109620000000000033e+02	1.112139999999999986e+02	1.112819999999999965e+02	1.114200000000000017e+02	1.116260000000000048e+02	1.116710000000000065e+02	1.118550000000000040e+02	1.119920000000000044e+02	1.131359999999999957e+02	1.148760000000000048e+02	1.148070000000000022e+02	1.146700000000000017e+02	1.149899999999999949e+02	1.150360000000000014e+02	1.157909999999999968e+02	1.158139999999999930e+02	1.161580000000000013e+02	1.163179999999999978e+02	1.163409999999999940e+02	1.165469999999999970e+02	1.165240000000000009e+02	1.165010000000000048e+02	1.166149999999999949e+02	1.167069999999999936e+02	1.172560000000000002e+02	1.178050000000000068e+02	1.178280000000000030e+02	1.183780000000000001e+02	1.187210000000000036e+02	1.197510000000000048e+02	1.200939999999999941e+02	1.200259999999999962e+02	1.200709999999999980e+02	1.202549999999999955e+02	1.202549999999999955e+02	1.201860000000000070e+02	1.201400000000000006e+02	1.201170000000000044e+02	1.203919999999999959e+02	1.215360000000000014e+02	1.215819999999999936e+02	1.214449999999999932e+02	1.215130000000000052e+02	1.216740000000000066e+02	1.216050000000000040e+02	1.216050000000000040e+02	1.217650000000000006e+02	1.227039999999999935e+02	1.229099999999999966e+02	1.231159999999999997e+02	1.232530000000000001e+02	1.233670000000000044e+02	1.235049999999999955e+02	1.237109999999999985e+02	1.237560000000000002e+02	1.238479999999999990e+02	1.240999999999999943e+02	1.249689999999999941e+02	1.250379999999999967e+02	1.254270000000000067e+02	1.256329999999999956e+02	1.256560000000000059e+02	1.257249999999999943e+02	1.259539999999999935e+02	1.259539999999999935e+02	1.261140000000000043e+02	1.261830000000000069e+02	1.262740000000000009e+02	1.264800000000000040e+02	1.271440000000000055e+02	1.280360000000000014e+02	1.282880000000000109e+02	1.284029999999999916e+02	1.286769999999999925e+02	1.284480000000000075e+02	1.285860000000000127e+02	1.285860000000000127e+02	1.288149999999999977e+02	1.289290000000000020e+02	1.289519999999999982e+02	1.291119999999999948e+02	1.293180000000000121e+02	1.294780000000000086e+02	1.298449999999999989e+02	1.296620000000000061e+02	1.298220000000000027e+02	1.299130000000000109e+02
1.000000000000000000e+00	2.576290000000000191e+02	2.335279999999999916e+02	2.122880000000000109e+02	1.938629999999999995e+02	1.778870000000000005e+02	1.649319999999999879e+02	1.552050000000000125e+02	1.453400000000000034e+02	1.358870000000000005e+02	1.279449999999999932e+02	1.200939999999999941e+02	1.128619999999999948e+02	1.063389999999999986e+02	1.008220000000000027e+02	9.596999999999999886e+01	9.191899999999999693e+01	8.825700000000000500e+01	8.363299999999999557e+01	7.896399999999999864e+01	7.576000000000000512e+01	7.228100000000000591e+01	6.944299999999999784e+01	6.703900000000000148e+01	6.646699999999999875e+01	6.465900000000000603e+01	6.319400000000000261e+01	6.264500000000000313e+01	6.131700000000000017e+01	6.028699999999999903e+01	5.937199999999999989e+01	5.836500000000000199e+01	5.742600000000000193e+01	5.674000000000000199e+01	5.644200000000000017e+01	5.568699999999999761e+01	5.538900000000000290e+01	5.502300000000000324e+01	5.495499999999999829e+01	5.477100000000000080e+01	5.449699999999999989e+01	5.445100000000000051e+01	5.442799999999999727e+01	5.431400000000000006e+01	5.431400000000000006e+01	5.410799999999999699e+01	5.417600000000000193e+01	5.456499999999999773e+01	5.479399999999999693e+01	5.463400000000000034e+01	5.461099999999999710e+01	5.481700000000000017e+01	5.465699999999999648e+01	5.493200000000000216e+01	5.493200000000000216e+01	5.516100000000000136e+01	5.552700000000000102e+01	5.543500000000000227e+01	5.548100000000000165e+01	5.577900000000000347e+01	5.577900000000000347e+01	5.623599999999999710e+01	5.632800000000000296e+01	5.657999999999999829e+01	5.648799999999999955e+01	5.646500000000000341e+01	5.671699999999999875e+01	5.717499999999999716e+01	5.717499999999999716e+01	5.754099999999999682e+01	5.760999999999999943e+01	5.770100000000000051e+01	5.781600000000000250e+01	5.786099999999999710e+01	5.795300000000000296e+01	5.809000000000000341e+01	5.877700000000000102e+01	5.877700000000000102e+01	5.950900000000000034e+01	6.037899999999999778e+01	6.122599999999999909e+01	6.136299999999999955e+01	6.172899999999999920e+01	6.186699999999999733e+01	6.214099999999999824e+01	6.239300000000000068e+01	6.271399999999999864e+01	6.296500000000000341e+01	6.333200000000000074e+01	6.360600000000000165e+01	6.459000000000000341e+01	6.484199999999999875e+01	6.516299999999999670e+01	6.543699999999999761e+01	6.575799999999999557e+01	6.610099999999999909e+01	6.626099999999999568e+01	6.662800000000000011e+01	6.717700000000000671e+01	6.713100000000000023e+01	6.804699999999999704e+01	6.866500000000000625e+01	6.978600000000000136e+01	6.980899999999999750e+01	7.074699999999999989e+01	7.214400000000000546e+01	7.379200000000000159e+01	7.479900000000000659e+01	7.578300000000000125e+01	7.713299999999999557e+01	7.772799999999999443e+01	7.898699999999999477e+01	7.951399999999999579e+01	8.285500000000000398e+01	8.431999999999999318e+01	8.569299999999999784e+01	8.740999999999999659e+01	9.043099999999999739e+01	9.276600000000000534e+01	9.471099999999999852e+01	9.684000000000000341e+01	9.935800000000000409e+01	1.018299999999999983e+02	1.046449999999999960e+02	1.071850000000000023e+02	1.097259999999999991e+02	1.122210000000000036e+02	1.146700000000000017e+02	1.205979999999999990e+02	1.231380000000000052e+02	1.257249999999999943e+02	1.283110000000000070e+02	1.309430000000000121e+02	1.333240000000000123e+02	1.355670000000000073e+02	1.378100000000000023e+02	1.401210000000000093e+02	1.422959999999999923e+02	1.441959999999999980e+02	1.474910000000000139e+02	1.498029999999999973e+02	1.518170000000000073e+02	1.537630000000000052e+02	1.557769999999999868e+02	1.575620000000000118e+02	1.622769999999999868e+02	1.642230000000000132e+02	1.662139999999999986e+02	1.679530000000000030e+02	1.698069999999999879e+02	1.715240000000000009e+02	1.734010000000000105e+02	1.751169999999999902e+02	1.769710000000000036e+02	1.786649999999999920e+02	1.803820000000000050e+02	1.822810000000000059e+02	1.838609999999999900e+02	1.854629999999999939e+02	1.874770000000000039e+02	1.903379999999999939e+02	1.919859999999999900e+02	1.927189999999999941e+02	1.944579999999999984e+02	1.954650000000000034e+02	1.961750000000000114e+02	2.066349999999999909e+02	2.084430000000000121e+02	2.096560000000000059e+02	2.097930000000000064e+02	2.106399999999999864e+02	2.116009999999999991e+02	2.123110000000000070e+02	2.127909999999999968e+02	2.138209999999999980e+02	2.142789999999999964e+02	2.150800000000000125e+02	2.155610000000000070e+02	2.161330000000000098e+02	2.162700000000000102e+02	2.168429999999999893e+02	2.175519999999999925e+02	2.178269999999999982e+02	2.181699999999999875e+02	2.183530000000000086e+02	2.194060000000000059e+02	2.192690000000000055e+02	2.189480000000000075e+02	2.196579999999999870e+02	2.172319999999999993e+02
0.000000000000000000e+00	1.647719999999999914e+02	1.521839999999999975e+02	1.397090000000000032e+02	1.290889999999999986e+02	1.196820000000000022e+02	1.116260000000000048e+02	1.045759999999999934e+02	9.848799999999999955e+01	9.340699999999999648e+01	8.889799999999999613e+01	8.498399999999999466e+01	8.125300000000000011e+01	7.717900000000000205e+01	7.388299999999999557e+01	7.106799999999999784e+01	6.839000000000000057e+01	6.651300000000000523e+01	6.475100000000000477e+01	6.330899999999999750e+01	6.182099999999999795e+01	6.021900000000000119e+01	5.902900000000000347e+01	5.799900000000000233e+01	5.703699999999999903e+01	5.646500000000000341e+01	5.566400000000000148e+01	5.529800000000000182e+01	5.481700000000000017e+01	5.442799999999999727e+01	5.390200000000000102e+01	5.374099999999999966e+01	5.346699999999999875e+01	5.296300000000000097e+01	5.271099999999999852e+01	5.266599999999999682e+01	5.257399999999999807e+01	5.257399999999999807e+01	5.250500000000000256e+01	5.257399999999999807e+01	5.246000000000000085e+01	5.246000000000000085e+01	5.246000000000000085e+01	5.223100000000000165e+01	5.223100000000000165e+01	5.179599999999999937e+01	5.204800000000000182e+01	5.225399999999999778e+01	5.273400000000000176e+01	5.252799999999999869e+01	5.266599999999999682e+01	5.282600000000000051e+01	5.298599999999999710e+01	5.298599999999999710e+01	5.293999999999999773e+01	5.293999999999999773e+01	5.300900000000000034e+01	5.298599999999999710e+01	5.287199999999999989e+01	5.289500000000000313e+01	5.266599999999999682e+01	5.266599999999999682e+01	5.284899999999999665e+01	5.289500000000000313e+01	5.298599999999999710e+01	5.326100000000000279e+01	5.337500000000000000e+01	5.371900000000000119e+01	5.358100000000000307e+01	5.362700000000000244e+01	5.367300000000000182e+01	5.351299999999999812e+01	5.358100000000000307e+01	5.392499999999999716e+01	5.396999999999999886e+01	5.417600000000000193e+01	5.449699999999999989e+01	5.452000000000000313e+01	5.458800000000000097e+01	5.470300000000000296e+01	5.497699999999999676e+01	5.504599999999999937e+01	5.511500000000000199e+01	5.509199999999999875e+01	5.509199999999999875e+01	5.520600000000000307e+01	5.564099999999999824e+01	5.568699999999999761e+01	5.586999999999999744e+01	5.596200000000000330e+01	5.603000000000000114e+01	5.612199999999999989e+01	5.623599999999999710e+01	5.639600000000000080e+01	5.689999999999999858e+01	5.680799999999999983e+01	5.680799999999999983e+01	5.694599999999999795e+01	5.692300000000000182e+01	5.765500000000000114e+01	5.781600000000000250e+01	5.795300000000000296e+01	5.786099999999999710e+01	5.815899999999999892e+01	5.799900000000000233e+01	5.802199999999999847e+01	5.804399999999999693e+01	5.799900000000000233e+01	5.822800000000000153e+01	5.822800000000000153e+01	5.822800000000000153e+01	5.827300000000000324e+01	5.813600000000000279e+01	5.841100000000000136e+01	5.845600000000000307e+01	5.836500000000000199e+01	5.845600000000000307e+01	5.868500000000000227e+01	5.864000000000000057e+01	5.882300000000000040e+01	5.893699999999999761e+01	5.882300000000000040e+01	5.879999999999999716e+01	5.891400000000000148e+01	5.914300000000000068e+01	5.911999999999999744e+01	5.930299999999999727e+01	5.937199999999999989e+01	5.992099999999999937e+01	5.999000000000000199e+01	6.008100000000000307e+01	6.026500000000000057e+01	6.028699999999999903e+01	6.031000000000000227e+01	6.028699999999999903e+01	6.035600000000000165e+01	6.037899999999999778e+01	6.040200000000000102e+01	6.042499999999999716e+01	6.042499999999999716e+01	6.035600000000000165e+01	6.092799999999999727e+01	6.102000000000000313e+01	6.129500000000000171e+01	6.131700000000000017e+01	6.131700000000000017e+01	6.143200000000000216e+01	6.168399999999999750e+01	6.184400000000000119e+01	6.182099999999999795e+01	6.189000000000000057e+01	6.195799999999999841e+01	6.227900000000000347e+01	6.243900000000000006e+01	6.253099999999999881e+01	6.262199999999999989e+01	6.275900000000000034e+01	6.285099999999999909e+01	6.296500000000000341e+01	6.312599999999999767e+01	6.314800000000000324e+01	6.335399999999999920e+01	6.362899999999999778e+01	6.374399999999999977e+01	6.406399999999999295e+01	6.410999999999999943e+01	6.420099999999999341e+01	6.438400000000000034e+01	6.449899999999999523e+01	6.468200000000000216e+01	6.472799999999999443e+01	6.488800000000000523e+01	6.504800000000000182e+01	6.523099999999999454e+01	6.527700000000000102e+01	6.541400000000000148e+01	6.541400000000000148e+01	6.552899999999999636e+01	6.594100000000000250e+01	6.610099999999999909e+01	6.626099999999999568e+01	6.632999999999999829e+01	6.655899999999999750e+01	6.651300000000000523e+01	6.655899999999999750e+01	6.665000000000000568e+01	6.674200000000000443e+01	6.676500000000000057e+01	6.687900000000000489e+01	6.690200000000000102e+01
1.000000000000000000e+00	2.679979999999999905e+02	2.369159999999999968e+02	2.097930000000000064e+02	1.864010000000000105e+02	1.670610000000000070e+02	1.511539999999999964e+02	1.398930000000000007e+02	1.284259999999999877e+02	1.199110000000000014e+02	1.140060000000000002e+02	1.096119999999999948e+02	1.059270000000000067e+02	1.030649999999999977e+02	1.012800000000000011e+02	9.951800000000000068e+01	9.821299999999999386e+01	9.729800000000000182e+01	9.626800000000000068e+01	9.546699999999999875e+01	9.503199999999999648e+01	9.468800000000000239e+01	9.425400000000000489e+01	9.397899999999999920e+01	9.352100000000000080e+01	9.349800000000000466e+01	9.343000000000000682e+01	9.299500000000000455e+01	9.331499999999999773e+01	9.313200000000000500e+01	9.306300000000000239e+01	9.322400000000000375e+01	9.322400000000000375e+01	9.336100000000000421e+01	9.340699999999999648e+01	9.349800000000000466e+01	9.352100000000000080e+01	9.356699999999999307e+01	9.368099999999999739e+01	9.395600000000000307e+01	9.411599999999999966e+01	9.409300000000000352e+01	9.487199999999999989e+01	9.503199999999999648e+01	9.530599999999999739e+01	9.555800000000000693e+01	9.596999999999999886e+01	9.629099999999999682e+01	9.633599999999999852e+01	9.686299999999999955e+01	9.718300000000000693e+01	9.725199999999999534e+01	9.734300000000000352e+01	9.725199999999999534e+01	9.697700000000000387e+01	9.679399999999999693e+01	9.715999999999999659e+01	9.702299999999999613e+01	9.752700000000000102e+01	9.791599999999999682e+01	9.812199999999999989e+01	9.892300000000000182e+01	9.937999999999999545e+01	9.956399999999999295e+01	1.003190000000000026e+02	1.008679999999999950e+02	1.009599999999999937e+02	1.015090000000000003e+02	1.014860000000000042e+02	1.019669999999999987e+02	1.022189999999999941e+02	1.025390000000000015e+02	1.029509999999999934e+02	1.031340000000000003e+02	1.034549999999999983e+02	1.038889999999999958e+02	1.041869999999999976e+02	1.045300000000000011e+02	1.046910000000000025e+02	1.051940000000000026e+02	1.054689999999999941e+02	1.059270000000000067e+02	1.064530000000000030e+02	1.068649999999999949e+02	1.075969999999999942e+02	1.082609999999999957e+02	1.089020000000000010e+02	1.096340000000000003e+02	1.104579999999999984e+02	1.116029999999999944e+02	1.128389999999999986e+02	1.138689999999999998e+02	1.152189999999999941e+02	1.165919999999999987e+02	1.181490000000000009e+02	1.196820000000000022e+02	1.219479999999999933e+02	1.241680000000000064e+02	1.265720000000000027e+02	1.293180000000000121e+02	1.324770000000000039e+02	1.353839999999999861e+02	1.384739999999999895e+02	1.417920000000000016e+02	1.453170000000000073e+02	1.491390000000000100e+02	1.529389999999999930e+02	1.566930000000000121e+02	1.602630000000000052e+02	1.637649999999999864e+02	1.672899999999999920e+02	1.707230000000000132e+02	1.742249999999999943e+02	1.774749999999999943e+02	1.806109999999999900e+02	1.834029999999999916e+02	1.861949999999999932e+02	1.888959999999999866e+02	1.912539999999999907e+02	1.934739999999999895e+02	1.956020000000000039e+02	1.979600000000000080e+02	1.999970000000000141e+02	2.018739999999999952e+02	2.034530000000000030e+02	2.049180000000000064e+02	2.079159999999999968e+02	2.089689999999999941e+02	2.101359999999999957e+02	2.115329999999999870e+02	2.124939999999999998e+02	2.135929999999999893e+02	2.144850000000000136e+02	2.154010000000000105e+02	2.161790000000000020e+02	2.170260000000000105e+02	2.178269999999999982e+02	2.186049999999999898e+02	2.191539999999999964e+02	2.195660000000000025e+02	2.200469999999999970e+02	2.208249999999999886e+02	2.210310000000000059e+02	2.215579999999999927e+02	2.218549999999999898e+02	2.222439999999999998e+02	2.224499999999999886e+02	2.228619999999999948e+02	2.235490000000000066e+02	2.237090000000000032e+02	2.239379999999999882e+02	2.241210000000000093e+02	2.241670000000000016e+02	2.242359999999999900e+02	2.245099999999999909e+02	2.249910000000000139e+02	2.251970000000000027e+02	2.252429999999999950e+02	2.251049999999999898e+02	2.250140000000000100e+02	2.253799999999999955e+02	2.255629999999999882e+02	2.259290000000000020e+02	2.259519999999999982e+02	2.259749999999999943e+02	2.262949999999999875e+02	2.263410000000000082e+02	2.263640000000000043e+02	2.269130000000000109e+02	2.270970000000000084e+02	2.269590000000000032e+02	2.271189999999999998e+02	2.273029999999999973e+02	2.274629999999999939e+02	2.276920000000000073e+02	2.274859999999999900e+02	2.274629999999999939e+02	2.273940000000000055e+02	2.276459999999999866e+02	2.277599999999999909e+02	2.276690000000000111e+02	2.275089999999999861e+02	2.273710000000000093e+02	2.272570000000000050e+02	2.272800000000000011e+02	2.270049999999999955e+02	2.272340000000000089e+02	2.271419999999999959e+02	2.267299999999999898e+02	2.266620000000000061e+02
1.000000000000000000e+00	2.105939999999999941e+02	1.958309999999999889e+02	1.823729999999999905e+02	1.697620000000000005e+02	1.587980000000000018e+02	1.485440000000000111e+02	1.400989999999999895e+02	1.325000000000000000e+02	1.257930000000000064e+02	1.206209999999999951e+02	1.160660000000000025e+02	1.121979999999999933e+02	1.085819999999999936e+02	1.045529999999999973e+02	1.004099999999999966e+02	9.645099999999999341e+01	9.331499999999999773e+01	9.047700000000000387e+01	8.791400000000000148e+01	8.560200000000000387e+01	8.361100000000000421e+01	8.196299999999999386e+01	8.056600000000000250e+01	7.939900000000000091e+01	7.846099999999999852e+01	7.759099999999999397e+01	7.695000000000000284e+01	7.640099999999999625e+01	7.592000000000000171e+01	7.571399999999999864e+01	7.537099999999999511e+01	7.500499999999999545e+01	7.479900000000000659e+01	7.456999999999999318e+01	7.438700000000000045e+01	7.440900000000000603e+01	7.447799999999999443e+01	7.452400000000000091e+01	7.454699999999999704e+01	7.454699999999999704e+01	7.468399999999999750e+01	7.466100000000000136e+01	7.434099999999999397e+01	7.427200000000000557e+01	7.328799999999999670e+01	7.209799999999999898e+01	7.104500000000000171e+01	7.022100000000000364e+01	6.987800000000000011e+01	6.976300000000000523e+01	6.983199999999999363e+01	7.015200000000000102e+01	7.047299999999999898e+01	7.081600000000000250e+01	7.125100000000000477e+01	7.195999999999999375e+01	7.202899999999999636e+01	7.223499999999999943e+01	7.255599999999999739e+01	7.264700000000000557e+01	7.289900000000000091e+01	7.319599999999999795e+01	7.337999999999999545e+01	7.365399999999999636e+01	7.381399999999999295e+01	7.390600000000000591e+01	7.406600000000000250e+01	7.406600000000000250e+01	7.427200000000000557e+01	7.420300000000000296e+01	7.468399999999999750e+01	7.482099999999999795e+01	7.493600000000000705e+01	7.498199999999999932e+01	7.514199999999999591e+01	7.530200000000000671e+01	7.553100000000000591e+01	7.587399999999999523e+01	7.598900000000000432e+01	7.614900000000000091e+01	7.621800000000000352e+01	7.640099999999999625e+01	7.635500000000000398e+01	7.653799999999999670e+01	7.667499999999999716e+01	7.683599999999999852e+01	7.704200000000000159e+01	7.745399999999999352e+01	7.765999999999999659e+01	7.763700000000000045e+01	7.775100000000000477e+01	7.786599999999999966e+01	7.804900000000000659e+01	7.825499999999999545e+01	7.841500000000000625e+01	7.864400000000000546e+01	7.878100000000000591e+01	7.951399999999999579e+01	8.006300000000000239e+01	8.079500000000000171e+01	8.168800000000000239e+01	8.253499999999999659e+01	8.377100000000000080e+01	8.516700000000000159e+01	8.676900000000000546e+01	8.871500000000000341e+01	9.098099999999999454e+01	9.336100000000000421e+01	9.596999999999999886e+01	9.871699999999999875e+01	1.014180000000000064e+02	1.043010000000000019e+02	1.070480000000000018e+02	1.099549999999999983e+02	1.126790000000000020e+02	1.151500000000000057e+02	1.178509999999999991e+02	1.201170000000000044e+02	1.223370000000000033e+02	1.244429999999999978e+02	1.264339999999999975e+02	1.282199999999999989e+02	1.298449999999999989e+02	1.314470000000000027e+02	1.330029999999999859e+02	1.342849999999999966e+02	1.355900000000000034e+02	1.367800000000000011e+02	1.378559999999999945e+02	1.388400000000000034e+02	1.398009999999999877e+02	1.406250000000000000e+02	1.414950000000000045e+02	1.424559999999999889e+02	1.433029999999999973e+02	1.441730000000000018e+02	1.449509999999999934e+02	1.455689999999999884e+02	1.463470000000000084e+02	1.468509999999999991e+02	1.474910000000000139e+02	1.482009999999999934e+02	1.487729999999999961e+02	1.493679999999999950e+02	1.499629999999999939e+02	1.506959999999999980e+02	1.512220000000000084e+02	1.519089999999999918e+02	1.523439999999999941e+02	1.530759999999999934e+02	1.536030000000000086e+02	1.542210000000000036e+02	1.546330000000000098e+02	1.552280000000000086e+02	1.558230000000000075e+02	1.563720000000000141e+02	1.568979999999999961e+02	1.573559999999999945e+02	1.579279999999999973e+02	1.584319999999999879e+02	1.589360000000000070e+02	1.593930000000000007e+02	1.600109999999999957e+02	1.607669999999999959e+02	1.610869999999999891e+02	1.617050000000000125e+02	1.621630000000000109e+02	1.625749999999999886e+02	1.631009999999999991e+02	1.637189999999999941e+02	1.641539999999999964e+02	1.647259999999999991e+02	1.651380000000000052e+02	1.655269999999999868e+02	1.661680000000000064e+02	1.666260000000000048e+02	1.671069999999999993e+02	1.679079999999999870e+02	1.684799999999999898e+02	1.689149999999999920e+02	1.695099999999999909e+02	1.697390000000000043e+02	1.699449999999999932e+02	1.705169999999999959e+02	1.709290000000000020e+02	1.713640000000000043e+02	1.718669999999999902e+02	1.721879999999999882e+02	1.725540000000000020e+02
1.000000000000000000e+00	2.720029999999999859e+02	2.504430000000000121e+02	2.302319999999999993e+02	2.125629999999999882e+02	1.971359999999999957e+02	1.834490000000000123e+02	1.705629999999999882e+02	1.609269999999999925e+02	1.518859999999999957e+02	1.444699999999999989e+02	1.381299999999999955e+02	1.328660000000000139e+02	1.281970000000000027e+02	1.243970000000000056e+02	1.211009999999999991e+02	1.180340000000000060e+02	1.147609999999999957e+02	1.118319999999999936e+02	1.086959999999999980e+02	1.057429999999999950e+02	1.032259999999999991e+02	1.010510000000000019e+02	9.892300000000000182e+01	9.702299999999999613e+01	9.519199999999999307e+01	9.352100000000000080e+01	9.201000000000000512e+01	9.093500000000000227e+01	8.983599999999999852e+01	8.876000000000000512e+01	8.773000000000000398e+01	8.702100000000000080e+01	8.628799999999999670e+01	8.567000000000000171e+01	8.532699999999999818e+01	8.491500000000000625e+01	8.452599999999999625e+01	8.415999999999999659e+01	8.404500000000000171e+01	8.393099999999999739e+01	8.397700000000000387e+01	8.390800000000000125e+01	8.386199999999999477e+01	8.365600000000000591e+01	8.365600000000000591e+01	8.383899999999999864e+01	8.393099999999999739e+01	8.377100000000000080e+01	8.381699999999999307e+01	8.379399999999999693e+01	8.406799999999999784e+01	8.420600000000000307e+01	8.431999999999999318e+01	8.436599999999999966e+01	8.452599999999999625e+01	8.438899999999999579e+01	8.539600000000000080e+01	8.615099999999999625e+01	8.619700000000000273e+01	8.619700000000000273e+01	8.640300000000000580e+01	8.663200000000000500e+01	8.688400000000000034e+01	8.715800000000000125e+01	8.791400000000000148e+01	8.809699999999999420e+01	8.816500000000000625e+01	8.832599999999999341e+01	8.839400000000000546e+01	8.839400000000000546e+01	8.857699999999999818e+01	8.892100000000000648e+01	8.896599999999999397e+01	8.912699999999999534e+01	8.931000000000000227e+01	8.940099999999999625e+01	8.944700000000000273e+01	8.995099999999999341e+01	9.006499999999999773e+01	9.031699999999999307e+01	9.052299999999999613e+01	9.070600000000000307e+01	9.088899999999999579e+01	9.137000000000000455e+01	9.155299999999999727e+01	9.194199999999999307e+01	9.253700000000000614e+01	9.281199999999999761e+01	9.317799999999999727e+01	9.372700000000000387e+01	9.397899999999999920e+01	9.434499999999999886e+01	9.466599999999999682e+01	9.507800000000000296e+01	9.537500000000000000e+01	9.581000000000000227e+01	9.624500000000000455e+01	9.684000000000000341e+01	9.743500000000000227e+01	9.798399999999999466e+01	9.855700000000000216e+01	9.915200000000000102e+01	9.986100000000000421e+01	1.006620000000000061e+02	1.015319999999999965e+02	1.024020000000000010e+02	1.033859999999999957e+02	1.042789999999999964e+02	1.054000000000000057e+02	1.064759999999999991e+02	1.079860000000000042e+02	1.093829999999999956e+02	1.107560000000000002e+02	1.122890000000000015e+02	1.137770000000000010e+02	1.155400000000000063e+02	1.172330000000000041e+02	1.189729999999999990e+02	1.207810000000000059e+02	1.226809999999999974e+02	1.246490000000000009e+02	1.267319999999999993e+02	1.288830000000000098e+02	1.308979999999999961e+02	1.331409999999999911e+02	1.354519999999999982e+02	1.377179999999999893e+02	1.401440000000000055e+02	1.424329999999999927e+02	1.451339999999999861e+02	1.473770000000000095e+02	1.495509999999999877e+02	1.517030000000000030e+02	1.539459999999999980e+02	1.559600000000000080e+02	1.580430000000000064e+02	1.601719999999999970e+02	1.621860000000000070e+02	1.643830000000000098e+02	1.664890000000000043e+02	1.683429999999999893e+02	1.703799999999999955e+02	1.723249999999999886e+02	1.740649999999999977e+02	1.759190000000000111e+02	1.776349999999999909e+02	1.794199999999999875e+02	1.813890000000000100e+02	1.830370000000000061e+02	1.851879999999999882e+02	1.869050000000000011e+02	1.886220000000000141e+02	1.902009999999999934e+02	1.919170000000000016e+02	1.934739999999999895e+02	1.950300000000000011e+02	1.969759999999999991e+02	1.987150000000000034e+02	2.005000000000000000e+02	2.021260000000000048e+02	2.035900000000000034e+02	2.048259999999999934e+02	2.060169999999999959e+02	2.052839999999999918e+02	2.059939999999999998e+02	2.064739999999999895e+02	2.071839999999999975e+02	2.079389999999999930e+02	2.083969999999999914e+02	2.092210000000000036e+02	2.092669999999999959e+02	2.094730000000000132e+02	2.099759999999999991e+02	2.103420000000000130e+02	2.105260000000000105e+02	2.110519999999999925e+02	2.113950000000000102e+02	2.116930000000000121e+02	2.120360000000000014e+02	2.113269999999999982e+02	2.114639999999999986e+02	2.118069999999999879e+02	2.119670000000000130e+02	2.121959999999999980e+02	2.126080000000000041e+02	2.131579999999999870e+02	2.133410000000000082e+02	2.135929999999999893e+02	2.137299999999999898e+02
1.000000000000000000e+00	2.790989999999999895e+02	2.579270000000000209e+02	2.382659999999999911e+02	2.209850000000000136e+02	2.049180000000000064e+02	1.906810000000000116e+02	1.777500000000000000e+02	1.672669999999999959e+02	1.585010000000000048e+02	1.511759999999999877e+02	1.450420000000000016e+02	1.402359999999999900e+02	1.355900000000000034e+02	1.320420000000000016e+02	1.285629999999999882e+02	1.253130000000000024e+02	1.218340000000000032e+02	1.186520000000000010e+02	1.155619999999999976e+02	1.125870000000000033e+02	1.098629999999999995e+02	1.074830000000000041e+02	1.051029999999999944e+02	1.032259999999999991e+02	1.013949999999999960e+02	9.956399999999999295e+01	9.812199999999999989e+01	9.697700000000000387e+01	9.576399999999999579e+01	9.464300000000000068e+01	9.381900000000000261e+01	9.297199999999999420e+01	9.235399999999999920e+01	9.182699999999999818e+01	9.125499999999999545e+01	9.086599999999999966e+01	9.050000000000000000e+01	9.022499999999999432e+01	8.997299999999999898e+01	8.979000000000000625e+01	8.965300000000000580e+01	8.924099999999999966e+01	8.919499999999999318e+01	8.908100000000000307e+01	8.924099999999999966e+01	8.928700000000000614e+01	8.901200000000000045e+01	8.908100000000000307e+01	8.896599999999999397e+01	8.914900000000000091e+01	8.931000000000000227e+01	8.981300000000000239e+01	8.992799999999999727e+01	8.981300000000000239e+01	8.988200000000000500e+01	8.997299999999999898e+01	9.004200000000000159e+01	9.020199999999999818e+01	9.029399999999999693e+01	9.034000000000000341e+01	9.070600000000000307e+01	9.072899999999999920e+01	9.091200000000000614e+01	9.132399999999999807e+01	9.153000000000000114e+01	9.155299999999999727e+01	9.175900000000000034e+01	9.173600000000000421e+01	9.168999999999999773e+01	9.196500000000000341e+01	9.201000000000000512e+01	9.228499999999999659e+01	9.258299999999999841e+01	9.274299999999999500e+01	9.308599999999999852e+01	9.336100000000000421e+01	9.370399999999999352e+01	9.368099999999999739e+01	9.370399999999999352e+01	9.388700000000000045e+01	9.406999999999999318e+01	9.416200000000000614e+01	9.434499999999999886e+01	9.441400000000000148e+01	9.462000000000000455e+01	9.491700000000000159e+01	9.507800000000000296e+01	9.551200000000000045e+01	9.558100000000000307e+01	9.553499999999999659e+01	9.581000000000000227e+01	9.574099999999999966e+01	9.629099999999999682e+01	9.638200000000000500e+01	9.649699999999999989e+01	9.693099999999999739e+01	9.743500000000000227e+01	9.780100000000000193e+01	9.793899999999999295e+01	9.835099999999999909e+01	9.867100000000000648e+01	9.885399999999999920e+01	9.967799999999999727e+01	1.002270000000000039e+02	1.007309999999999945e+02	1.014629999999999939e+02	1.019899999999999949e+02	1.028820000000000050e+02	1.037980000000000018e+02	1.047819999999999965e+02	1.060409999999999968e+02	1.074140000000000015e+02	1.087650000000000006e+02	1.104350000000000023e+02	1.127240000000000038e+02	1.145550000000000068e+02	1.166149999999999949e+02	1.187900000000000063e+02	1.211700000000000017e+02	1.235049999999999955e+02	1.262279999999999944e+02	1.292719999999999914e+02	1.321330000000000098e+02	1.354290000000000020e+02	1.381299999999999955e+02	1.406939999999999884e+02	1.434170000000000016e+02	1.459350000000000023e+02	1.483839999999999861e+02	1.506500000000000057e+02	1.527330000000000041e+02	1.548160000000000025e+02	1.573100000000000023e+02	1.594159999999999968e+02	1.613849999999999909e+02	1.631699999999999875e+02	1.647030000000000030e+02	1.661910000000000025e+02	1.678160000000000025e+02	1.694410000000000025e+02	1.709519999999999982e+02	1.722789999999999964e+02	1.735149999999999864e+02	1.745219999999999914e+02	1.756899999999999977e+02	1.768569999999999993e+02	1.776119999999999948e+02	1.785960000000000036e+02	1.796490000000000009e+02	1.805420000000000016e+02	1.816639999999999873e+02	1.826479999999999961e+02	1.834029999999999916e+02	1.844329999999999927e+02	1.852110000000000127e+02	1.856920000000000073e+02	1.863779999999999859e+02	1.874310000000000116e+02	1.882779999999999916e+02	1.891709999999999923e+02	1.899720000000000084e+02	1.906129999999999995e+02	1.916200000000000045e+02	1.921920000000000073e+02	1.927640000000000100e+02	1.937709999999999866e+02	1.948240000000000123e+02	1.955800000000000125e+02	1.967009999999999934e+02	1.973880000000000052e+02	1.979830000000000041e+02	1.986690000000000111e+02	1.991959999999999980e+02	1.999279999999999973e+02	2.007059999999999889e+02	2.015529999999999973e+02	2.020109999999999957e+02	2.027439999999999998e+02	2.032470000000000141e+02	2.037729999999999961e+02	2.047350000000000136e+02	2.051009999999999991e+02	2.055819999999999936e+02	2.075960000000000036e+02	2.077560000000000002e+02	2.079159999999999968e+02	2.085109999999999957e+02	2.088319999999999936e+02	2.095409999999999968e+02
0.000000000000000000e+00	6.020280000000000200e+02	5.418780000000000427e+02	4.843829999999999814e+02	4.322660000000000196e+02	3.842470000000000141e+02	3.454060000000000059e+02	3.072049999999999841e+02	2.788469999999999800e+02	2.570799999999999841e+02	2.405780000000000030e+02	2.312849999999999966e+02	2.201839999999999975e+02	2.116239999999999952e+02	2.045519999999999925e+02	1.977079999999999984e+02	1.909559999999999889e+02	1.851879999999999882e+02	1.804050000000000011e+02	1.748890000000000100e+02	1.698530000000000086e+02	1.646349999999999909e+02	1.595989999999999895e+02	1.549759999999999991e+02	1.512450000000000045e+02	1.474230000000000018e+02	1.443329999999999984e+02	1.427309999999999945e+02	1.398009999999999877e+02	1.386339999999999861e+02	1.351550000000000011e+02	1.333919999999999959e+02	1.316990000000000123e+02	1.295929999999999893e+02	1.276929999999999978e+02	1.262969999999999970e+02	1.253130000000000024e+02	1.246029999999999944e+02	1.237789999999999964e+02	1.231839999999999975e+02	1.224749999999999943e+02	1.219939999999999998e+02	1.222229999999999990e+02	1.215589999999999975e+02	1.215360000000000014e+02	1.213070000000000022e+02	1.210330000000000013e+02	1.209639999999999986e+02	1.208949999999999960e+02	1.211470000000000056e+02	1.213760000000000048e+02	1.215589999999999975e+02	1.215589999999999975e+02	1.215819999999999936e+02	1.218799999999999955e+02	1.221770000000000067e+02	1.229320000000000022e+02	1.231839999999999975e+02	1.232069999999999936e+02	1.237109999999999985e+02	1.238250000000000028e+02	1.245349999999999966e+02	1.248780000000000001e+02	1.254959999999999951e+02	1.256790000000000020e+02	1.261370000000000005e+02	1.268229999999999933e+02	1.269150000000000063e+02	1.278310000000000031e+02	1.282199999999999989e+02	1.287230000000000132e+02	1.296160000000000139e+02	1.296620000000000061e+02	1.297299999999999898e+02	1.300509999999999877e+02	1.303940000000000055e+02	1.302110000000000127e+02	1.303249999999999886e+02	1.304399999999999977e+02	1.306690000000000111e+02	1.313549999999999898e+02	1.319050000000000011e+02	1.324770000000000039e+02	1.331409999999999911e+02	1.332319999999999993e+02	1.335749999999999886e+02	1.337810000000000059e+02	1.344219999999999970e+02	1.349029999999999916e+02	1.350399999999999920e+02	1.352009999999999934e+02	1.350399999999999920e+02	1.378779999999999859e+02	1.381529999999999916e+02	1.379240000000000066e+02	1.382899999999999920e+02	1.397549999999999955e+02	1.397319999999999993e+02	1.397779999999999916e+02	1.398009999999999877e+02	1.400300000000000011e+02	1.400989999999999895e+02	1.405329999999999870e+02	1.406709999999999923e+02	1.409230000000000018e+02	1.412429999999999950e+02	1.416090000000000089e+02	1.415629999999999882e+02	1.417690000000000055e+02	1.422959999999999923e+02	1.426620000000000061e+02	1.431879999999999882e+02	1.434859999999999900e+02	1.442410000000000139e+02	1.461409999999999911e+02	1.458660000000000139e+02	1.461870000000000118e+02	1.464840000000000089e+02	1.474689999999999941e+02	1.476970000000000027e+02	1.478810000000000002e+02	1.488420000000000130e+02	1.491620000000000061e+02	1.497119999999999891e+02	1.499629999999999939e+02	1.502150000000000034e+02	1.503300000000000125e+02	1.506730000000000018e+02	1.509929999999999950e+02	1.512909999999999968e+02	1.514509999999999934e+02	1.517940000000000111e+02	1.522059999999999889e+02	1.521610000000000014e+02	1.520229999999999961e+02	1.527100000000000080e+02	1.528240000000000123e+02	1.533050000000000068e+02	1.535569999999999879e+02	1.537170000000000130e+02	1.540600000000000023e+02	1.543120000000000118e+02	1.542210000000000036e+02	1.545869999999999891e+02	1.545409999999999968e+02	1.547470000000000141e+02	1.549300000000000068e+02	1.548839999999999861e+02	1.552280000000000086e+02	1.556399999999999864e+02	1.558689999999999998e+02	1.560060000000000002e+02	1.569439999999999884e+02	1.568530000000000086e+02	1.579060000000000059e+02	1.579970000000000141e+02	1.582259999999999991e+02	1.583859999999999957e+02	1.583400000000000034e+02	1.586839999999999975e+02	1.589579999999999984e+02	1.593019999999999925e+02	1.594389999999999930e+02	1.596220000000000141e+02	1.599660000000000082e+02	1.601719999999999970e+02	1.602860000000000014e+02	1.607669999999999959e+02	1.646349999999999909e+02	1.643369999999999891e+02	1.642460000000000093e+02	1.639250000000000114e+02	1.640850000000000080e+02	1.644739999999999895e+02	1.648180000000000121e+02	1.652529999999999859e+02	1.655960000000000036e+02	1.661450000000000102e+02	1.664890000000000043e+02	1.669689999999999941e+02	1.674730000000000132e+02	1.679310000000000116e+02	1.682280000000000086e+02	1.684799999999999898e+02	1.686630000000000109e+02	1.688689999999999998e+02	1.693499999999999943e+02	1.705629999999999882e+02	1.710209999999999866e+02	1.715240000000000009e+02
1.000000000000000000e+00	2.435529999999999973e+02	2.170260000000000105e+02	1.945949999999999989e+02	1.731030000000000086e+02	1.556399999999999864e+02	1.413120000000000118e+02	1.315159999999999911e+02	1.241910000000000025e+02	1.172330000000000041e+02	1.106869999999999976e+02	1.062469999999999999e+02	1.026539999999999964e+02	9.988400000000000034e+01	9.775499999999999545e+01	9.590099999999999625e+01	9.434499999999999886e+01	9.322400000000000375e+01	9.205599999999999739e+01	9.130100000000000193e+01	9.068300000000000693e+01	8.983599999999999852e+01	8.889799999999999613e+01	8.775300000000000011e+01	8.633400000000000318e+01	8.486899999999999977e+01	8.367900000000000205e+01	8.253499999999999659e+01	8.157299999999999329e+01	8.081799999999999784e+01	8.020000000000000284e+01	7.974200000000000443e+01	7.935299999999999443e+01	7.914700000000000557e+01	7.889600000000000080e+01	7.878100000000000591e+01	7.859799999999999898e+01	7.836899999999999977e+01	7.832299999999999329e+01	7.827800000000000580e+01	7.839199999999999591e+01	7.841500000000000625e+01	7.859799999999999898e+01	7.855200000000000671e+01	7.878100000000000591e+01	7.898699999999999477e+01	7.910200000000000387e+01	7.928499999999999659e+01	7.958199999999999363e+01	7.987999999999999545e+01	8.010899999999999466e+01	8.047499999999999432e+01	8.070399999999999352e+01	8.104699999999999704e+01	8.145900000000000318e+01	8.168800000000000239e+01	8.212300000000000466e+01	8.244299999999999784e+01	8.306100000000000705e+01	8.317600000000000193e+01	8.354200000000000159e+01	8.404500000000000171e+01	8.422899999999999920e+01	8.459499999999999886e+01	8.493800000000000239e+01	8.532699999999999818e+01	8.569299999999999784e+01	8.637999999999999545e+01	8.651699999999999591e+01	8.695199999999999818e+01	8.720399999999999352e+01	8.768500000000000227e+01	8.837099999999999511e+01	8.830299999999999727e+01	8.878300000000000125e+01	8.912699999999999534e+01	8.946999999999999886e+01	8.997299999999999898e+01	9.034000000000000341e+01	9.063700000000000045e+01	9.116400000000000148e+01	9.164400000000000546e+01	9.173600000000000421e+01	9.219400000000000261e+01	9.271999999999999886e+01	9.336100000000000421e+01	9.404800000000000182e+01	9.464300000000000068e+01	9.484900000000000375e+01	9.581000000000000227e+01	9.649699999999999989e+01	9.709199999999999875e+01	9.800700000000000500e+01	9.883100000000000307e+01	9.972400000000000375e+01	1.009369999999999976e+02	1.020130000000000052e+02	1.032489999999999952e+02	1.046449999999999960e+02	1.062240000000000038e+02	1.074830000000000041e+02	1.094740000000000038e+02	1.114200000000000017e+02	1.134110000000000014e+02	1.158599999999999994e+02	1.183319999999999936e+02	1.207120000000000033e+02	1.237339999999999947e+02	1.266860000000000070e+02	1.296160000000000139e+02	1.326599999999999966e+02	1.357959999999999923e+02	1.387479999999999905e+02	1.419070000000000107e+02	1.449279999999999973e+02	1.476970000000000027e+02	1.505130000000000052e+02	1.531910000000000025e+02	1.556630000000000109e+02	1.579279999999999973e+02	1.599879999999999995e+02	1.620709999999999980e+02	1.637419999999999902e+02	1.654130000000000109e+02	1.669459999999999980e+02	1.684799999999999898e+02	1.696469999999999914e+02	1.707460000000000093e+02	1.719360000000000070e+02	1.730800000000000125e+02	1.739269999999999925e+02	1.749339999999999975e+02	1.756899999999999977e+02	1.764679999999999893e+02	1.771999999999999886e+02	1.779099999999999966e+02	1.784590000000000032e+02	1.791459999999999866e+02	1.796260000000000048e+02	1.801759999999999877e+02	1.806339999999999861e+02	1.810910000000000082e+02	1.814350000000000023e+02	1.818240000000000123e+02	1.821440000000000055e+02	1.825790000000000077e+02	1.827849999999999966e+02	1.830140000000000100e+02	1.832659999999999911e+02	1.836090000000000089e+02	1.837690000000000055e+02	1.838379999999999939e+02	1.842500000000000000e+02	1.844099999999999966e+02	1.845699999999999932e+02	1.848449999999999989e+02	1.849819999999999993e+02	1.851200000000000045e+02	1.851649999999999920e+02	1.853259999999999934e+02	1.855089999999999861e+02	1.856229999999999905e+02	1.858060000000000116e+02	1.859890000000000043e+02	1.861500000000000057e+02	1.861719999999999970e+02	1.863779999999999859e+02	1.864929999999999950e+02	1.865389999999999873e+02	1.866990000000000123e+02	1.867450000000000045e+02	1.868129999999999882e+02	1.869279999999999973e+02	1.870420000000000016e+02	1.871570000000000107e+02	1.871570000000000107e+02	1.872479999999999905e+02	1.873629999999999995e+02	1.874310000000000116e+02	1.875229999999999961e+02	1.877290000000000134e+02	1.877750000000000057e+02	1.879120000000000061e+02	1.878890000000000100e+02	1.877750000000000057e+02	1.879809999999999945e+02	1.881179999999999950e+02	1.881179999999999950e+02	1.880720000000000027e+02	1.881639999999999873e+02
0.000000000000000000e+00	3.034519999999999982e+02	2.710649999999999977e+02	2.433240000000000123e+02	2.193369999999999891e+02	1.993329999999999984e+02	1.833799999999999955e+02	1.674039999999999964e+02	1.540149999999999864e+02	1.427760000000000105e+02	1.346279999999999859e+02	1.256790000000000020e+02	1.181490000000000009e+02	1.120150000000000006e+02	1.081700000000000017e+02	1.048509999999999991e+02	1.011200000000000045e+02	9.651900000000000546e+01	9.194199999999999307e+01	8.784499999999999886e+01	8.464100000000000534e+01	8.196299999999999386e+01	7.949099999999999966e+01	7.736199999999999477e+01	7.539400000000000546e+01	7.399699999999999989e+01	7.255599999999999739e+01	7.134199999999999875e+01	7.058700000000000330e+01	7.060999999999999943e+01	6.884799999999999898e+01	6.825300000000000011e+01	6.765699999999999648e+01	6.731399999999999295e+01	6.717700000000000671e+01	6.699399999999999977e+01	6.658199999999999363e+01	6.683299999999999841e+01	6.660500000000000398e+01	6.690200000000000102e+01	6.658199999999999363e+01	6.598699999999999477e+01	6.580400000000000205e+01	6.568899999999999295e+01	6.591800000000000637e+01	6.605500000000000682e+01	6.596399999999999864e+01	6.598699999999999477e+01	6.596399999999999864e+01	6.598699999999999477e+01	6.594100000000000250e+01	6.601000000000000512e+01	6.559799999999999898e+01	6.539199999999999591e+01	6.541400000000000148e+01	6.532299999999999329e+01	6.550600000000000023e+01	6.545999999999999375e+01	6.571200000000000330e+01	6.580400000000000205e+01	6.587199999999999989e+01	6.573499999999999943e+01	6.594100000000000250e+01	6.596399999999999864e+01	6.617000000000000171e+01	6.644400000000000261e+01	6.692499999999999716e+01	6.632999999999999829e+01	6.667300000000000182e+01	6.749699999999999989e+01	6.777200000000000557e+01	6.797799999999999443e+01	6.813800000000000523e+01	6.891599999999999682e+01	6.868699999999999761e+01	6.893899999999999295e+01	6.932800000000000296e+01	6.921399999999999864e+01	6.955700000000000216e+01	6.955700000000000216e+01	6.994599999999999795e+01	7.017499999999999716e+01	7.049599999999999511e+01	7.081600000000000250e+01	7.113599999999999568e+01	7.129699999999999704e+01	7.209799999999999898e+01	7.248699999999999477e+01	7.257800000000000296e+01	7.289900000000000091e+01	7.326500000000000057e+01	7.356300000000000239e+01	7.383700000000000330e+01	7.424899999999999523e+01	7.463800000000000523e+01	7.482099999999999795e+01	7.516500000000000625e+01	7.553100000000000591e+01	7.582899999999999352e+01	7.633199999999999363e+01	7.674399999999999977e+01	7.729300000000000637e+01	7.765999999999999659e+01	7.798000000000000398e+01	7.825499999999999545e+01	7.848399999999999466e+01	7.903300000000000125e+01	7.937600000000000477e+01	7.969700000000000273e+01	8.010899999999999466e+01	8.111599999999999966e+01	8.134499999999999886e+01	8.171099999999999852e+01	8.203100000000000591e+01	8.235200000000000387e+01	8.269499999999999318e+01	8.310699999999999932e+01	8.342700000000000671e+01	8.395399999999999352e+01	8.438899999999999579e+01	8.477800000000000580e+01	8.525799999999999557e+01	8.569299999999999784e+01	8.665500000000000114e+01	8.704399999999999693e+01	8.754699999999999704e+01	8.805100000000000193e+01	8.850900000000000034e+01	8.901200000000000045e+01	8.969899999999999807e+01	9.015699999999999648e+01	9.075199999999999534e+01	9.132399999999999807e+01	9.184999999999999432e+01	9.240000000000000568e+01	9.276600000000000534e+01	9.423099999999999454e+01	9.468800000000000239e+01	9.537500000000000000e+01	9.601600000000000534e+01	9.684000000000000341e+01	9.745799999999999841e+01	9.782399999999999807e+01	9.855700000000000216e+01	9.947199999999999420e+01	1.002039999999999935e+02	1.009369999999999976e+02	1.015780000000000030e+02	1.019210000000000065e+02	1.021959999999999980e+02	1.022870000000000061e+02	1.024479999999999933e+02	1.025160000000000053e+02	1.024249999999999972e+02	1.024020000000000010e+02	1.024249999999999972e+02	1.024699999999999989e+02	1.024020000000000010e+02	1.024699999999999989e+02	1.025849999999999937e+02	1.027909999999999968e+02	1.027909999999999968e+02	1.029050000000000011e+02	1.032030000000000030e+02	1.031800000000000068e+02	1.030879999999999939e+02	1.029969999999999999e+02	1.031110000000000042e+02	1.031110000000000042e+02	1.039809999999999945e+02	1.040949999999999989e+02	1.040729999999999933e+02	1.040040000000000049e+02	1.040949999999999989e+02	1.040949999999999989e+02	1.041179999999999950e+02	1.042330000000000041e+02	1.043010000000000019e+02	1.048050000000000068e+02	1.046449999999999960e+02	1.045990000000000038e+02	1.045300000000000011e+02	1.045300000000000011e+02	1.046449999999999960e+02	1.046449999999999960e+02	1.047819999999999965e+02	1.048509999999999991e+02	1.048739999999999952e+02	1.048509999999999991e+02	1.048739999999999952e+02
0.000000000000000000e+00	5.040439999999999827e+02	4.271390000000000100e+02	3.626630000000000109e+02	3.107529999999999859e+02	2.672200000000000273e+02	2.309190000000000111e+02	2.045289999999999964e+02	1.850740000000000123e+02	1.690980000000000132e+02	1.589130000000000109e+02	1.510850000000000080e+02	1.442410000000000139e+02	1.384960000000000093e+02	1.331409999999999911e+02	1.275789999999999935e+02	1.227950000000000017e+02	1.175769999999999982e+02	1.123810000000000002e+02	1.076430000000000007e+02	1.037750000000000057e+02	1.011200000000000045e+02	9.890000000000000568e+01	9.706900000000000261e+01	9.548999999999999488e+01	9.425400000000000489e+01	9.308599999999999852e+01	9.233100000000000307e+01	9.178199999999999648e+01	9.079699999999999704e+01	9.027100000000000080e+01	9.040800000000000125e+01	8.949299999999999500e+01	8.944700000000000273e+01	8.898900000000000432e+01	8.846299999999999386e+01	8.791400000000000148e+01	8.809699999999999420e+01	8.768500000000000227e+01	8.784499999999999886e+01	8.770799999999999841e+01	8.690600000000000591e+01	8.692900000000000205e+01	8.727299999999999613e+01	8.713500000000000512e+01	8.759300000000000352e+01	8.793600000000000705e+01	8.754699999999999704e+01	8.763899999999999579e+01	8.789100000000000534e+01	8.903499999999999659e+01	8.853100000000000591e+01	8.885200000000000387e+01	8.855400000000000205e+01	8.926399999999999579e+01	8.928700000000000614e+01	8.924099999999999966e+01	8.956100000000000705e+01	8.946999999999999886e+01	8.951600000000000534e+01	8.965300000000000580e+01	8.995099999999999341e+01	9.013400000000000034e+01	9.024800000000000466e+01	9.006499999999999773e+01	8.995099999999999341e+01	9.148399999999999466e+01	9.173600000000000421e+01	9.214799999999999613e+01	9.219400000000000261e+01	9.240000000000000568e+01	9.271999999999999886e+01	9.283400000000000318e+01	9.299500000000000455e+01	9.340699999999999648e+01	9.359000000000000341e+01	9.443699999999999761e+01	9.452800000000000580e+01	9.468800000000000239e+01	9.475700000000000500e+01	9.535200000000000387e+01	9.617600000000000193e+01	9.809900000000000375e+01	9.814499999999999602e+01	9.944899999999999807e+01	9.956399999999999295e+01	1.005939999999999941e+02	1.007540000000000049e+02	1.012800000000000011e+02	1.013949999999999960e+02	1.015780000000000030e+02	1.018299999999999983e+02	1.021269999999999953e+02	1.034090000000000060e+02	1.038209999999999980e+02	1.041410000000000053e+02	1.043010000000000019e+02	1.042560000000000002e+02	1.045300000000000011e+02	1.052399999999999949e+02	1.053769999999999953e+02	1.053769999999999953e+02	1.059489999999999981e+02	1.057429999999999950e+02	1.059039999999999964e+02	1.061550000000000011e+02	1.063389999999999986e+02	1.069789999999999992e+02	1.072540000000000049e+02	1.074599999999999937e+02	1.085589999999999975e+02	1.092680000000000007e+02	1.090390000000000015e+02	1.093370000000000033e+02	1.093139999999999930e+02	1.100229999999999961e+02	1.099549999999999983e+02	1.102069999999999936e+02	1.110529999999999973e+02	1.113280000000000030e+02	1.114429999999999978e+02	1.114429999999999978e+02	1.115340000000000060e+02	1.115109999999999957e+02	1.116260000000000048e+02	1.153790000000000049e+02	1.149899999999999949e+02	1.149219999999999970e+02	1.145780000000000030e+02	1.145550000000000068e+02	1.148990000000000009e+02	1.146470000000000056e+02	1.154020000000000010e+02	1.157229999999999990e+02	1.157229999999999990e+02	1.156539999999999964e+02	1.165240000000000009e+02	1.165469999999999970e+02	1.163859999999999957e+02	1.162950000000000017e+02	1.172789999999999964e+02	1.174849999999999994e+02	1.173020000000000067e+02	1.172789999999999964e+02	1.172789999999999964e+02	1.174159999999999968e+02	1.174849999999999994e+02	1.174849999999999994e+02	1.177830000000000013e+02	1.176680000000000064e+02	1.175990000000000038e+02	1.175769999999999982e+02	1.176449999999999960e+02	1.175990000000000038e+02	1.183089999999999975e+02	1.180799999999999983e+02	1.220859999999999985e+02	1.219939999999999998e+02	1.215589999999999975e+02	1.213070000000000022e+02	1.213760000000000048e+02	1.212159999999999940e+02	1.217189999999999941e+02	1.216050000000000040e+02	1.214899999999999949e+02	1.216050000000000040e+02	1.215360000000000014e+02	1.217189999999999941e+02	1.216050000000000040e+02	1.220169999999999959e+02	1.218340000000000032e+02	1.219249999999999972e+02	1.220630000000000024e+02	1.217650000000000006e+02	1.215819999999999936e+02	1.213990000000000009e+02	1.208040000000000020e+02	1.214449999999999932e+02	1.214680000000000035e+02	1.212620000000000005e+02	1.217189999999999941e+02	1.221310000000000002e+02	1.213070000000000022e+02	1.212159999999999940e+02	1.211239999999999952e+02	1.212159999999999940e+02	1.211929999999999978e+02	1.213070000000000022e+02	1.211009999999999991e+02	1.215819999999999936e+02
0.000000000000000000e+00	4.048690000000000282e+02	3.442839999999999918e+02	2.931750000000000114e+02	2.591630000000000109e+02	2.217179999999999893e+02	1.985780000000000030e+02	1.816409999999999911e+02	1.693499999999999943e+02	1.579060000000000059e+02	1.510850000000000080e+02	1.457980000000000018e+02	1.409679999999999893e+02	1.369399999999999977e+02	1.337589999999999861e+02	1.309660000000000082e+02	1.283110000000000070e+02	1.262279999999999944e+02	1.253130000000000024e+02	1.238020000000000067e+02	1.225889999999999986e+02	1.222920000000000016e+02	1.212390000000000043e+02	1.203689999999999998e+02	1.192469999999999999e+02	1.179429999999999978e+02	1.168900000000000006e+02	1.158370000000000033e+02	1.149899999999999949e+02	1.146239999999999952e+02	1.141659999999999968e+02	1.140520000000000067e+02	1.138229999999999933e+02	1.135480000000000018e+02	1.136400000000000006e+02	1.137079999999999984e+02	1.138689999999999998e+02	1.142349999999999994e+02	1.146929999999999978e+02	1.146929999999999978e+02	1.152420000000000044e+02	1.163179999999999978e+02	1.167069999999999936e+02	1.171650000000000063e+02	1.177830000000000013e+02	1.182399999999999949e+02	1.189959999999999951e+02	1.199569999999999936e+02	1.204609999999999985e+02	1.212390000000000043e+02	1.225889999999999986e+02	1.231610000000000014e+02	1.238709999999999951e+02	1.245799999999999983e+02	1.251069999999999993e+02	1.258160000000000025e+02	1.264800000000000040e+02	1.269839999999999947e+02	1.277390000000000043e+02	1.283569999999999993e+02	1.288600000000000136e+02	1.295699999999999932e+02	1.301879999999999882e+02	1.306920000000000073e+02	1.313100000000000023e+02	1.316990000000000123e+02	1.320420000000000016e+02	1.326829999999999927e+02	1.330260000000000105e+02	1.333919999999999959e+02	1.338729999999999905e+02	1.342160000000000082e+02	1.344910000000000139e+02	1.350399999999999920e+02	1.353609999999999900e+02	1.355670000000000073e+02	1.363220000000000027e+02	1.366879999999999882e+02	1.368480000000000132e+02	1.373290000000000077e+02	1.375120000000000005e+02	1.375809999999999889e+02	1.379929999999999950e+02	1.381990000000000123e+02	1.383590000000000089e+02	1.387479999999999905e+02	1.390229999999999961e+02	1.390459999999999923e+02	1.394579999999999984e+02	1.396870000000000118e+02	1.397549999999999955e+02	1.400989999999999895e+02	1.404650000000000034e+02	1.405790000000000077e+02	1.409000000000000057e+02	1.412199999999999989e+02	1.413799999999999955e+02	1.418379999999999939e+02	1.420670000000000073e+02	1.422959999999999923e+02	1.427760000000000105e+02	1.430740000000000123e+02	1.433029999999999973e+02	1.436920000000000073e+02	1.439439999999999884e+02	1.441500000000000057e+02	1.445389999999999873e+02	1.448360000000000127e+02	1.449050000000000011e+02	1.453400000000000034e+02	1.455689999999999884e+02	1.456829999999999927e+02	1.458890000000000100e+02	1.460490000000000066e+02	1.462330000000000041e+02	1.469420000000000073e+02	1.469650000000000034e+02	1.465529999999999973e+02	1.467820000000000107e+02	1.468729999999999905e+02	1.468729999999999905e+02	1.472400000000000091e+02	1.473770000000000095e+02	1.474000000000000057e+02	1.476519999999999868e+02	1.479259999999999877e+02	1.479029999999999916e+02	1.481320000000000050e+02	1.482239999999999895e+02	1.479490000000000123e+02	1.482700000000000102e+02	1.483379999999999939e+02	1.484759999999999991e+02	1.486359999999999957e+02	1.487500000000000000e+02	1.487959999999999923e+02	1.492769999999999868e+02	1.494600000000000080e+02	1.495509999999999877e+02	1.497340000000000089e+02	1.499180000000000064e+02	1.499629999999999939e+02	1.502150000000000034e+02	1.502150000000000034e+02	1.502150000000000034e+02	1.503300000000000125e+02	1.503979999999999961e+02	1.502839999999999918e+02	1.505809999999999889e+02	1.506500000000000057e+02	1.505809999999999889e+02	1.507640000000000100e+02	1.508789999999999907e+02	1.509250000000000114e+02	1.511759999999999877e+02	1.513139999999999930e+02	1.513369999999999891e+02	1.515660000000000025e+02	1.516800000000000068e+02	1.515430000000000064e+02	1.518170000000000073e+02	1.519550000000000125e+02	1.521380000000000052e+02	1.523669999999999902e+02	1.524120000000000061e+02	1.524120000000000061e+02	1.527330000000000041e+02	1.528240000000000123e+02	1.528240000000000123e+02	1.530300000000000011e+02	1.531680000000000064e+02	1.531450000000000102e+02	1.533509999999999991e+02	1.534190000000000111e+02	1.534190000000000111e+02	1.534650000000000034e+02	1.534650000000000034e+02	1.534190000000000111e+02	1.535339999999999918e+02	1.535339999999999918e+02	1.535800000000000125e+02	1.537860000000000014e+02	1.537860000000000014e+02	1.537400000000000091e+02	1.539230000000000018e+02	1.539689999999999941e+02	1.539230000000000018e+02	1.541289999999999907e+02	1.541519999999999868e+02	1.541980000000000075e+02
0.000000000000000000e+00	4.430690000000000168e+02	3.896030000000000086e+02	3.397520000000000095e+02	3.018489999999999895e+02	2.704010000000000105e+02	2.441709999999999923e+02	2.203669999999999902e+02	1.997450000000000045e+02	1.861500000000000057e+02	1.739269999999999925e+02	1.636049999999999898e+02	1.559139999999999873e+02	1.483149999999999977e+02	1.423189999999999884e+02	1.372150000000000034e+02	1.337359999999999900e+02	1.297760000000000105e+02	1.267319999999999993e+02	1.235280000000000058e+02	1.215130000000000052e+02	1.186290000000000049e+02	1.192249999999999943e+02	1.165919999999999987e+02	1.139140000000000015e+02	1.113280000000000030e+02	1.084440000000000026e+02	1.062469999999999999e+02	1.048280000000000030e+02	1.033400000000000034e+02	1.020810000000000031e+02	1.012570000000000050e+02	1.009369999999999976e+02	1.004330000000000069e+02	1.004330000000000069e+02	1.011200000000000045e+02	1.016689999999999969e+02	1.023100000000000023e+02	1.027450000000000045e+02	1.030199999999999960e+02	1.038439999999999941e+02	1.043930000000000007e+02	1.054230000000000018e+02	1.058119999999999976e+02	1.066129999999999995e+02	1.075969999999999942e+02	1.082840000000000060e+02	1.091080000000000041e+02	1.100229999999999961e+02	1.119689999999999941e+02	1.127469999999999999e+02	1.138460000000000036e+02	1.148760000000000048e+02	1.159519999999999982e+02	1.169360000000000070e+02	1.178050000000000068e+02	1.195450000000000017e+02	1.208269999999999982e+02	1.216280000000000001e+02	1.156310000000000002e+02	1.156539999999999964e+02	1.181719999999999970e+02	1.192469999999999999e+02	1.220400000000000063e+02	1.229549999999999983e+02	1.241680000000000064e+02	1.248780000000000001e+02	1.277390000000000043e+02	1.288830000000000098e+02	1.297299999999999898e+02	1.305310000000000059e+02	1.320190000000000055e+02	1.320649999999999977e+02	1.325449999999999875e+02	1.328660000000000139e+02	1.330720000000000027e+02	1.333470000000000084e+02	1.335749999999999886e+02	1.343540000000000134e+02	1.346279999999999859e+02	1.344679999999999893e+02	1.347429999999999950e+02	1.349720000000000084e+02	1.352009999999999934e+02	1.354060000000000059e+02	1.357729999999999961e+02	1.368029999999999973e+02	1.370999999999999943e+02	1.374660000000000082e+02	1.378559999999999945e+02	1.380840000000000032e+02	1.384050000000000011e+02	1.410600000000000023e+02	1.420440000000000111e+02	1.423189999999999884e+02	1.427309999999999945e+02	1.430509999999999877e+02	1.443329999999999984e+02	1.451109999999999900e+02	1.451570000000000107e+02	1.452479999999999905e+02	1.451339999999999861e+02	1.449739999999999895e+02	1.449739999999999895e+02	1.467359999999999900e+02	1.468050000000000068e+02	1.469190000000000111e+02	1.469879999999999995e+02	1.473079999999999927e+02	1.474689999999999941e+02	1.476519999999999868e+02	1.476059999999999945e+02	1.476289999999999907e+02	1.480180000000000007e+02	1.479950000000000045e+02	1.482470000000000141e+02	1.483149999999999977e+02	1.484070000000000107e+02	1.484759999999999991e+02	1.487270000000000039e+02	1.487050000000000125e+02	1.486359999999999957e+02	1.487729999999999961e+02	1.493230000000000075e+02	1.493230000000000075e+02	1.493000000000000114e+02	1.491390000000000100e+02	1.493000000000000114e+02	1.495060000000000002e+02	1.494139999999999873e+02	1.496200000000000045e+02	1.496200000000000045e+02	1.496430000000000007e+02	1.497570000000000050e+02	1.498489999999999895e+02	1.496889999999999930e+02	1.497800000000000011e+02	1.501009999999999991e+02	1.503750000000000000e+02	1.504439999999999884e+02	1.505360000000000014e+02	1.504439999999999884e+02	1.504900000000000091e+02	1.504900000000000091e+02	1.505360000000000014e+02	1.506500000000000057e+02	1.514739999999999895e+02	1.513820000000000050e+02	1.513600000000000136e+02	1.514050000000000011e+02	1.512450000000000045e+02	1.514279999999999973e+02	1.520920000000000130e+02	1.530080000000000098e+02	1.530300000000000011e+02	1.530300000000000011e+02	1.531680000000000064e+02	1.532139999999999986e+02	1.533969999999999914e+02	1.536939999999999884e+02	1.536709999999999923e+02	1.535339999999999918e+02	1.534879999999999995e+02	1.536030000000000086e+02	1.536250000000000000e+02	1.535800000000000125e+02	1.536030000000000086e+02	1.538089999999999975e+02	1.535339999999999918e+02	1.533280000000000030e+02	1.534650000000000034e+02	1.534650000000000034e+02	1.535800000000000125e+02	1.536939999999999884e+02	1.537400000000000091e+02	1.538540000000000134e+02	1.540370000000000061e+02	1.540149999999999864e+02	1.541980000000000075e+02	1.542210000000000036e+02	1.543120000000000118e+02	1.544490000000000123e+02	1.544490000000000123e+02	1.544269999999999925e+02	1.545180000000000007e+02	1.544950000000000045e+02	1.546550000000000011e+02	1.550900000000000034e+02	1.550670000000000073e+02	1.559830000000000041e+02
0.000000000000000000e+00	1.997220000000000084e+02	1.807709999999999866e+02	1.612930000000000064e+02	1.456380000000000052e+02	1.284029999999999916e+02	1.156770000000000067e+02	1.060180000000000007e+02	9.883100000000000307e+01	9.285699999999999932e+01	8.832599999999999341e+01	8.415999999999999659e+01	8.278700000000000614e+01	7.898699999999999477e+01	7.644700000000000273e+01	7.546200000000000330e+01	7.324200000000000443e+01	7.136499999999999488e+01	6.955700000000000216e+01	6.731399999999999295e+01	6.500199999999999534e+01	6.285099999999999909e+01	6.063100000000000023e+01	5.896000000000000085e+01	5.749499999999999744e+01	5.607600000000000051e+01	5.488600000000000279e+01	5.376400000000000290e+01	5.284899999999999665e+01	5.197899999999999920e+01	5.147599999999999909e+01	5.069700000000000273e+01	5.017099999999999937e+01	4.975900000000000034e+01	4.941599999999999682e+01	4.902600000000000335e+01	4.854599999999999937e+01	4.822500000000000142e+01	4.776800000000000068e+01	4.772200000000000131e+01	4.772200000000000131e+01	4.740100000000000335e+01	4.737899999999999778e+01	4.721800000000000352e+01	4.701200000000000045e+01	4.696699999999999875e+01	4.687500000000000000e+01	4.671500000000000341e+01	4.664600000000000080e+01	4.669200000000000017e+01	4.653199999999999648e+01	4.664600000000000080e+01	4.662299999999999756e+01	4.701200000000000045e+01	4.698899999999999721e+01	4.698899999999999721e+01	4.708100000000000307e+01	4.710399999999999920e+01	4.701200000000000045e+01	4.689800000000000324e+01	4.694400000000000261e+01	4.714999999999999858e+01	4.724099999999999966e+01	4.742399999999999949e+01	4.763000000000000256e+01	4.808800000000000097e+01	4.836299999999999955e+01	4.865999999999999659e+01	4.875200000000000244e+01	4.854599999999999937e+01	4.838600000000000279e+01	4.868299999999999983e+01	4.861500000000000199e+01	4.907200000000000273e+01	4.893500000000000227e+01	4.900399999999999778e+01	5.065200000000000102e+01	5.046800000000000352e+01	5.053699999999999903e+01	5.044599999999999795e+01	5.046800000000000352e+01	5.097200000000000131e+01	5.101800000000000068e+01	5.106400000000000006e+01	5.101800000000000068e+01	5.168200000000000216e+01	5.177300000000000324e+01	5.172699999999999676e+01	5.186500000000000199e+01	5.207099999999999795e+01	5.211599999999999966e+01	5.213900000000000290e+01	5.225399999999999778e+01	5.248299999999999699e+01	5.337500000000000000e+01	5.332900000000000063e+01	5.346699999999999875e+01	5.369599999999999795e+01	5.376400000000000290e+01	5.378699999999999903e+01	5.413100000000000023e+01	5.463400000000000034e+01	5.474900000000000233e+01	5.461099999999999710e+01	5.486299999999999955e+01	5.488600000000000279e+01	5.481700000000000017e+01	5.495499999999999829e+01	5.532099999999999795e+01	5.557300000000000040e+01	5.577900000000000347e+01	5.586999999999999744e+01	5.586999999999999744e+01	5.641899999999999693e+01	5.689999999999999858e+01	5.692300000000000182e+01	5.710600000000000165e+01	5.749499999999999744e+01	5.756400000000000006e+01	5.754099999999999682e+01	5.767799999999999727e+01	5.834199999999999875e+01	5.836500000000000199e+01	5.847899999999999920e+01	5.866199999999999903e+01	5.918900000000000006e+01	5.921200000000000330e+01	5.923499999999999943e+01	5.937199999999999989e+01	5.948599999999999710e+01	5.976100000000000279e+01	5.996699999999999875e+01	6.005899999999999750e+01	6.021900000000000119e+01	6.042499999999999716e+01	6.063100000000000023e+01	6.076800000000000068e+01	6.099699999999999989e+01	6.108899999999999864e+01	6.127199999999999847e+01	6.154599999999999937e+01	6.163799999999999812e+01	6.182099999999999795e+01	6.195799999999999841e+01	6.202700000000000102e+01	6.246200000000000330e+01	6.269100000000000250e+01	6.328600000000000136e+01	6.349199999999999733e+01	6.369800000000000040e+01	6.420099999999999341e+01	6.424699999999999989e+01	6.426999999999999602e+01	6.426999999999999602e+01	6.486499999999999488e+01	6.520799999999999841e+01	6.525400000000000489e+01	6.529999999999999716e+01	6.562000000000000455e+01	6.591800000000000637e+01	6.584900000000000375e+01	6.589499999999999602e+01	6.589499999999999602e+01	6.591800000000000637e+01	6.754300000000000637e+01	6.790900000000000603e+01	6.804699999999999704e+01	6.800100000000000477e+01	6.804699999999999704e+01	6.813800000000000523e+01	6.818399999999999750e+01	6.813800000000000523e+01	6.820699999999999363e+01	6.827500000000000568e+01	6.836700000000000443e+01	6.854999999999999716e+01	6.854999999999999716e+01	6.861899999999999977e+01	6.880200000000000671e+01	6.898499999999999943e+01	6.900799999999999557e+01	6.905400000000000205e+01	6.919100000000000250e+01	6.928300000000000125e+01	6.953400000000000603e+01	6.978600000000000136e+01	6.992300000000000182e+01	6.992300000000000182e+01	7.049599999999999511e+01	7.079300000000000637e+01
1.000000000000000000e+00	2.243729999999999905e+02	2.086030000000000086e+02	1.933139999999999930e+02	1.799929999999999950e+02	1.686169999999999902e+02	1.588209999999999980e+02	1.513820000000000050e+02	1.438979999999999961e+02	1.368710000000000093e+02	1.313549999999999898e+02	1.266170000000000044e+02	1.218110000000000070e+02	1.177139999999999986e+02	1.141430000000000007e+02	1.110310000000000059e+02	1.086269999999999953e+02	1.070019999999999953e+02	1.051250000000000000e+02	1.035229999999999961e+02	1.013719999999999999e+02	9.892300000000000182e+01	9.681699999999999307e+01	9.496299999999999386e+01	9.308599999999999852e+01	9.114100000000000534e+01	8.944700000000000273e+01	8.784499999999999886e+01	8.571599999999999397e+01	8.370199999999999818e+01	8.232899999999999352e+01	8.132200000000000273e+01	8.068099999999999739e+01	8.026900000000000546e+01	7.994799999999999329e+01	7.983400000000000318e+01	7.946800000000000352e+01	7.942199999999999704e+01	7.939900000000000091e+01	7.967400000000000659e+01	7.985699999999999932e+01	7.999399999999999977e+01	7.999399999999999977e+01	8.038299999999999557e+01	8.058899999999999864e+01	8.100100000000000477e+01	8.127599999999999625e+01	8.155100000000000193e+01	8.189400000000000546e+01	8.248900000000000432e+01	8.276399999999999579e+01	8.294700000000000273e+01	8.322100000000000364e+01	8.367900000000000205e+01	8.402299999999999613e+01	8.402299999999999613e+01	8.470900000000000318e+01	8.466299999999999670e+01	8.509799999999999898e+01	8.530400000000000205e+01	8.553300000000000125e+01	8.585399999999999920e+01	8.596800000000000352e+01	8.681499999999999773e+01	8.683799999999999386e+01	8.686100000000000421e+01	8.676900000000000546e+01	8.658599999999999852e+01	8.715800000000000125e+01	8.722700000000000387e+01	8.727299999999999613e+01	8.725000000000000000e+01	8.750199999999999534e+01	8.763899999999999579e+01	8.795900000000000318e+01	8.791400000000000148e+01	8.898900000000000432e+01	8.926399999999999579e+01	8.958400000000000318e+01	9.020199999999999818e+01	9.054600000000000648e+01	9.068300000000000693e+01	9.162099999999999511e+01	9.166700000000000159e+01	9.256000000000000227e+01	9.292600000000000193e+01	9.400199999999999534e+01	9.432200000000000273e+01	9.478000000000000114e+01	9.484900000000000375e+01	9.590099999999999625e+01	9.638200000000000500e+01	9.704600000000000648e+01	9.805299999999999727e+01	9.878499999999999659e+01	1.003649999999999949e+02	1.014629999999999939e+02	1.028139999999999930e+02	1.042789999999999964e+02	1.056979999999999933e+02	1.071170000000000044e+02	1.084440000000000026e+02	1.106189999999999998e+02	1.125180000000000007e+02	1.140979999999999990e+02	1.162030000000000030e+02	1.182169999999999987e+02	1.202090000000000032e+02	1.221770000000000067e+02	1.245570000000000022e+02	1.268919999999999959e+02	1.289519999999999982e+02	1.309430000000000121e+02	1.333919999999999959e+02	1.352920000000000016e+02	1.377410000000000139e+02	1.395029999999999859e+02	1.419070000000000107e+02	1.440579999999999927e+02	1.462549999999999955e+02	1.480869999999999891e+02	1.501459999999999866e+02	1.530759999999999934e+02	1.547009999999999934e+02	1.563259999999999934e+02	1.578830000000000098e+02	1.580660000000000025e+02	1.593700000000000045e+02	1.603549999999999898e+02	1.614530000000000030e+02	1.627350000000000136e+02	1.641080000000000041e+02	1.651150000000000091e+02	1.664199999999999875e+02	1.671299999999999955e+02	1.684799999999999898e+02	1.704480000000000075e+02	1.711119999999999948e+02	1.719130000000000109e+02	1.726910000000000025e+02	1.734240000000000066e+02	1.743849999999999909e+02	1.750029999999999859e+02	1.756210000000000093e+02	1.772460000000000093e+02	1.779559999999999889e+02	1.788480000000000132e+02	1.792599999999999909e+02	1.798319999999999936e+02	1.802899999999999920e+02	1.809079999999999870e+02	1.816409999999999911e+02	1.823499999999999943e+02	1.828540000000000134e+02	1.834029999999999916e+02	1.839070000000000107e+02	1.843189999999999884e+02	1.849139999999999873e+02	1.854399999999999977e+02	1.858520000000000039e+02	1.861949999999999932e+02	1.865620000000000118e+02	1.873400000000000034e+02	1.878429999999999893e+02	1.882319999999999993e+02	1.886670000000000016e+02	1.890790000000000077e+02	1.893540000000000134e+02	1.898799999999999955e+02	1.906589999999999918e+02	1.911850000000000023e+02	1.916200000000000045e+02	1.924439999999999884e+02	1.925349999999999966e+02	1.927640000000000100e+02	1.929470000000000027e+02	1.931759999999999877e+02	1.933820000000000050e+02	1.936339999999999861e+02	1.938400000000000034e+02	1.942750000000000057e+02	1.948700000000000045e+02	1.950759999999999934e+02	1.953280000000000030e+02	1.954879999999999995e+02	1.956939999999999884e+02	1.958309999999999889e+02	1.958309999999999889e+02	1.956939999999999884e+02	1.958540000000000134e+02
0.000000000000000000e+00	1.981200000000000045e+02	1.803360000000000127e+02	1.652980000000000018e+02	1.508789999999999907e+02	1.394350000000000023e+02	1.280819999999999936e+02	1.177139999999999986e+02	1.094740000000000038e+02	1.026080000000000041e+02	9.658799999999999386e+01	9.210200000000000387e+01	8.786799999999999500e+01	8.461799999999999500e+01	8.189400000000000546e+01	7.921599999999999397e+01	7.598900000000000432e+01	7.260099999999999909e+01	6.923699999999999477e+01	6.612399999999999523e+01	6.335399999999999920e+01	6.092799999999999727e+01	5.905199999999999960e+01	5.708299999999999841e+01	5.564099999999999824e+01	5.440500000000000114e+01	5.454299999999999926e+01	5.255100000000000193e+01	5.184199999999999875e+01	5.110900000000000176e+01	5.049099999999999966e+01	5.007900000000000063e+01	4.948400000000000176e+01	4.918699999999999761e+01	4.886599999999999966e+01	4.850000000000000000e+01	4.834000000000000341e+01	4.806499999999999773e+01	4.788199999999999790e+01	4.774499999999999744e+01	4.749300000000000210e+01	4.719500000000000028e+01	4.701200000000000045e+01	4.714999999999999858e+01	4.694400000000000261e+01	4.685199999999999676e+01	4.650900000000000034e+01	4.653199999999999648e+01	4.717300000000000182e+01	4.634899999999999665e+01	4.630299999999999727e+01	4.630299999999999727e+01	4.639399999999999835e+01	4.605100000000000193e+01	4.586800000000000210e+01	4.586800000000000210e+01	4.600500000000000256e+01	4.579899999999999949e+01	4.559300000000000352e+01	4.602799999999999869e+01	4.586800000000000210e+01	4.586800000000000210e+01	4.577600000000000335e+01	4.561599999999999966e+01	4.552499999999999858e+01	4.561599999999999966e+01	4.570799999999999841e+01	4.547899999999999920e+01	4.561599999999999966e+01	4.708100000000000307e+01	4.721800000000000352e+01	4.682900000000000063e+01	4.673799999999999955e+01	4.653199999999999648e+01	4.623400000000000176e+01	4.618800000000000239e+01	4.602799999999999869e+01	4.591400000000000148e+01	4.570799999999999841e+01	4.561599999999999966e+01	4.545600000000000307e+01	4.540999999999999659e+01	4.520400000000000063e+01	4.527300000000000324e+01	4.502100000000000080e+01	4.483800000000000097e+01	4.476899999999999835e+01	4.451800000000000068e+01	4.458599999999999852e+01	4.440299999999999869e+01	4.428900000000000148e+01	4.492999999999999972e+01	4.577600000000000335e+01	4.545600000000000307e+01	4.543299999999999983e+01	4.566199999999999903e+01	4.586800000000000210e+01	4.561599999999999966e+01	4.561599999999999966e+01	4.563900000000000290e+01	4.538700000000000045e+01	4.554699999999999704e+01	4.534100000000000108e+01	4.513499999999999801e+01	4.490699999999999648e+01	4.467799999999999727e+01	4.449499999999999744e+01	4.463199999999999790e+01	4.518099999999999739e+01	4.527300000000000324e+01	4.540999999999999659e+01	4.559300000000000352e+01	4.550200000000000244e+01	4.529599999999999937e+01	4.506700000000000017e+01	4.509000000000000341e+01	4.520400000000000063e+01	4.511299999999999955e+01	4.497500000000000142e+01	4.497500000000000142e+01	4.492999999999999972e+01	4.497500000000000142e+01	4.511299999999999955e+01	4.513499999999999801e+01	4.502100000000000080e+01	4.490699999999999648e+01	4.511299999999999955e+01	4.540999999999999659e+01	4.529599999999999937e+01	4.534100000000000108e+01	4.531900000000000261e+01	4.531900000000000261e+01	4.531900000000000261e+01	4.518099999999999739e+01	4.522699999999999676e+01	4.570799999999999841e+01	4.568500000000000227e+01	4.557000000000000028e+01	4.543299999999999983e+01	4.563900000000000290e+01	4.557000000000000028e+01	4.552499999999999858e+01	4.566199999999999903e+01	4.550200000000000244e+01	4.625699999999999790e+01	4.648599999999999710e+01	4.628000000000000114e+01	4.607399999999999807e+01	4.623400000000000176e+01	4.614300000000000068e+01	4.609700000000000131e+01	4.650900000000000034e+01	4.646300000000000097e+01	4.641700000000000159e+01	4.639399999999999835e+01	4.657699999999999818e+01	4.657699999999999818e+01	4.639399999999999835e+01	4.657699999999999818e+01	4.653199999999999648e+01	4.637100000000000222e+01	4.628000000000000114e+01	4.637100000000000222e+01	4.628000000000000114e+01	4.637100000000000222e+01	4.625699999999999790e+01	4.611999999999999744e+01	4.605100000000000193e+01	4.600500000000000256e+01	4.595900000000000318e+01	4.586800000000000210e+01	4.579899999999999949e+01	4.575300000000000011e+01	4.575300000000000011e+01	4.614300000000000068e+01	4.602799999999999869e+01	4.682900000000000063e+01	4.669200000000000017e+01	4.662299999999999756e+01	4.646300000000000097e+01	4.637100000000000222e+01	4.637100000000000222e+01	4.616499999999999915e+01	4.614300000000000068e+01	4.602799999999999869e+01	4.607399999999999807e+01	4.616499999999999915e+01	4.632600000000000051e+01	4.621099999999999852e+01	4.618800000000000239e+01
1.000000000000000000e+00	2.219470000000000027e+02	1.990589999999999975e+02	1.791459999999999866e+02	1.611790000000000020e+02	1.458660000000000139e+02	1.326140000000000043e+02	1.211239999999999952e+02	1.120379999999999967e+02	1.045759999999999934e+02	9.887699999999999534e+01	9.395600000000000307e+01	9.065999999999999659e+01	8.754699999999999704e+01	8.425100000000000477e+01	8.230599999999999739e+01	8.088700000000000045e+01	7.871200000000000330e+01	7.795699999999999363e+01	7.612600000000000477e+01	7.559999999999999432e+01	7.454699999999999704e+01	7.459300000000000352e+01	7.356300000000000239e+01	7.379200000000000159e+01	7.301300000000000523e+01	7.278400000000000603e+01	7.276200000000000045e+01	7.321899999999999409e+01	7.269299999999999784e+01	7.340200000000000102e+01	7.310500000000000398e+01	7.365399999999999636e+01	7.328799999999999670e+01	7.383700000000000330e+01	7.344799999999999329e+01	7.450100000000000477e+01	7.470699999999999363e+01	7.443200000000000216e+01	7.518800000000000239e+01	7.500499999999999545e+01	7.571399999999999864e+01	7.669799999999999329e+01	7.697299999999999898e+01	7.740800000000000125e+01	7.763700000000000045e+01	7.795699999999999363e+01	7.862099999999999511e+01	7.841500000000000625e+01	7.914700000000000557e+01	7.903300000000000125e+01	7.971999999999999886e+01	7.971999999999999886e+01	8.038299999999999557e+01	8.013200000000000500e+01	8.047499999999999432e+01	8.081799999999999784e+01	8.125300000000000011e+01	8.155100000000000193e+01	8.198499999999999943e+01	8.242000000000000171e+01	8.267199999999999704e+01	8.335899999999999466e+01	8.326699999999999591e+01	8.345000000000000284e+01	8.379399999999999693e+01	8.415999999999999659e+01	8.457200000000000273e+01	8.484600000000000364e+01	8.516700000000000159e+01	8.537300000000000466e+01	8.571599999999999397e+01	8.601399999999999579e+01	8.637999999999999545e+01	8.674599999999999511e+01	8.699800000000000466e+01	8.747899999999999920e+01	8.832599999999999341e+01	8.871500000000000341e+01	8.910399999999999920e+01	8.951600000000000534e+01	8.976699999999999591e+01	9.001900000000000546e+01	9.075199999999999534e+01	9.114100000000000534e+01	9.159900000000000375e+01	9.191899999999999693e+01	9.230800000000000693e+01	9.274299999999999500e+01	9.317799999999999727e+01	9.377299999999999613e+01	9.432200000000000273e+01	9.514600000000000080e+01	9.587900000000000489e+01	9.624500000000000455e+01	9.713700000000000045e+01	9.805299999999999727e+01	1.003190000000000026e+02	1.006850000000000023e+02	1.024929999999999950e+02	1.038209999999999980e+02	1.056290000000000049e+02	1.065900000000000034e+02	1.064069999999999965e+02	1.084669999999999987e+02	1.102289999999999992e+02	1.127930000000000064e+02	1.146239999999999952e+02	1.167759999999999962e+02	1.189270000000000067e+02	1.215360000000000014e+02	1.245799999999999983e+02	1.281279999999999859e+02	1.299360000000000070e+02	1.340329999999999870e+02	1.362529999999999859e+02	1.392969999999999970e+02	1.421359999999999957e+02	1.452259999999999991e+02	1.472170000000000130e+02	1.498029999999999973e+02	1.526179999999999950e+02	1.555250000000000057e+02	1.585920000000000130e+02	1.611100000000000136e+02	1.635360000000000014e+02	1.666490000000000009e+02	1.694869999999999948e+02	1.717069999999999936e+02	1.741330000000000098e+02	1.761699999999999875e+02	1.781160000000000139e+02	1.800610000000000070e+02	1.818470000000000084e+02	1.834029999999999916e+02	1.857150000000000034e+02	1.870190000000000055e+02	1.887129999999999939e+02	1.899259999999999877e+02	1.907270000000000039e+02	1.916889999999999930e+02	1.934509999999999934e+02	1.939540000000000077e+02	1.944579999999999984e+02	1.948240000000000123e+02	1.958309999999999889e+02	1.963580000000000041e+02	1.972959999999999923e+02	1.979139999999999873e+02	1.985320000000000107e+02	1.990589999999999975e+02	1.998600000000000136e+02	2.004550000000000125e+02	2.011409999999999911e+02	2.014850000000000136e+02	2.019650000000000034e+02	2.031100000000000136e+02	2.032930000000000064e+02	2.034300000000000068e+02	2.037510000000000048e+02	2.051009999999999991e+02	2.048259999999999934e+02	2.049180000000000064e+02	2.050550000000000068e+02	2.051699999999999875e+02	2.054670000000000130e+02	2.058559999999999945e+02	2.060389999999999873e+02	2.060620000000000118e+02	2.063600000000000136e+02	2.069089999999999918e+02	2.079619999999999891e+02	2.083739999999999952e+02	2.084660000000000082e+02	2.086030000000000086e+02	2.085109999999999957e+02	2.086030000000000086e+02	2.085109999999999957e+02	2.086260000000000048e+02	2.086939999999999884e+02	2.088319999999999936e+02	2.089459999999999980e+02	2.091059999999999945e+02	2.097700000000000102e+02	2.097019999999999982e+02	2.101140000000000043e+02	2.098849999999999909e+02	2.101140000000000043e+02	2.100680000000000121e+02	2.101140000000000043e+02
0.000000000000000000e+00	2.981190000000000282e+02	2.791209999999999809e+02	2.583849999999999909e+02	2.389530000000000030e+02	2.226100000000000136e+02	2.076870000000000118e+02	1.952129999999999939e+02	1.837920000000000016e+02	1.731260000000000048e+02	1.633990000000000009e+02	1.543350000000000080e+02	1.458890000000000100e+02	1.381069999999999993e+02	1.321330000000000098e+02	1.263430000000000035e+02	1.214449999999999932e+02	1.169590000000000032e+02	1.133419999999999987e+02	1.101610000000000014e+02	1.075739999999999981e+02	1.054459999999999980e+02	1.037519999999999953e+02	1.020810000000000031e+02	1.008220000000000027e+02	9.995300000000000296e+01	9.885399999999999920e+01	9.805299999999999727e+01	9.718300000000000693e+01	9.661100000000000421e+01	9.619899999999999807e+01	9.571800000000000352e+01	9.537500000000000000e+01	9.500900000000000034e+01	9.468800000000000239e+01	9.441400000000000148e+01	9.445999999999999375e+01	9.418500000000000227e+01	9.390999999999999659e+01	9.397899999999999920e+01	9.388700000000000045e+01	9.343000000000000682e+01	9.388700000000000045e+01	9.377299999999999613e+01	9.368099999999999739e+01	9.381900000000000261e+01	9.368099999999999739e+01	9.345199999999999818e+01	9.352100000000000080e+01	9.365800000000000125e+01	9.464300000000000068e+01	9.459699999999999420e+01	9.429900000000000659e+01	9.496299999999999386e+01	9.503199999999999648e+01	9.509999999999999432e+01	9.519199999999999307e+01	9.503199999999999648e+01	9.583299999999999841e+01	9.590099999999999625e+01	9.590099999999999625e+01	9.624500000000000455e+01	9.665699999999999648e+01	9.681699999999999307e+01	9.727500000000000568e+01	9.725199999999999534e+01	9.761799999999999500e+01	9.835099999999999909e+01	9.828199999999999648e+01	9.983799999999999386e+01	9.958599999999999852e+01	9.979200000000000159e+01	9.990699999999999648e+01	9.986100000000000421e+01	1.002039999999999935e+02	1.007999999999999972e+02	1.008220000000000027e+02	1.007770000000000010e+02	1.007540000000000049e+02	1.010060000000000002e+02	1.009369999999999976e+02	1.014629999999999939e+02	1.021269999999999953e+02	1.016919999999999931e+02	1.019210000000000065e+02	1.019210000000000065e+02	1.019669999999999987e+02	1.026310000000000002e+02	1.030199999999999960e+02	1.029050000000000011e+02	1.035690000000000026e+02	1.032489999999999952e+02	1.032710000000000008e+02	1.035460000000000065e+02	1.037289999999999992e+02	1.036610000000000014e+02	1.043010000000000019e+02	1.045529999999999973e+02	1.045759999999999934e+02	1.047819999999999965e+02	1.052860000000000014e+02	1.064989999999999952e+02	1.072079999999999984e+02	1.070939999999999941e+02	1.072999999999999972e+02	1.087420000000000044e+02	1.086500000000000057e+02	1.086959999999999980e+02	1.088100000000000023e+02	1.111449999999999960e+02	1.110310000000000059e+02	1.110759999999999934e+02	1.112590000000000003e+02	1.113739999999999952e+02	1.117169999999999987e+02	1.120829999999999984e+02	1.124500000000000028e+02	1.128160000000000025e+02	1.132740000000000009e+02	1.137999999999999972e+02	1.141659999999999968e+02	1.145100000000000051e+02	1.167530000000000001e+02	1.170960000000000036e+02	1.174849999999999994e+02	1.177369999999999948e+02	1.181719999999999970e+02	1.186749999999999972e+02	1.189959999999999951e+02	1.194530000000000030e+02	1.197969999999999970e+02	1.202090000000000032e+02	1.206670000000000016e+02	1.210780000000000030e+02	1.214449999999999932e+02	1.219479999999999933e+02	1.222920000000000016e+02	1.226350000000000051e+02	1.230930000000000035e+02	1.234129999999999967e+02	1.237789999999999964e+02	1.242600000000000051e+02	1.246490000000000009e+02	1.250150000000000006e+02	1.254270000000000067e+02	1.257480000000000047e+02	1.260909999999999940e+02	1.265490000000000066e+02	1.270070000000000050e+02	1.273040000000000020e+02	1.277849999999999966e+02	1.281510000000000105e+02	1.284710000000000036e+02	1.288830000000000098e+02	1.292719999999999914e+02	1.295699999999999932e+02	1.299819999999999993e+02	1.302800000000000011e+02	1.307139999999999986e+02	1.310579999999999927e+02	1.315610000000000070e+02	1.318129999999999882e+02	1.321109999999999900e+02	1.323170000000000073e+02	1.326140000000000043e+02	1.330260000000000105e+02	1.333689999999999998e+02	1.336210000000000093e+02	1.340099999999999909e+02	1.343770000000000095e+02	1.346510000000000105e+02	1.349720000000000084e+02	1.351550000000000011e+02	1.355670000000000073e+02	1.359559999999999889e+02	1.362079999999999984e+02	1.363909999999999911e+02	1.366879999999999882e+02	1.370320000000000107e+02	1.372379999999999995e+02	1.375349999999999966e+02	1.378100000000000023e+02	1.380620000000000118e+02	1.383360000000000127e+02	1.385649999999999977e+02	1.387709999999999866e+02	1.390229999999999961e+02	1.393660000000000139e+02	1.395949999999999989e+02	1.398470000000000084e+02
1.000000000000000000e+00	1.298449999999999989e+02	1.224060000000000059e+02	1.157459999999999951e+02	1.097259999999999991e+02	1.045990000000000038e+02	1.003880000000000052e+02	9.571800000000000352e+01	9.184999999999999432e+01	8.866899999999999693e+01	8.573900000000000432e+01	8.308400000000000318e+01	8.077200000000000557e+01	7.848399999999999466e+01	7.624099999999999966e+01	7.395199999999999818e+01	7.168600000000000705e+01	6.951099999999999568e+01	6.761199999999999477e+01	6.582599999999999341e+01	6.401800000000000068e+01	6.216400000000000148e+01	6.104299999999999926e+01	5.955499999999999972e+01	5.877700000000000102e+01	5.788400000000000034e+01	5.655700000000000216e+01	5.557300000000000040e+01	5.472599999999999909e+01	5.408500000000000085e+01	5.310099999999999909e+01	5.261999999999999744e+01	5.234499999999999886e+01	5.156700000000000017e+01	5.122399999999999665e+01	5.115500000000000114e+01	5.094899999999999807e+01	5.074300000000000210e+01	5.053699999999999903e+01	5.014800000000000324e+01	5.001100000000000279e+01	4.996500000000000341e+01	5.003399999999999892e+01	4.994200000000000017e+01	4.996500000000000341e+01	4.991899999999999693e+01	4.982800000000000296e+01	4.998799999999999955e+01	4.982800000000000296e+01	4.998799999999999955e+01	5.003399999999999892e+01	5.003399999999999892e+01	5.021699999999999875e+01	5.033100000000000307e+01	5.026200000000000045e+01	5.017099999999999937e+01	5.049099999999999966e+01	5.067399999999999949e+01	5.060600000000000165e+01	5.071999999999999886e+01	5.078900000000000148e+01	5.097200000000000131e+01	5.124699999999999989e+01	5.101800000000000068e+01	5.124699999999999989e+01	5.120100000000000051e+01	5.149799999999999756e+01	5.133800000000000097e+01	5.170400000000000063e+01	5.179599999999999937e+01	5.202499999999999858e+01	5.213900000000000290e+01	5.229999999999999716e+01	5.261999999999999744e+01	5.287199999999999989e+01	5.282600000000000051e+01	5.303199999999999648e+01	5.300900000000000034e+01	5.349000000000000199e+01	5.321500000000000341e+01	5.346699999999999875e+01	5.349000000000000199e+01	5.374099999999999966e+01	5.387899999999999778e+01	5.417600000000000193e+01	5.429099999999999682e+01	5.435900000000000176e+01	5.442799999999999727e+01	5.461099999999999710e+01	5.465699999999999648e+01	5.534400000000000119e+01	5.550399999999999778e+01	5.586999999999999744e+01	5.582399999999999807e+01	5.625900000000000034e+01	5.632800000000000296e+01	5.657999999999999829e+01	5.676299999999999812e+01	5.696900000000000119e+01	5.724300000000000210e+01	5.731199999999999761e+01	5.699199999999999733e+01	5.735799999999999699e+01	5.742600000000000193e+01	5.786099999999999710e+01	5.790699999999999648e+01	5.857099999999999795e+01	5.831900000000000261e+01	5.854800000000000182e+01	5.898299999999999699e+01	5.911999999999999744e+01	5.946399999999999864e+01	5.907399999999999807e+01	5.973799999999999955e+01	5.976100000000000279e+01	5.999000000000000199e+01	6.047099999999999653e+01	6.063100000000000023e+01	6.095100000000000051e+01	6.129500000000000171e+01	6.177499999999999858e+01	6.218699999999999761e+01	6.236999999999999744e+01	6.314800000000000324e+01	6.342300000000000182e+01	6.369800000000000040e+01	6.406399999999999295e+01	6.488800000000000523e+01	6.550600000000000023e+01	6.598699999999999477e+01	6.651300000000000523e+01	6.708499999999999375e+01	6.777200000000000557e+01	6.866500000000000625e+01	6.939700000000000557e+01	7.035800000000000409e+01	7.141100000000000136e+01	7.251000000000000512e+01	7.360800000000000409e+01	7.479900000000000659e+01	7.633199999999999363e+01	7.795699999999999363e+01	7.962800000000000011e+01	8.148199999999999932e+01	8.342700000000000671e+01	8.541899999999999693e+01	8.750199999999999534e+01	8.974500000000000455e+01	9.178199999999999648e+01	9.395600000000000307e+01	9.606199999999999761e+01	9.807599999999999341e+01	9.965500000000000114e+01	1.015319999999999965e+02	1.032720000000000056e+02	1.049650000000000034e+02	1.065439999999999969e+02	1.080319999999999965e+02	1.093599999999999994e+02	1.106640000000000015e+02	1.119000000000000057e+02	1.132740000000000009e+02	1.143259999999999934e+02	1.153559999999999945e+02	1.162950000000000017e+02	1.173479999999999990e+02	1.183089999999999975e+02	1.192240000000000038e+02	1.200939999999999941e+02	1.209869999999999948e+02	1.217879999999999967e+02	1.222000000000000028e+02	1.237339999999999947e+02	1.248089999999999975e+02	1.256560000000000059e+02	1.264339999999999975e+02	1.271440000000000055e+02	1.278990000000000009e+02	1.286769999999999925e+02	1.292270000000000039e+02	1.298679999999999950e+02	1.308290000000000077e+02	1.313779999999999859e+02	1.319730000000000132e+02	1.326370000000000005e+02	1.331639999999999873e+02	1.338729999999999905e+02	1.345140000000000100e+02	1.350399999999999920e+02	1.356810000000000116e+02
1.000000000000000000e+00	2.132719999999999914e+02	1.959230000000000018e+02	1.809540000000000077e+02	1.684339999999999975e+02	1.627350000000000136e+02	1.526409999999999911e+02	1.437609999999999957e+02	1.349029999999999916e+02	1.277849999999999966e+02	1.217420000000000044e+02	1.165699999999999932e+02	1.118769999999999953e+02	1.081009999999999991e+02	1.050799999999999983e+02	1.029969999999999999e+02	1.010739999999999981e+02	9.924299999999999500e+01	9.764100000000000534e+01	9.645099999999999341e+01	9.537500000000000000e+01	9.473399999999999466e+01	9.400199999999999534e+01	9.308599999999999852e+01	9.249099999999999966e+01	9.198799999999999955e+01	9.168999999999999773e+01	9.153000000000000114e+01	9.137000000000000455e+01	9.091200000000000614e+01	9.130100000000000193e+01	9.130100000000000193e+01	9.116400000000000148e+01	9.116400000000000148e+01	9.107200000000000273e+01	9.125499999999999545e+01	9.162099999999999511e+01	9.162099999999999511e+01	9.139300000000000068e+01	9.189600000000000080e+01	9.217100000000000648e+01	9.196500000000000341e+01	9.228499999999999659e+01	9.278900000000000148e+01	9.258299999999999841e+01	9.368099999999999739e+01	9.423099999999999454e+01	9.448199999999999932e+01	9.297199999999999420e+01	8.784499999999999886e+01	8.450300000000000011e+01	8.246599999999999397e+01	8.111599999999999966e+01	8.004000000000000625e+01	7.926200000000000045e+01	7.905599999999999739e+01	7.811700000000000443e+01	7.839199999999999591e+01	7.811700000000000443e+01	7.809399999999999409e+01	7.802599999999999625e+01	7.795699999999999363e+01	7.820900000000000318e+01	7.827800000000000580e+01	7.832299999999999329e+01	7.855200000000000671e+01	7.887300000000000466e+01	7.935299999999999443e+01	8.015399999999999636e+01	8.056600000000000250e+01	8.123000000000000398e+01	8.189400000000000546e+01	8.248900000000000432e+01	8.326699999999999591e+01	8.402299999999999613e+01	8.468600000000000705e+01	8.578499999999999659e+01	8.709000000000000341e+01	8.850900000000000034e+01	8.976699999999999591e+01	9.111799999999999500e+01	9.278900000000000148e+01	9.471099999999999852e+01	9.688599999999999568e+01	9.915200000000000102e+01	1.013490000000000038e+02	1.043930000000000007e+02	1.070939999999999941e+02	1.106640000000000015e+02	1.137770000000000010e+02	1.170729999999999933e+02	1.225430000000000064e+02	1.258389999999999986e+02	1.294559999999999889e+02	1.332779999999999916e+02	1.365509999999999877e+02	1.395490000000000066e+02	1.416779999999999973e+02	1.452709999999999866e+02	1.477889999999999873e+02	1.501459999999999866e+02	1.523669999999999902e+02	1.547239999999999895e+02	1.567150000000000034e+02	1.588439999999999941e+02	1.604230000000000018e+02	1.619799999999999898e+02	1.638110000000000070e+02	1.657100000000000080e+02	1.680449999999999875e+02	1.694869999999999948e+02	1.707690000000000055e+02	1.722340000000000089e+02	1.735610000000000070e+02	1.747059999999999889e+02	1.758269999999999982e+02	1.770629999999999882e+02	1.783449999999999989e+02	1.829219999999999970e+02	1.839979999999999905e+02	1.849139999999999873e+02	1.862179999999999893e+02	1.872249999999999943e+02	1.882779999999999916e+02	1.892620000000000005e+02	1.906589999999999918e+02	1.916659999999999968e+02	1.927189999999999941e+02	1.936570000000000107e+02	1.947100000000000080e+02	1.956709999999999923e+02	2.005920000000000130e+02	2.015989999999999895e+02	2.025600000000000023e+02	2.037280000000000086e+02	2.045749999999999886e+02	2.057880000000000109e+02	2.066800000000000068e+02	2.076639999999999873e+02	2.086030000000000086e+02	2.095180000000000007e+02	2.104339999999999975e+02	2.109830000000000041e+02	2.120360000000000014e+02	2.129970000000000141e+02	2.138439999999999941e+02	2.148280000000000030e+02	2.154919999999999902e+02	2.161560000000000059e+02	2.169339999999999975e+02	2.177350000000000136e+02	2.205279999999999916e+02	2.210080000000000098e+02	2.217410000000000139e+02	2.224499999999999886e+02	2.233429999999999893e+02	2.239379999999999882e+02	2.246699999999999875e+02	2.254710000000000036e+02	2.262040000000000077e+02	2.270279999999999916e+02	2.278060000000000116e+02	2.285159999999999911e+02	2.293170000000000073e+02	2.301860000000000070e+02	2.309190000000000111e+02	2.317889999999999873e+02	2.325900000000000034e+02	2.332760000000000105e+02	2.340999999999999943e+02	2.348559999999999945e+02	2.342609999999999957e+02	2.348100000000000023e+02	2.356800000000000068e+02	2.363199999999999932e+02	2.371220000000000141e+02	2.378770000000000095e+02	2.385639999999999930e+02	2.392500000000000000e+02	2.398909999999999911e+02	2.405780000000000030e+02	2.411270000000000095e+02	2.417450000000000045e+02	2.422940000000000111e+02	2.425689999999999884e+02	2.432789999999999964e+02	2.438739999999999952e+02	2.442630000000000052e+02	2.448120000000000118e+02	2.451779999999999973e+02
0.000000000000000000e+00	3.318330000000000268e+02	2.897189999999999941e+02	2.571259999999999764e+02	2.277599999999999909e+02	2.054209999999999923e+02	1.869279999999999973e+02	1.708600000000000136e+02	1.566009999999999991e+02	1.445620000000000118e+02	1.345829999999999984e+02	1.263199999999999932e+02	1.198880000000000052e+02	1.154479999999999933e+02	1.103209999999999980e+02	1.060409999999999968e+02	1.032489999999999952e+02	1.005939999999999941e+02	9.725199999999999534e+01	9.425400000000000489e+01	9.178199999999999648e+01	8.931000000000000227e+01	8.695199999999999818e+01	8.512099999999999511e+01	8.434300000000000352e+01	8.264900000000000091e+01	8.120699999999999363e+01	8.010899999999999466e+01	7.930800000000000693e+01	7.855200000000000671e+01	7.802599999999999625e+01	7.786599999999999966e+01	7.743099999999999739e+01	7.690399999999999636e+01	7.669799999999999329e+01	7.646899999999999409e+01	7.621800000000000352e+01	7.594299999999999784e+01	7.559999999999999432e+01	7.587399999999999523e+01	7.562300000000000466e+01	7.566800000000000637e+01	7.592000000000000171e+01	7.582899999999999352e+01	7.576000000000000512e+01	7.573699999999999477e+01	7.566800000000000637e+01	7.543899999999999295e+01	7.532500000000000284e+01	7.514199999999999591e+01	7.518800000000000239e+01	7.523300000000000409e+01	7.511899999999999977e+01	7.484399999999999409e+01	7.507299999999999329e+01	7.537099999999999511e+01	7.539400000000000546e+01	7.548499999999999943e+01	7.537099999999999511e+01	7.630899999999999750e+01	7.598900000000000432e+01	7.589700000000000557e+01	7.594299999999999784e+01	7.550799999999999557e+01	7.514199999999999591e+01	7.511899999999999977e+01	7.489000000000000057e+01	5.911999999999999744e+01	5.946399999999999864e+01	5.957800000000000296e+01	5.982999999999999829e+01	5.955499999999999972e+01	5.930299999999999727e+01	5.909700000000000131e+01	5.886800000000000210e+01	5.861699999999999733e+01	5.864000000000000057e+01	5.859400000000000119e+01	5.889099999999999824e+01	5.889099999999999824e+01	5.914300000000000068e+01	5.932600000000000051e+01	5.941799999999999926e+01	5.941799999999999926e+01	5.877700000000000102e+01	5.978399999999999892e+01	6.051599999999999824e+01	6.017300000000000182e+01	5.992099999999999937e+01	5.969200000000000017e+01	5.962400000000000233e+01	5.953199999999999648e+01	5.941799999999999926e+01	5.941799999999999926e+01	5.932600000000000051e+01	5.944100000000000250e+01	5.939500000000000313e+01	5.792999999999999972e+01	5.792999999999999972e+01	5.795300000000000296e+01	5.825000000000000000e+01	5.827300000000000324e+01	5.831900000000000261e+01	5.829599999999999937e+01	5.857099999999999795e+01	5.850200000000000244e+01	5.864000000000000057e+01	5.850200000000000244e+01	5.884599999999999653e+01	5.870799999999999841e+01	5.877700000000000102e+01	5.886800000000000210e+01	5.893699999999999761e+01	5.905199999999999960e+01	5.907399999999999807e+01	5.921200000000000330e+01	5.944100000000000250e+01	5.937199999999999989e+01	5.957800000000000296e+01	5.953199999999999648e+01	5.980700000000000216e+01	5.985300000000000153e+01	5.987500000000000000e+01	5.994400000000000261e+01	6.017300000000000182e+01	6.021900000000000119e+01	6.033299999999999841e+01	6.053900000000000148e+01	6.069899999999999807e+01	6.069899999999999807e+01	6.117999999999999972e+01	6.099699999999999989e+01	6.102000000000000313e+01	6.143200000000000216e+01	6.147800000000000153e+01	6.177499999999999858e+01	6.186699999999999733e+01	6.198100000000000165e+01	6.236999999999999744e+01	6.250800000000000267e+01	6.234700000000000131e+01	6.257600000000000051e+01	6.264500000000000313e+01	6.264500000000000313e+01	6.271399999999999864e+01	6.335399999999999920e+01	6.321699999999999875e+01	6.298799999999999955e+01	6.330899999999999750e+01	6.319400000000000261e+01	6.321699999999999875e+01	6.356000000000000227e+01	6.383500000000000085e+01	6.383500000000000085e+01	6.415600000000000591e+01	6.374399999999999977e+01	6.307999999999999829e+01	6.360600000000000165e+01	6.328600000000000136e+01	6.367499999999999716e+01	6.397200000000000131e+01	6.369800000000000040e+01	6.374399999999999977e+01	6.426999999999999602e+01	6.406399999999999295e+01	6.413299999999999557e+01	6.424699999999999989e+01	6.472799999999999443e+01	6.459000000000000341e+01	6.468200000000000216e+01	6.511700000000000443e+01	6.509399999999999409e+01	6.488800000000000523e+01	6.516299999999999670e+01	6.509399999999999409e+01	6.527700000000000102e+01	6.578100000000000591e+01	6.580400000000000205e+01	6.562000000000000455e+01	6.575799999999999557e+01	6.605500000000000682e+01	6.573499999999999943e+01	6.637600000000000477e+01	6.603199999999999648e+01	6.655899999999999750e+01	6.671899999999999409e+01	6.678799999999999670e+01	6.662800000000000011e+01	6.662800000000000011e+01	6.683299999999999841e+01
1.000000000000000000e+00	3.640140000000000100e+02	3.219909999999999854e+02	2.857819999999999823e+02	2.566220000000000141e+02	2.253340000000000032e+02	2.004089999999999918e+02	1.807479999999999905e+02	1.652980000000000018e+02	1.540149999999999864e+02	1.443559999999999945e+02	1.356119999999999948e+02	1.296390000000000100e+02	1.238250000000000028e+02	1.173250000000000028e+02	1.120829999999999984e+02	1.058810000000000002e+02	1.009369999999999976e+02	9.677100000000000080e+01	9.345199999999999818e+01	9.020199999999999818e+01	8.761599999999999966e+01	8.544199999999999307e+01	8.374800000000000466e+01	8.212300000000000466e+01	8.056600000000000250e+01	7.990300000000000580e+01	7.898699999999999477e+01	7.855200000000000671e+01	7.795699999999999363e+01	7.720199999999999818e+01	7.710999999999999943e+01	7.674399999999999977e+01	7.612600000000000477e+01	7.578300000000000125e+01	7.546200000000000330e+01	7.548499999999999943e+01	7.537099999999999511e+01	7.532500000000000284e+01	7.502700000000000102e+01	7.553100000000000591e+01	7.546200000000000330e+01	7.582899999999999352e+01	7.550799999999999557e+01	7.587399999999999523e+01	7.559999999999999432e+01	7.555400000000000205e+01	7.571399999999999864e+01	7.628600000000000136e+01	7.672100000000000364e+01	7.653799999999999670e+01	7.676699999999999591e+01	7.727100000000000080e+01	7.736199999999999477e+01	7.791100000000000136e+01	7.798000000000000398e+01	7.795699999999999363e+01	7.781999999999999318e+01	7.804900000000000659e+01	7.846099999999999852e+01	7.866700000000000159e+01	7.887300000000000466e+01	7.903300000000000125e+01	7.969700000000000273e+01	7.960500000000000398e+01	7.974200000000000443e+01	7.958199999999999363e+01	8.001699999999999591e+01	7.971999999999999886e+01	8.026900000000000546e+01	8.077200000000000557e+01	8.081799999999999784e+01	8.068099999999999739e+01	8.075000000000000000e+01	8.120699999999999363e+01	8.132200000000000273e+01	8.152800000000000580e+01	8.182500000000000284e+01	8.255800000000000693e+01	8.269499999999999318e+01	8.317600000000000193e+01	8.315300000000000580e+01	8.299299999999999500e+01	8.290099999999999625e+01	8.301500000000000057e+01	8.356499999999999773e+01	8.406799999999999784e+01	8.418300000000000693e+01	8.468600000000000705e+01	8.466299999999999670e+01	8.493800000000000239e+01	8.503000000000000114e+01	8.505200000000000671e+01	8.580800000000000693e+01	8.658599999999999852e+01	8.654000000000000625e+01	8.676900000000000546e+01	8.711199999999999477e+01	8.743300000000000693e+01	8.768500000000000227e+01	8.784499999999999886e+01	8.823399999999999466e+01	8.857699999999999818e+01	8.869199999999999307e+01	8.873699999999999477e+01	8.864600000000000080e+01	8.892100000000000648e+01	8.931000000000000227e+01	8.926399999999999579e+01	8.967600000000000193e+01	8.967600000000000193e+01	8.997299999999999898e+01	9.022499999999999432e+01	9.015699999999999648e+01	9.050000000000000000e+01	9.086599999999999966e+01	9.155299999999999727e+01	9.159900000000000375e+01	9.175900000000000034e+01	9.203300000000000125e+01	9.237699999999999534e+01	9.278900000000000148e+01	9.310899999999999466e+01	9.361299999999999955e+01	9.406999999999999318e+01	9.528400000000000603e+01	9.539799999999999613e+01	9.585599999999999454e+01	9.681699999999999307e+01	9.752700000000000102e+01	9.848799999999999955e+01	9.857899999999999352e+01	9.926600000000000534e+01	1.000210000000000008e+02	1.004099999999999966e+02	1.011889999999999930e+02	1.020580000000000069e+02	1.032259999999999991e+02	1.041869999999999976e+02	1.051479999999999961e+02	1.060870000000000033e+02	1.071170000000000044e+02	1.092219999999999942e+02	1.102519999999999953e+02	1.126329999999999956e+02	1.135939999999999941e+02	1.148070000000000022e+02	1.166380000000000052e+02	1.222229999999999990e+02	1.236189999999999998e+02	1.252210000000000036e+02	1.270520000000000067e+02	1.281049999999999898e+02	1.296620000000000061e+02	1.309890000000000043e+02	1.328199999999999932e+02	1.343079999999999927e+02	1.356349999999999909e+02	1.370540000000000020e+02	1.383820000000000050e+02	1.398700000000000045e+02	1.411059999999999945e+02	1.427990000000000066e+02	1.443100000000000023e+02	1.456150000000000091e+02	1.476970000000000027e+02	1.463930000000000007e+02	1.475370000000000061e+02	1.485900000000000034e+02	1.498029999999999973e+02	1.506959999999999980e+02	1.516570000000000107e+02	1.541519999999999868e+02	1.548389999999999986e+02	1.563029999999999973e+02	1.567609999999999957e+02	1.570819999999999936e+02	1.574480000000000075e+02	1.577680000000000007e+02	1.580430000000000064e+02	1.598969999999999914e+02	1.599660000000000082e+02	1.610180000000000007e+02	1.617510000000000048e+02	1.620709999999999980e+02	1.622769999999999868e+02	1.626210000000000093e+02	1.629180000000000064e+02	1.635130000000000052e+02	1.637419999999999902e+02
0.000000000000000000e+00	4.473720000000000141e+02	4.046859999999999786e+02	3.679279999999999973e+02	3.348999999999999773e+02	3.057629999999999768e+02	2.807010000000000218e+02	2.605129999999999768e+02	2.430730000000000075e+02	2.285840000000000032e+02	2.163160000000000025e+02	2.058110000000000070e+02	1.947100000000000080e+02	1.831049999999999898e+02	1.712040000000000077e+02	1.609499999999999886e+02	1.527789999999999964e+02	1.459120000000000061e+02	1.404879999999999995e+02	1.356349999999999909e+02	1.311490000000000009e+02	1.277620000000000005e+02	1.250840000000000032e+02	1.230930000000000035e+02	1.211239999999999952e+02	1.196140000000000043e+02	1.185840000000000032e+02	1.176449999999999960e+02	1.171189999999999998e+02	1.166610000000000014e+02	1.167069999999999936e+02	1.166149999999999949e+02	1.166149999999999949e+02	1.165919999999999987e+02	1.165699999999999932e+02	1.169129999999999967e+02	1.171189999999999998e+02	1.173709999999999951e+02	1.175540000000000020e+02	1.178280000000000030e+02	1.180109999999999957e+02	1.186749999999999972e+02	1.190639999999999930e+02	1.197510000000000048e+02	1.202770000000000010e+02	1.205060000000000002e+02	1.211470000000000056e+02	1.214219999999999970e+02	1.218799999999999955e+02	1.230010000000000048e+02	1.233439999999999941e+02	1.238709999999999951e+02	1.243739999999999952e+02	1.246719999999999970e+02	1.251979999999999933e+02	1.254270000000000067e+02	1.258160000000000025e+02	1.262740000000000009e+02	1.267319999999999993e+02	1.271440000000000055e+02	1.286999999999999886e+02	1.289749999999999943e+02	1.293640000000000043e+02	1.295240000000000009e+02	1.299360000000000070e+02	1.303480000000000132e+02	1.309660000000000082e+02	1.314010000000000105e+02	1.318129999999999882e+02	1.321560000000000059e+02	1.325449999999999875e+02	1.332319999999999993e+02	1.335070000000000050e+02	1.337359999999999900e+02	1.340790000000000077e+02	1.343309999999999889e+02	1.349950000000000045e+02	1.352460000000000093e+02	1.354290000000000020e+02	1.357270000000000039e+02	1.359099999999999966e+02	1.368029999999999973e+02	1.368029999999999973e+02	1.369629999999999939e+02	1.373060000000000116e+02	1.376719999999999970e+02	1.378779999999999859e+02	1.383129999999999882e+02	1.386109999999999900e+02	1.391140000000000043e+02	1.391599999999999966e+02	1.395260000000000105e+02	1.398700000000000045e+02	1.401210000000000093e+02	1.417690000000000055e+02	1.419300000000000068e+02	1.422500000000000000e+02	1.426850000000000023e+02	1.429139999999999873e+02	1.431879999999999882e+02	1.435999999999999943e+02	1.440349999999999966e+02	1.443559999999999945e+02	1.448360000000000127e+02	1.452259999999999991e+02	1.463930000000000007e+02	1.480180000000000007e+02	1.483609999999999900e+02	1.489329999999999927e+02	1.495289999999999964e+02	1.499399999999999977e+02	1.505130000000000052e+02	1.509929999999999950e+02	1.508559999999999945e+02	1.512909999999999968e+02	1.517030000000000030e+02	1.519089999999999918e+02	1.525269999999999868e+02	1.527330000000000041e+02	1.531220000000000141e+02	1.536250000000000000e+02	1.541980000000000075e+02	1.545180000000000007e+02	1.549300000000000068e+02	1.552280000000000086e+02	1.557769999999999868e+02	1.559830000000000041e+02	1.563950000000000102e+02	1.568300000000000125e+02	1.573559999999999945e+02	1.579739999999999895e+02	1.583859999999999957e+02	1.590039999999999907e+02	1.593249999999999886e+02	1.597820000000000107e+02	1.600800000000000125e+02	1.606289999999999907e+02	1.610639999999999930e+02	1.614070000000000107e+02	1.619110000000000014e+02	1.623919999999999959e+02	1.628269999999999982e+02	1.633069999999999879e+02	1.637189999999999941e+02	1.641769999999999925e+02	1.660769999999999982e+02	1.665339999999999918e+02	1.669689999999999941e+02	1.679310000000000116e+02	1.683650000000000091e+02	1.687090000000000032e+02	1.692119999999999891e+02	1.695790000000000077e+02	1.699679999999999893e+02	1.706310000000000002e+02	1.712040000000000077e+02	1.716160000000000139e+02	1.720500000000000114e+02	1.724619999999999891e+02	1.730579999999999927e+02	1.733779999999999859e+02	1.738360000000000127e+02	1.743160000000000025e+02	1.750029999999999859e+02	1.755070000000000050e+02	1.759639999999999986e+02	1.766049999999999898e+02	1.774290000000000020e+02	1.777949999999999875e+02	1.782299999999999898e+02	1.785740000000000123e+02	1.786879999999999882e+02	1.789399999999999977e+02	1.788940000000000055e+02	1.788019999999999925e+02	1.789170000000000016e+02	1.789399999999999977e+02	1.788480000000000132e+02	1.788019999999999925e+02	1.788019999999999925e+02	1.787110000000000127e+02	1.787340000000000089e+02	1.787570000000000050e+02	1.786649999999999920e+02	1.787570000000000050e+02	1.790769999999999982e+02	1.789170000000000016e+02	1.789170000000000016e+02	1.788249999999999886e+02	1.788480000000000132e+02
0.000000000000000000e+00	4.432069999999999936e+02	3.876109999999999900e+02	3.576739999999999782e+02	3.255160000000000196e+02	2.959440000000000168e+02	2.711329999999999814e+02	2.493209999999999980e+02	2.294310000000000116e+02	2.142789999999999964e+02	2.019199999999999875e+02	1.914830000000000041e+02	1.844559999999999889e+02	1.771320000000000050e+02	1.710660000000000025e+02	1.654360000000000070e+02	1.603319999999999936e+02	1.565089999999999861e+02	1.523899999999999864e+02	1.490939999999999941e+02	1.461409999999999911e+02	1.434859999999999900e+02	1.409230000000000018e+02	1.382899999999999920e+02	1.358180000000000121e+02	1.328890000000000100e+02	1.367340000000000089e+02	1.270750000000000028e+02	1.240769999999999982e+02	1.214680000000000035e+02	1.192930000000000064e+02	1.173709999999999951e+02	1.158139999999999930e+02	1.145550000000000068e+02	1.135709999999999980e+02	1.127469999999999999e+02	1.121290000000000049e+02	1.117169999999999987e+02	1.114429999999999978e+02	1.111680000000000064e+02	1.104809999999999945e+02	1.102519999999999953e+02	1.105270000000000010e+02	1.104129999999999967e+02	1.103670000000000044e+02	1.105729999999999933e+02	1.108020000000000067e+02	1.110990000000000038e+02	1.109620000000000033e+02	1.110990000000000038e+02	1.113050000000000068e+02	1.116260000000000048e+02	1.118550000000000040e+02	1.122210000000000036e+02	1.126560000000000059e+02	1.129759999999999991e+02	1.132510000000000048e+02	1.139369999999999976e+02	1.143949999999999960e+02	1.144869999999999948e+02	1.150360000000000014e+02	1.156539999999999964e+02	1.162489999999999952e+02	1.167980000000000018e+02	1.170729999999999933e+02	1.176910000000000025e+02	1.178739999999999952e+02	1.181949999999999932e+02	1.186979999999999933e+02	1.193160000000000025e+02	1.200709999999999980e+02	1.205750000000000028e+02	1.212620000000000005e+02	1.215360000000000014e+02	1.219249999999999972e+02	1.224290000000000020e+02	1.230469999999999970e+02	1.236189999999999998e+02	1.241460000000000008e+02	1.246949999999999932e+02	1.253130000000000024e+02	1.259080000000000013e+02	1.263889999999999958e+02	1.270070000000000050e+02	1.278529999999999944e+02	1.284029999999999916e+02	1.292040000000000077e+02	1.296839999999999975e+02	1.302340000000000089e+02	1.308750000000000000e+02	1.315380000000000109e+02	1.320879999999999939e+02	1.325680000000000121e+02	1.333009999999999877e+02	1.339650000000000034e+02	1.346740000000000066e+02	1.352920000000000016e+02	1.361160000000000139e+02	1.368480000000000132e+02	1.375579999999999927e+02	1.382899999999999920e+02	1.390459999999999923e+02	1.396409999999999911e+02	1.405560000000000116e+02	1.411059999999999945e+02	1.415860000000000127e+02	1.426390000000000100e+02	1.434399999999999977e+02	1.436459999999999866e+02	1.440120000000000005e+02	1.441500000000000057e+02	1.447220000000000084e+02	1.449970000000000141e+02	1.451570000000000107e+02	1.454089999999999918e+02	1.457290000000000134e+02	1.459809999999999945e+02	1.461639999999999873e+02	1.464610000000000127e+02	1.467589999999999861e+02	1.468729999999999905e+02	1.469879999999999995e+02	1.471020000000000039e+02	1.472630000000000052e+02	1.476289999999999907e+02	1.479029999999999916e+02	1.483609999999999900e+02	1.484070000000000107e+02	1.484989999999999952e+02	1.483379999999999939e+02	1.483379999999999939e+02	1.482470000000000141e+02	1.483839999999999861e+02	1.483839999999999861e+02	1.483839999999999861e+02	1.485900000000000034e+02	1.487270000000000039e+02	1.485670000000000073e+02	1.486359999999999957e+02	1.487270000000000039e+02	1.486819999999999879e+02	1.489110000000000014e+02	1.491850000000000023e+02	1.490939999999999941e+02	1.492539999999999907e+02	1.496659999999999968e+02	1.497119999999999891e+02	1.500780000000000030e+02	1.501459999999999866e+02	1.502839999999999918e+02	1.501920000000000073e+02	1.502839999999999918e+02	1.503750000000000000e+02	1.502609999999999957e+02	1.521150000000000091e+02	1.521610000000000014e+02	1.524120000000000061e+02	1.525039999999999907e+02	1.523439999999999941e+02	1.524809999999999945e+02	1.525960000000000036e+02	1.525730000000000075e+02	1.521380000000000052e+02	1.522520000000000095e+02	1.521839999999999975e+02	1.522520000000000095e+02	1.523209999999999980e+02	1.524120000000000061e+02	1.522980000000000018e+02	1.523209999999999980e+02	1.523209999999999980e+02	1.524350000000000023e+02	1.526409999999999911e+02	1.524120000000000061e+02	1.527330000000000041e+02	1.527100000000000080e+02	1.529159999999999968e+02	1.528700000000000045e+02	1.529389999999999930e+02	1.528470000000000084e+02	1.528700000000000045e+02	1.529389999999999930e+02	1.529850000000000136e+02	1.530989999999999895e+02	1.531220000000000141e+02	1.530989999999999895e+02	1.531450000000000102e+02	1.535109999999999957e+02	1.534420000000000073e+02	1.533509999999999991e+02
1.000000000000000000e+00	2.358859999999999957e+02	2.187649999999999864e+02	1.999739999999999895e+02	1.822589999999999861e+02	1.666719999999999970e+02	1.535800000000000125e+02	1.443100000000000023e+02	1.350860000000000127e+02	1.284480000000000075e+02	1.225889999999999986e+02	1.181260000000000048e+02	1.144180000000000064e+02	1.114429999999999978e+02	1.086500000000000057e+02	1.063840000000000003e+02	1.043469999999999942e+02	1.025619999999999976e+02	9.970099999999999341e+01	9.720600000000000307e+01	9.427599999999999625e+01	9.203300000000000125e+01	9.001900000000000546e+01	8.800499999999999545e+01	8.681499999999999773e+01	8.551000000000000512e+01	8.413700000000000045e+01	8.324399999999999977e+01	8.221399999999999864e+01	8.134499999999999886e+01	8.077200000000000557e+01	7.992600000000000193e+01	7.901000000000000512e+01	7.859799999999999898e+01	7.825499999999999545e+01	7.788800000000000523e+01	7.749899999999999523e+01	7.749899999999999523e+01	7.722499999999999432e+01	7.710999999999999943e+01	7.695000000000000284e+01	7.651500000000000057e+01	7.628600000000000136e+01	7.628600000000000136e+01	7.621800000000000352e+01	7.630899999999999750e+01	7.619499999999999318e+01	7.594299999999999784e+01	7.605700000000000216e+01	7.660699999999999932e+01	7.644700000000000273e+01	7.653799999999999670e+01	7.692700000000000671e+01	7.717900000000000205e+01	7.717900000000000205e+01	7.731600000000000250e+01	7.704200000000000159e+01	7.660699999999999932e+01	7.656100000000000705e+01	7.679000000000000625e+01	7.667499999999999716e+01	7.679000000000000625e+01	7.676699999999999591e+01	7.699599999999999511e+01	7.674399999999999977e+01	7.667499999999999716e+01	7.662999999999999545e+01	7.738500000000000512e+01	7.722499999999999432e+01	7.738500000000000512e+01	7.793399999999999750e+01	7.781999999999999318e+01	7.825499999999999545e+01	7.804900000000000659e+01	7.820900000000000318e+01	7.848399999999999466e+01	7.839199999999999591e+01	7.841500000000000625e+01	7.850600000000000023e+01	7.884999999999999432e+01	7.873499999999999943e+01	7.896399999999999864e+01	7.910200000000000387e+01	7.917000000000000171e+01	7.935299999999999443e+01	7.923900000000000432e+01	7.914700000000000557e+01	7.949099999999999966e+01	8.017700000000000671e+01	8.033799999999999386e+01	8.104699999999999704e+01	8.116100000000000136e+01	8.104699999999999704e+01	8.125300000000000011e+01	8.152800000000000580e+01	8.152800000000000580e+01	8.150499999999999545e+01	8.177899999999999636e+01	8.193999999999999773e+01	8.221399999999999864e+01	8.228300000000000125e+01	8.232899999999999352e+01	8.260299999999999443e+01	8.262600000000000477e+01	8.262600000000000477e+01	8.303799999999999670e+01	8.331300000000000239e+01	8.349599999999999511e+01	8.372499999999999432e+01	8.395399999999999352e+01	8.420600000000000307e+01	8.477800000000000580e+01	8.546399999999999864e+01	8.596800000000000352e+01	8.679200000000000159e+01	8.756999999999999318e+01	8.917199999999999704e+01	9.031699999999999307e+01	9.146099999999999852e+01	9.278900000000000148e+01	9.441400000000000148e+01	9.606199999999999761e+01	9.768699999999999761e+01	9.967799999999999727e+01	1.022870000000000061e+02	1.042330000000000041e+02	1.062699999999999960e+02	1.081700000000000017e+02	1.097030000000000030e+02	1.116490000000000009e+02	1.132740000000000009e+02	1.145319999999999965e+02	1.165469999999999970e+02	1.176910000000000025e+02	1.192699999999999960e+02	1.204150000000000063e+02	1.213299999999999983e+02	1.221080000000000041e+02	1.236189999999999998e+02	1.243289999999999935e+02	1.250610000000000070e+02	1.259309999999999974e+02	1.264800000000000040e+02	1.271670000000000016e+02	1.283569999999999993e+02	1.288149999999999977e+02	1.290889999999999986e+02	1.296839999999999975e+02	1.305999999999999943e+02	1.308290000000000077e+02	1.313549999999999898e+02	1.317210000000000036e+02	1.321560000000000059e+02	1.325229999999999961e+02	1.327059999999999889e+02	1.328660000000000139e+02	1.330720000000000027e+02	1.332319999999999993e+02	1.332319999999999993e+02	1.335300000000000011e+02	1.336670000000000016e+02	1.336440000000000055e+02	1.338959999999999866e+02	1.339650000000000034e+02	1.339420000000000073e+02	1.341930000000000121e+02	1.347659999999999911e+02	1.348799999999999955e+02	1.353149999999999977e+02	1.354749999999999943e+02	1.354749999999999943e+02	1.357729999999999961e+02	1.359099999999999966e+02	1.357959999999999923e+02	1.359790000000000134e+02	1.364590000000000032e+02	1.365049999999999955e+02	1.370320000000000107e+02	1.373060000000000116e+02	1.373520000000000039e+02	1.376270000000000095e+02	1.377179999999999893e+02	1.376500000000000057e+02	1.377870000000000061e+02	1.380620000000000118e+02	1.387709999999999866e+02	1.390910000000000082e+02	1.390689999999999884e+02	1.389540000000000077e+02	1.394120000000000061e+02
0.000000000000000000e+00	4.778369999999999891e+02	4.100880000000000223e+02	3.485869999999999891e+02	2.993999999999999773e+02	2.598489999999999895e+02	2.311479999999999961e+02	2.019199999999999875e+02	1.809540000000000077e+02	1.669689999999999941e+02	1.553650000000000091e+02	1.473770000000000095e+02	1.400300000000000011e+02	1.336440000000000055e+02	1.282880000000000109e+02	1.242830000000000013e+02	1.209639999999999986e+02	1.180120000000000005e+02	1.167530000000000001e+02	1.147379999999999995e+02	1.129069999999999965e+02	1.116490000000000009e+02	1.105040000000000049e+02	1.096340000000000003e+02	1.087189999999999941e+02	1.080090000000000003e+02	1.075289999999999964e+02	1.068880000000000052e+02	1.059719999999999942e+02	1.057429999999999950e+02	1.052630000000000052e+02	1.048509999999999991e+02	1.060639999999999930e+02	1.055370000000000061e+02	1.052630000000000052e+02	1.051020000000000039e+02	1.051250000000000000e+02	1.055829999999999984e+02	1.055600000000000023e+02	1.054920000000000044e+02	1.052860000000000014e+02	1.053310000000000031e+02	1.055370000000000061e+02	1.058810000000000002e+02	1.059039999999999964e+02	1.059489999999999981e+02	1.057660000000000053e+02	1.059039999999999964e+02	1.061099999999999994e+02	1.059719999999999942e+02	1.061099999999999994e+02	1.062469999999999999e+02	1.062699999999999960e+02	1.063610000000000042e+02	1.065220000000000056e+02	1.067729999999999961e+02	1.069789999999999992e+02	1.071620000000000061e+02	1.071850000000000023e+02	1.075060000000000002e+02	1.077579999999999956e+02	1.077120000000000033e+02	1.079639999999999986e+02	1.079639999999999986e+02	1.082609999999999957e+02	1.079860000000000042e+02	1.080319999999999965e+02	1.080319999999999965e+02	1.082150000000000034e+02	1.078029999999999973e+02	1.079410000000000025e+02	1.080780000000000030e+02	1.080780000000000030e+02	1.081470000000000056e+02	1.081919999999999931e+02	1.084210000000000065e+02	1.086959999999999980e+02	1.089020000000000010e+02	1.091080000000000041e+02	1.092450000000000045e+02	1.095430000000000064e+02	1.098400000000000034e+02	1.099549999999999983e+02	1.100240000000000009e+02	1.100690000000000026e+02	1.102980000000000018e+02	1.104809999999999945e+02	1.105040000000000049e+02	1.105729999999999933e+02	1.107560000000000002e+02	1.107560000000000002e+02	1.109389999999999930e+02	1.109620000000000033e+02	1.110310000000000059e+02	1.110990000000000038e+02	1.111680000000000064e+02	1.112139999999999986e+02	1.113509999999999991e+02	1.115340000000000060e+02	1.115340000000000060e+02	1.117169999999999987e+02	1.120150000000000006e+02	1.121059999999999945e+02	1.122660000000000053e+02	1.123349999999999937e+02	1.124950000000000045e+02	1.125639999999999930e+02	1.128160000000000025e+02	1.129300000000000068e+02	1.130900000000000034e+02	1.132510000000000048e+02	1.134569999999999936e+02	1.134800000000000040e+02	1.136400000000000006e+02	1.137770000000000010e+02	1.138229999999999933e+02	1.139830000000000041e+02	1.141200000000000045e+02	1.142349999999999994e+02	1.143259999999999934e+02	1.143719999999999999e+02	1.145780000000000030e+02	1.146700000000000017e+02	1.147840000000000060e+02	1.148990000000000009e+02	1.148529999999999944e+02	1.149219999999999970e+02	1.150130000000000052e+02	1.151730000000000018e+02	1.151500000000000057e+02	1.150130000000000052e+02	1.150360000000000014e+02	1.152189999999999941e+02	1.151500000000000057e+02	1.151959999999999980e+02	1.148529999999999944e+02	1.151280000000000001e+02	1.150819999999999936e+02	1.151500000000000057e+02	1.152189999999999941e+02	1.152650000000000006e+02	1.151959999999999980e+02	1.152879999999999967e+02	1.153559999999999945e+02	1.153340000000000032e+02	1.153340000000000032e+02	1.154249999999999972e+02	1.154249999999999972e+02	1.154939999999999998e+02	1.154710000000000036e+02	1.154710000000000036e+02	1.156080000000000041e+02	1.155169999999999959e+02	1.156539999999999964e+02	1.156770000000000067e+02	1.156770000000000067e+02	1.156770000000000067e+02	1.157000000000000028e+02	1.158139999999999930e+02	1.157909999999999968e+02	1.156770000000000067e+02	1.157229999999999990e+02	1.157459999999999951e+02	1.157909999999999968e+02	1.157459999999999951e+02	1.157909999999999968e+02	1.157459999999999951e+02	1.157909999999999968e+02	1.157459999999999951e+02	1.157459999999999951e+02	1.157680000000000007e+02	1.157680000000000007e+02	1.157680000000000007e+02	1.158370000000000033e+02	1.157909999999999968e+02	1.158370000000000033e+02	1.158599999999999994e+02	1.158599999999999994e+02	1.157229999999999990e+02	1.158829999999999956e+02	1.159740000000000038e+02	1.159060000000000059e+02	1.159060000000000059e+02	1.158370000000000033e+02	1.159519999999999982e+02	1.159290000000000020e+02	1.160199999999999960e+02	1.159290000000000020e+02	1.160199999999999960e+02	1.159969999999999999e+02
0.000000000000000000e+00	5.586779999999999973e+02	4.884569999999999936e+02	4.272540000000000191e+02	3.735810000000000173e+02	3.270260000000000105e+02	2.905880000000000223e+02	2.597350000000000136e+02	2.370759999999999934e+02	2.166599999999999966e+02	2.015529999999999973e+02	1.897659999999999911e+02	1.778410000000000082e+02	1.696009999999999991e+02	1.623230000000000075e+02	1.558689999999999998e+02	1.503750000000000000e+02	1.451109999999999900e+02	1.406250000000000000e+02	1.373750000000000000e+02	1.343079999999999927e+02	1.314470000000000027e+02	1.284710000000000036e+02	1.252900000000000063e+02	1.225430000000000064e+02	1.197279999999999944e+02	1.174849999999999994e+02	1.157909999999999968e+02	1.136170000000000044e+02	1.118769999999999953e+02	1.104579999999999984e+02	1.091539999999999964e+02	1.081239999999999952e+02	1.072540000000000049e+02	1.065439999999999969e+02	1.055829999999999984e+02	1.049879999999999995e+02	1.043010000000000019e+02	1.035690000000000026e+02	1.030199999999999960e+02	1.026760000000000019e+02	1.021730000000000018e+02	1.015780000000000030e+02	1.009830000000000041e+02	1.006389999999999958e+02	1.005019999999999953e+02	1.003649999999999949e+02	1.003190000000000026e+02	1.003649999999999949e+02	1.004560000000000031e+02	1.004330000000000069e+02	1.004560000000000031e+02	1.008679999999999950e+02	1.006389999999999958e+02	1.019669999999999987e+02	1.016689999999999969e+02	1.016689999999999969e+02	1.016460000000000008e+02	1.012800000000000011e+02	1.013029999999999973e+02	1.016239999999999952e+02	1.014399999999999977e+02	1.016919999999999931e+02	1.018070000000000022e+02	1.015319999999999965e+02	1.019899999999999949e+02	1.020580000000000069e+02	1.022870000000000061e+02	1.027909999999999968e+02	1.030199999999999960e+02	1.034549999999999983e+02	1.035690000000000026e+02	1.036380000000000052e+02	1.040729999999999933e+02	1.041869999999999976e+02	1.045529999999999973e+02	1.054689999999999941e+02	1.056520000000000010e+02	1.056749999999999972e+02	1.061099999999999994e+02	1.061779999999999973e+02	1.066590000000000060e+02	1.069789999999999992e+02	1.074830000000000041e+02	1.082150000000000034e+02	1.083299999999999983e+02	1.084440000000000026e+02	1.086039999999999992e+02	1.087189999999999941e+02	1.089479999999999933e+02	1.099549999999999983e+02	1.097950000000000017e+02	1.100690000000000026e+02	1.102289999999999992e+02	1.105040000000000049e+02	1.111449999999999960e+02	1.113509999999999991e+02	1.114429999999999978e+02	1.117169999999999987e+02	1.119459999999999980e+02	1.131129999999999995e+02	1.124500000000000028e+02	1.126099999999999994e+02	1.131820000000000022e+02	1.135480000000000018e+02	1.137309999999999945e+02	1.139369999999999976e+02	1.143040000000000020e+02	1.145550000000000068e+02	1.148529999999999944e+02	1.150130000000000052e+02	1.154249999999999972e+02	1.158370000000000033e+02	1.159740000000000038e+02	1.163409999999999940e+02	1.165010000000000048e+02	1.168209999999999980e+02	1.169129999999999967e+02	1.170960000000000036e+02	1.173020000000000067e+02	1.175079999999999956e+02	1.176219999999999999e+02	1.181949999999999932e+02	1.191099999999999994e+02	1.190409999999999968e+02	1.193389999999999986e+02	1.194080000000000013e+02	1.196370000000000005e+02	1.211700000000000017e+02	1.211239999999999952e+02	1.211700000000000017e+02	1.213529999999999944e+02	1.215589999999999975e+02	1.218110000000000070e+02	1.220169999999999959e+02	1.222690000000000055e+02	1.224060000000000059e+02	1.225660000000000025e+02	1.227950000000000017e+02	1.235729999999999933e+02	1.237789999999999964e+02	1.240310000000000059e+02	1.241230000000000047e+02	1.243739999999999952e+02	1.247860000000000014e+02	1.248780000000000001e+02	1.250840000000000032e+02	1.256560000000000059e+02	1.256560000000000059e+02	1.257249999999999943e+02	1.259770000000000039e+02	1.257019999999999982e+02	1.262049999999999983e+02	1.266170000000000044e+02	1.268460000000000036e+02	1.268919999999999959e+02	1.269609999999999985e+02	1.273960000000000008e+02	1.274410000000000025e+02	1.276470000000000056e+02	1.277849999999999966e+02	1.278080000000000069e+02	1.281049999999999898e+02	1.281510000000000105e+02	1.284480000000000075e+02	1.287690000000000055e+02	1.287920000000000016e+02	1.288830000000000098e+02	1.289979999999999905e+02	1.290209999999999866e+02	1.292719999999999914e+02	1.295699999999999932e+02	1.296839999999999975e+02	1.301189999999999998e+02	1.301189999999999998e+02	1.303710000000000093e+02	1.312870000000000061e+02	1.312640000000000100e+02	1.312640000000000100e+02	1.315159999999999911e+02	1.317439999999999998e+02	1.321109999999999900e+02	1.322479999999999905e+02	1.324540000000000077e+02	1.325910000000000082e+02	1.321790000000000020e+02	1.329350000000000023e+02	1.331630000000000109e+02	1.333240000000000123e+02	1.333470000000000084e+02
1.000000000000000000e+00	4.244159999999999968e+02	3.912049999999999841e+02	3.611759999999999877e+02	3.337549999999999955e+02	3.099750000000000227e+02	2.894900000000000091e+02	2.709730000000000132e+02	2.539900000000000091e+02	2.388149999999999977e+02	2.238919999999999959e+02	2.139130000000000109e+02	2.052609999999999957e+02	1.969530000000000030e+02	1.891709999999999923e+02	1.815260000000000105e+02	1.735149999999999864e+02	1.642909999999999968e+02	1.561430000000000007e+02	1.485440000000000111e+02	1.420900000000000034e+02	1.371920000000000073e+02	1.430049999999999955e+02	1.396179999999999950e+02	1.364139999999999873e+02	1.346049999999999898e+02	1.325449999999999875e+02	1.308520000000000039e+02	1.294099999999999966e+02	1.284029999999999916e+02	1.273730000000000047e+02	1.266170000000000044e+02	1.259309999999999974e+02	1.251530000000000058e+02	1.248550000000000040e+02	1.245799999999999983e+02	1.238020000000000067e+02	1.234129999999999967e+02	1.232530000000000001e+02	1.226119999999999948e+02	1.227720000000000056e+02	1.225199999999999960e+02	1.225199999999999960e+02	1.226119999999999948e+02	1.228409999999999940e+02	1.224749999999999943e+02	1.224749999999999943e+02	1.230240000000000009e+02	1.231159999999999997e+02	1.233439999999999941e+02	1.233670000000000044e+02	1.230010000000000048e+02	1.232069999999999936e+02	1.236880000000000024e+02	1.239849999999999994e+02	1.246490000000000009e+02	1.249689999999999941e+02	1.253589999999999947e+02	1.260220000000000056e+02	1.259539999999999935e+02	1.262049999999999983e+02	1.265490000000000066e+02	1.276470000000000056e+02	1.278080000000000069e+02	1.283569999999999993e+02	1.288379999999999939e+02	1.288149999999999977e+02	1.287920000000000016e+02	1.296390000000000100e+02	1.295699999999999932e+02	1.299590000000000032e+02	1.304629999999999939e+02	1.312410000000000139e+02	1.320879999999999939e+02	1.327969999999999970e+02	1.334149999999999920e+02	1.338040000000000020e+02	1.354749999999999943e+02	1.358870000000000005e+02	1.358870000000000005e+02	1.363909999999999911e+02	1.370320000000000107e+02	1.375120000000000005e+02	1.378559999999999945e+02	1.379929999999999950e+02	1.388400000000000034e+02	1.387940000000000111e+02	1.395720000000000027e+02	1.397319999999999993e+02	1.403050000000000068e+02	1.412429999999999950e+02	1.418839999999999861e+02	1.422040000000000077e+02	1.425929999999999893e+02	1.437609999999999957e+02	1.443329999999999984e+02	1.448139999999999930e+02	1.474459999999999980e+02	1.484300000000000068e+02	1.492539999999999907e+02	1.504670000000000130e+02	1.519780000000000086e+02	1.533739999999999952e+02	1.551359999999999957e+02	1.575389999999999873e+02	1.606519999999999868e+02	1.644290000000000020e+02	1.677470000000000141e+02	1.720049999999999955e+02	1.770399999999999920e+02	1.823729999999999905e+02	1.883240000000000123e+02	1.947560000000000002e+02	2.018969999999999914e+02	2.092669999999999959e+02	2.173919999999999959e+02	2.269130000000000109e+02	2.348100000000000023e+02	2.424770000000000039e+02	2.508540000000000134e+02	2.579499999999999886e+02	2.649540000000000077e+02	2.713170000000000073e+02	2.774730000000000132e+02	2.842479999999999905e+02	2.899479999999999791e+02	2.954859999999999900e+02	3.004069999999999823e+02	3.049850000000000136e+02	3.140029999999999859e+02	3.174590000000000032e+02	3.204119999999999777e+02	3.234560000000000173e+02	3.263849999999999909e+02	3.292010000000000218e+02	3.341449999999999818e+02	3.370969999999999800e+02	3.399809999999999945e+02	3.418120000000000118e+02	3.433690000000000282e+02	3.448790000000000191e+02	3.466639999999999873e+02	3.479230000000000018e+02	3.496859999999999786e+02	3.514479999999999791e+02	3.524549999999999841e+02	3.535769999999999982e+02	3.552250000000000227e+02	3.561399999999999864e+02	3.573299999999999841e+02	3.587040000000000077e+02	3.595280000000000200e+02	3.604429999999999836e+02	3.614730000000000132e+02	3.622740000000000009e+02	3.637389999999999759e+02	3.648829999999999814e+02	3.658450000000000273e+02	3.668059999999999832e+02	3.674700000000000273e+02	3.682479999999999905e+02	3.690950000000000273e+02	3.702850000000000250e+02	3.713840000000000146e+02	3.725509999999999877e+02	3.731229999999999905e+02	3.738559999999999945e+02	3.746109999999999900e+02	3.756870000000000118e+02	3.767169999999999845e+02	3.773799999999999955e+02	3.781809999999999832e+02	3.793489999999999895e+02	3.811109999999999900e+02	3.819809999999999945e+02	3.829879999999999995e+02	3.836979999999999791e+02	3.846360000000000241e+02	3.853910000000000196e+02	3.860090000000000146e+02	3.868330000000000268e+02	3.876340000000000146e+02	3.883670000000000186e+02	3.889159999999999968e+02	3.901059999999999945e+02	3.908389999999999986e+02	3.917080000000000268e+02	3.923489999999999895e+02	3.931499999999999773e+02	3.939060000000000059e+02
0.000000000000000000e+00	2.240519999999999925e+02	2.090149999999999864e+02	1.947779999999999916e+02	1.818009999999999877e+02	1.701959999999999980e+02	1.597820000000000107e+02	1.503069999999999879e+02	1.420900000000000034e+02	1.350169999999999959e+02	1.287920000000000016e+02	1.237789999999999964e+02	1.196140000000000043e+02	1.163179999999999978e+02	1.135019999999999953e+02	1.111680000000000064e+02	1.091310000000000002e+02	1.074140000000000015e+02	1.060870000000000033e+02	1.048960000000000008e+02	1.039579999999999984e+02	1.032030000000000030e+02	1.023559999999999945e+02	1.018979999999999961e+02	1.014860000000000042e+02	1.010739999999999981e+02	1.009599999999999937e+02	1.007309999999999945e+02	1.004789999999999992e+02	1.004099999999999966e+02	1.004330000000000069e+02	1.002960000000000065e+02	1.001820000000000022e+02	1.000669999999999931e+02	1.001129999999999995e+02	1.001129999999999995e+02	1.001820000000000022e+02	1.002960000000000065e+02	1.004330000000000069e+02	1.005480000000000018e+02	1.005480000000000018e+02	1.006620000000000061e+02	1.007770000000000010e+02	1.009369999999999976e+02	1.011659999999999968e+02	1.013719999999999999e+02	1.015780000000000030e+02	1.018520000000000039e+02	1.019899999999999949e+02	1.021039999999999992e+02	1.024479999999999933e+02	1.026080000000000041e+02	1.027909999999999968e+02	1.030199999999999960e+02	1.032259999999999991e+02	1.034090000000000060e+02	1.036380000000000052e+02	1.039350000000000023e+02	1.041640000000000015e+02	1.043469999999999942e+02	1.045759999999999934e+02	1.047590000000000003e+02	1.049650000000000034e+02	1.052860000000000014e+02	1.054230000000000018e+02	1.055600000000000023e+02	1.057660000000000053e+02	1.060180000000000007e+02	1.062469999999999999e+02	1.063840000000000003e+02	1.064989999999999952e+02	1.067729999999999961e+02	1.069560000000000031e+02	1.071170000000000044e+02	1.073910000000000053e+02	1.074830000000000041e+02	1.076659999999999968e+02	1.079410000000000025e+02	1.080780000000000030e+02	1.082379999999999995e+02	1.085130000000000052e+02	1.086730000000000018e+02	1.087420000000000044e+02	1.090849999999999937e+02	1.092450000000000045e+02	1.092909999999999968e+02	1.094740000000000038e+02	1.097259999999999991e+02	1.097950000000000017e+02	1.099320000000000022e+02	1.101610000000000014e+02	1.102069999999999936e+02	1.107099999999999937e+02	1.108479999999999990e+02	1.108930000000000007e+02	1.111680000000000064e+02	1.113970000000000056e+02	1.115109999999999957e+02	1.116710000000000065e+02	1.118769999999999953e+02	1.119230000000000018e+02	1.121059999999999945e+02	1.121749999999999972e+02	1.122660000000000053e+02	1.124950000000000045e+02	1.126329999999999956e+02	1.126779999999999973e+02	1.128160000000000025e+02	1.128840000000000003e+02	1.128840000000000003e+02	1.130679999999999978e+02	1.131359999999999957e+02	1.131820000000000022e+02	1.133419999999999987e+02	1.134339999999999975e+02	1.134569999999999936e+02	1.136400000000000006e+02	1.136860000000000070e+02	1.137999999999999972e+02	1.138689999999999998e+02	1.140060000000000002e+02	1.139830000000000041e+02	1.140979999999999990e+02	1.140750000000000028e+02	1.141659999999999968e+02	1.142120000000000033e+02	1.143490000000000038e+02	1.143719999999999999e+02	1.145319999999999965e+02	1.145780000000000030e+02	1.146009999999999991e+02	1.146470000000000056e+02	1.147379999999999995e+02	1.147159999999999940e+02	1.148299999999999983e+02	1.148760000000000048e+02	1.148299999999999983e+02	1.149899999999999949e+02	1.150360000000000014e+02	1.149899999999999949e+02	1.151050000000000040e+02	1.151280000000000001e+02	1.151050000000000040e+02	1.151959999999999980e+02	1.151959999999999980e+02	1.152189999999999941e+02	1.153340000000000032e+02	1.152879999999999967e+02	1.152189999999999941e+02	1.153559999999999945e+02	1.154939999999999998e+02	1.154249999999999972e+02	1.155400000000000063e+02	1.155849999999999937e+02	1.155400000000000063e+02	1.156539999999999964e+02	1.157000000000000028e+02	1.157000000000000028e+02	1.157459999999999951e+02	1.157909999999999968e+02	1.158599999999999994e+02	1.158599999999999994e+02	1.159519999999999982e+02	1.159060000000000059e+02	1.159740000000000038e+02	1.160430000000000064e+02	1.160430000000000064e+02	1.161580000000000013e+02	1.162030000000000030e+02	1.161350000000000051e+02	1.162950000000000017e+02	1.162950000000000017e+02	1.163179999999999978e+02	1.163640000000000043e+02	1.164549999999999983e+02	1.164549999999999983e+02	1.165919999999999987e+02	1.165919999999999987e+02	1.165699999999999932e+02	1.166839999999999975e+02	1.166839999999999975e+02	1.167530000000000001e+02	1.167980000000000018e+02	1.169129999999999967e+02	1.167980000000000018e+02	1.169129999999999967e+02	1.168670000000000044e+02	1.168900000000000006e+02	1.170270000000000010e+02	1.170499999999999972e+02
0.000000000000000000e+00	1.916430000000000007e+02	1.740649999999999977e+02	1.580430000000000064e+02	1.488880000000000052e+02	1.367340000000000089e+02	1.259539999999999935e+02	1.170960000000000036e+02	1.094509999999999934e+02	1.025160000000000053e+02	9.695399999999999352e+01	9.159900000000000375e+01	8.779900000000000659e+01	8.395399999999999352e+01	8.093300000000000693e+01	7.832299999999999329e+01	7.555400000000000205e+01	7.248699999999999477e+01	6.973999999999999488e+01	6.676500000000000057e+01	6.463599999999999568e+01	6.273700000000000188e+01	6.079099999999999682e+01	5.916599999999999682e+01	5.783800000000000097e+01	5.653399999999999892e+01	5.516100000000000136e+01	5.431400000000000006e+01	5.360399999999999920e+01	5.291700000000000159e+01	5.229999999999999716e+01	5.179599999999999937e+01	5.110900000000000176e+01	4.994200000000000017e+01	4.918699999999999761e+01	4.850000000000000000e+01	4.788199999999999790e+01	4.765299999999999869e+01	4.760699999999999932e+01	4.714999999999999858e+01	4.728699999999999903e+01	4.660000000000000142e+01	4.639399999999999835e+01	4.628000000000000114e+01	4.618800000000000239e+01	4.639399999999999835e+01	4.611999999999999744e+01	4.632600000000000051e+01	4.630299999999999727e+01	4.671500000000000341e+01	4.669200000000000017e+01	4.666899999999999693e+01	4.701200000000000045e+01	4.669200000000000017e+01	4.671500000000000341e+01	4.678300000000000125e+01	4.673799999999999955e+01	4.687500000000000000e+01	4.669200000000000017e+01	4.708100000000000307e+01	4.726400000000000290e+01	4.799699999999999989e+01	4.737899999999999778e+01	4.831700000000000017e+01	4.831700000000000017e+01	4.859199999999999875e+01	4.824799999999999756e+01	4.872899999999999920e+01	4.888900000000000290e+01	4.898100000000000165e+01	4.877499999999999858e+01	4.893500000000000227e+01	4.902600000000000335e+01	5.051400000000000290e+01	5.065200000000000102e+01	5.074300000000000210e+01	5.104099999999999682e+01	5.117799999999999727e+01	5.101800000000000068e+01	5.083500000000000085e+01	5.083500000000000085e+01	5.106400000000000006e+01	5.127000000000000313e+01	5.120100000000000051e+01	5.127000000000000313e+01	5.129200000000000159e+01	5.117799999999999727e+01	5.195600000000000307e+01	5.239099999999999824e+01	5.246000000000000085e+01	5.255100000000000193e+01	5.250500000000000256e+01	5.236800000000000210e+01	5.236800000000000210e+01	5.259700000000000131e+01	5.225399999999999778e+01	5.259700000000000131e+01	5.310099999999999909e+01	5.394700000000000273e+01	5.431400000000000006e+01	5.438199999999999790e+01	5.458800000000000097e+01	5.467999999999999972e+01	5.497699999999999676e+01	5.506900000000000261e+01	5.573299999999999699e+01	5.621300000000000097e+01	5.680799999999999983e+01	5.694599999999999795e+01	5.799900000000000233e+01	5.857099999999999795e+01	5.918900000000000006e+01	5.973799999999999955e+01	6.058500000000000085e+01	6.138600000000000279e+01	6.195799999999999841e+01	6.372099999999999653e+01	6.470499999999999829e+01	6.589499999999999602e+01	6.701699999999999591e+01	6.864199999999999591e+01	7.006100000000000705e+01	7.083899999999999864e+01	7.214400000000000546e+01	7.475300000000000011e+01	7.605700000000000216e+01	7.743099999999999739e+01	7.882699999999999818e+01	8.017700000000000671e+01	8.180200000000000671e+01	8.308400000000000318e+01	8.461799999999999500e+01	8.564799999999999613e+01	8.711199999999999477e+01	8.942400000000000659e+01	9.068300000000000693e+01	9.180400000000000205e+01	9.276600000000000534e+01	9.390999999999999659e+01	9.498600000000000421e+01	9.599299999999999500e+01	9.693099999999999739e+01	9.787000000000000455e+01	9.871699999999999875e+01	9.974699999999999989e+01	1.005019999999999953e+02	1.013949999999999960e+02	1.026310000000000002e+02	1.035000000000000000e+02	1.041869999999999976e+02	1.050340000000000060e+02	1.058810000000000002e+02	1.067500000000000000e+02	1.081239999999999952e+02	1.090160000000000053e+02	1.097950000000000017e+02	1.104360000000000070e+02	1.111219999999999999e+02	1.117630000000000052e+02	1.123810000000000002e+02	1.133649999999999949e+02	1.142120000000000033e+02	1.148529999999999944e+02	1.155849999999999937e+02	1.161800000000000068e+02	1.165919999999999987e+02	1.174620000000000033e+02	1.180570000000000022e+02	1.186979999999999933e+02	1.184459999999999980e+02	1.190870000000000033e+02	1.197740000000000009e+02	1.204150000000000063e+02	1.209410000000000025e+02	1.214219999999999970e+02	1.219710000000000036e+02	1.224749999999999943e+02	1.230240000000000009e+02	1.235499999999999972e+02	1.240769999999999982e+02	1.245120000000000005e+02	1.250150000000000006e+02	1.253820000000000050e+02	1.260679999999999978e+02	1.265490000000000066e+02	1.269839999999999947e+02	1.276020000000000039e+02	1.278299999999999983e+02	1.282419999999999902e+02	1.286550000000000011e+02
0.000000000000000000e+00	1.823269999999999982e+02	1.709290000000000020e+02	1.606980000000000075e+02	1.512220000000000084e+02	1.419530000000000030e+02	1.336670000000000016e+02	1.270750000000000028e+02	1.210559999999999974e+02	1.161119999999999948e+02	1.121979999999999933e+02	1.086959999999999980e+02	1.056520000000000010e+02	1.028589999999999947e+02	1.002500000000000000e+02	9.793899999999999295e+01	9.603900000000000148e+01	9.443699999999999761e+01	9.230800000000000693e+01	9.059099999999999397e+01	8.905800000000000693e+01	8.754699999999999704e+01	8.596800000000000352e+01	8.475499999999999545e+01	8.351900000000000546e+01	8.230599999999999739e+01	8.161899999999999977e+01	8.054399999999999693e+01	7.965099999999999625e+01	7.917000000000000171e+01	7.864400000000000546e+01	7.800300000000000011e+01	7.754500000000000171e+01	7.754500000000000171e+01	7.708700000000000330e+01	7.676699999999999591e+01	7.656100000000000705e+01	7.628600000000000136e+01	7.617199999999999704e+01	7.628600000000000136e+01	7.603499999999999659e+01	7.607999999999999829e+01	7.564499999999999602e+01	7.603499999999999659e+01	7.582899999999999352e+01	7.571399999999999864e+01	7.640099999999999625e+01	7.610299999999999443e+01	7.585099999999999909e+01	7.571399999999999864e+01	7.571399999999999864e+01	7.564499999999999602e+01	7.553100000000000591e+01	7.576000000000000512e+01	7.546200000000000330e+01	7.557699999999999818e+01	7.573699999999999477e+01	7.612600000000000477e+01	7.617199999999999704e+01	7.589700000000000557e+01	7.592000000000000171e+01	7.592000000000000171e+01	7.589700000000000557e+01	7.619499999999999318e+01	7.635500000000000398e+01	7.628600000000000136e+01	7.628600000000000136e+01	5.754099999999999682e+01	5.770100000000000051e+01	5.786099999999999710e+01	5.790699999999999648e+01	5.820499999999999829e+01	5.822800000000000153e+01	5.829599999999999937e+01	5.841100000000000136e+01	5.850200000000000244e+01	5.852499999999999858e+01	5.882300000000000040e+01	5.891400000000000148e+01	5.902900000000000347e+01	5.905199999999999960e+01	5.923499999999999943e+01	5.925800000000000267e+01	5.941799999999999926e+01	5.957800000000000296e+01	5.973799999999999955e+01	5.971500000000000341e+01	5.978399999999999892e+01	5.996699999999999875e+01	6.010399999999999920e+01	6.033299999999999841e+01	6.044800000000000040e+01	6.060799999999999699e+01	6.072200000000000131e+01	6.088300000000000267e+01	6.111099999999999710e+01	6.134000000000000341e+01	6.150099999999999767e+01	6.172899999999999920e+01	6.191299999999999670e+01	6.214099999999999824e+01	6.239300000000000068e+01	6.259899999999999665e+01	6.301100000000000279e+01	6.305700000000000216e+01	6.335399999999999920e+01	6.353799999999999670e+01	6.374399999999999977e+01	6.390400000000000347e+01	6.417799999999999727e+01	6.443000000000000682e+01	6.468200000000000216e+01	6.491100000000000136e+01	6.527700000000000102e+01	6.555200000000000671e+01	6.566599999999999682e+01	6.607800000000000296e+01	6.630700000000000216e+01	6.667300000000000182e+01	6.694799999999999329e+01	6.726800000000000068e+01	6.772599999999999909e+01	6.804699999999999704e+01	6.845900000000000318e+01	6.884799999999999898e+01	6.926000000000000512e+01	6.969499999999999318e+01	7.003799999999999670e+01	7.038100000000000023e+01	7.070199999999999818e+01	7.106799999999999784e+01	7.145699999999999363e+01	7.182299999999999329e+01	7.218899999999999295e+01	7.255599999999999739e+01	7.296800000000000352e+01	7.337999999999999545e+01	7.349399999999999977e+01	7.404300000000000637e+01	7.440900000000000603e+01	7.482099999999999795e+01	7.523300000000000409e+01	7.564499999999999602e+01	7.612600000000000477e+01	7.651500000000000057e+01	7.697299999999999898e+01	7.745399999999999352e+01	7.798000000000000398e+01	7.841500000000000625e+01	7.884999999999999432e+01	7.932999999999999829e+01	7.981100000000000705e+01	8.029200000000000159e+01	8.081799999999999784e+01	8.136700000000000443e+01	8.200799999999999557e+01	8.230599999999999739e+01	8.283199999999999363e+01	8.331300000000000239e+01	8.383899999999999864e+01	8.429699999999999704e+01	8.484600000000000364e+01	8.530400000000000205e+01	8.576200000000000045e+01	8.617400000000000659e+01	8.665500000000000114e+01	8.706699999999999307e+01	8.745600000000000307e+01	8.740999999999999659e+01	8.750199999999999534e+01	8.752400000000000091e+01	8.752400000000000091e+01	8.759300000000000352e+01	8.763899999999999579e+01	8.773000000000000398e+01	8.784499999999999886e+01	8.793600000000000705e+01	8.802800000000000580e+01	8.812000000000000455e+01	8.837099999999999511e+01	8.846299999999999386e+01	8.853100000000000591e+01	8.809699999999999420e+01	8.837099999999999511e+01	8.850900000000000034e+01	8.857699999999999818e+01	8.869199999999999307e+01	8.878300000000000125e+01	8.887500000000000000e+01	8.896599999999999397e+01
0.000000000000000000e+00	5.389479999999999791e+02	4.726179999999999950e+02	4.153750000000000000e+02	3.645400000000000205e+02	3.213269999999999982e+02	2.875670000000000073e+02	2.589800000000000182e+02	2.349470000000000027e+02	2.150339999999999918e+02	2.002940000000000111e+02	1.876140000000000043e+02	1.785279999999999916e+02	1.695560000000000116e+02	1.631699999999999875e+02	1.565089999999999861e+02	1.505130000000000052e+02	1.460949999999999989e+02	1.415629999999999882e+02	1.380840000000000032e+02	1.339190000000000111e+02	1.292500000000000000e+02	1.246949999999999932e+02	1.207810000000000059e+02	1.178050000000000068e+02	1.153340000000000032e+02	1.139369999999999976e+02	1.113739999999999952e+02	1.091310000000000002e+02	1.092219999999999942e+02	1.076659999999999968e+02	1.032939999999999969e+02	1.037289999999999992e+02	1.026989999999999981e+02	1.014629999999999939e+02	1.004560000000000031e+02	9.967799999999999727e+01	9.908299999999999841e+01	9.823600000000000421e+01	9.784699999999999420e+01	9.784699999999999420e+01	9.709199999999999875e+01	9.645099999999999341e+01	9.599299999999999500e+01	9.567300000000000182e+01	9.574099999999999966e+01	9.592400000000000659e+01	9.560399999999999920e+01	9.519199999999999307e+01	9.489400000000000546e+01	9.445999999999999375e+01	9.473399999999999466e+01	9.489400000000000546e+01	9.507800000000000296e+01	9.507800000000000296e+01	9.555800000000000693e+01	9.546699999999999875e+01	9.551200000000000045e+01	9.587900000000000489e+01	9.606199999999999761e+01	9.706900000000000261e+01	9.697700000000000387e+01	9.681699999999999307e+01	9.700000000000000000e+01	9.734300000000000352e+01	9.725199999999999534e+01	9.754900000000000659e+01	9.803000000000000114e+01	9.933499999999999375e+01	9.915200000000000102e+01	9.919700000000000273e+01	9.924299999999999500e+01	9.915200000000000102e+01	9.956399999999999295e+01	9.960899999999999466e+01	9.995300000000000296e+01	1.002270000000000039e+02	1.007540000000000049e+02	1.014399999999999977e+02	1.018520000000000039e+02	1.016919999999999931e+02	1.020810000000000031e+02	1.022420000000000044e+02	1.022870000000000061e+02	1.029050000000000011e+02	1.030199999999999960e+02	1.029050000000000011e+02	1.028370000000000033e+02	1.035690000000000026e+02	1.038670000000000044e+02	1.039350000000000023e+02	1.037980000000000018e+02	1.041179999999999950e+02	1.036830000000000069e+02	1.041179999999999950e+02	1.045990000000000038e+02	1.047129999999999939e+02	1.049879999999999995e+02	1.050799999999999983e+02	1.051479999999999961e+02	1.056290000000000049e+02	1.059270000000000067e+02	1.059950000000000045e+02	1.060870000000000033e+02	1.065220000000000056e+02	1.065900000000000034e+02	1.068190000000000026e+02	1.065900000000000034e+02	1.070480000000000018e+02	1.073679999999999950e+02	1.076200000000000045e+02	1.111910000000000025e+02	1.103439999999999941e+02	1.106189999999999998e+02	1.106640000000000015e+02	1.106640000000000015e+02	1.107789999999999964e+02	1.107330000000000041e+02	1.107099999999999937e+02	1.108250000000000028e+02	1.110529999999999973e+02	1.110990000000000038e+02	1.111910000000000025e+02	1.116260000000000048e+02	1.115799999999999983e+02	1.127009999999999934e+02	1.126560000000000059e+02	1.128850000000000051e+02	1.129530000000000030e+02	1.131590000000000060e+02	1.132740000000000009e+02	1.135480000000000018e+02	1.138919999999999959e+02	1.137999999999999972e+02	1.140750000000000028e+02	1.144410000000000025e+02	1.145550000000000068e+02	1.145100000000000051e+02	1.148990000000000009e+02	1.151280000000000001e+02	1.154710000000000036e+02	1.160889999999999986e+02	1.170040000000000049e+02	1.171419999999999959e+02	1.173020000000000067e+02	1.180799999999999983e+02	1.197740000000000009e+02	1.200709999999999980e+02	1.202770000000000010e+02	1.204609999999999985e+02	1.206440000000000055e+02	1.208499999999999943e+02	1.209180000000000064e+02	1.216740000000000066e+02	1.219020000000000010e+02	1.223370000000000033e+02	1.224749999999999943e+02	1.227720000000000056e+02	1.229779999999999944e+02	1.233220000000000027e+02	1.230010000000000048e+02	1.231839999999999975e+02	1.235499999999999972e+02	1.238940000000000055e+02	1.242139999999999986e+02	1.245349999999999966e+02	1.248780000000000001e+02	1.285629999999999882e+02	1.278990000000000009e+02	1.277849999999999966e+02	1.279909999999999997e+02	1.283110000000000070e+02	1.284939999999999998e+02	1.286769999999999925e+02	1.287920000000000016e+02	1.289979999999999905e+02	1.291810000000000116e+02	1.291579999999999870e+02	1.292949999999999875e+02	1.293870000000000005e+02	1.294780000000000086e+02	1.295010000000000048e+02	1.294559999999999889e+02	1.294559999999999889e+02	1.293410000000000082e+02	1.295699999999999932e+02	1.297069999999999936e+02	1.298220000000000027e+02	1.297990000000000066e+02	1.297990000000000066e+02
0.000000000000000000e+00	3.499830000000000041e+02	3.175740000000000123e+02	2.901759999999999877e+02	2.650219999999999914e+02	2.424770000000000039e+02	2.226560000000000059e+02	2.054670000000000130e+02	1.921459999999999866e+02	1.810000000000000000e+02	1.723019999999999925e+02	1.647259999999999991e+02	1.559139999999999873e+02	1.513820000000000050e+02	1.460500000000000114e+02	1.415860000000000127e+02	1.371690000000000111e+02	1.327520000000000095e+02	1.288379999999999939e+02	1.255879999999999939e+02	1.209410000000000025e+02	1.183780000000000001e+02	1.146700000000000017e+02	1.130220000000000056e+02	1.098629999999999995e+02	1.080550000000000068e+02	1.057890000000000015e+02	1.040040000000000049e+02	1.027909999999999968e+02	1.009140000000000015e+02	9.942600000000000193e+01	9.873999999999999488e+01	9.793899999999999295e+01	1.035229999999999961e+02	1.025390000000000015e+02	9.928900000000000148e+01	9.812199999999999989e+01	9.816700000000000159e+01	9.766400000000000148e+01	9.720600000000000307e+01	9.738899999999999579e+01	9.798399999999999466e+01	9.777800000000000580e+01	9.674800000000000466e+01	9.725199999999999534e+01	9.887699999999999534e+01	9.793899999999999295e+01	9.885399999999999920e+01	9.956399999999999295e+01	9.983799999999999386e+01	1.004330000000000069e+02	9.997599999999999909e+01	1.000900000000000034e+02	1.007770000000000010e+02	1.028139999999999930e+02	1.029050000000000011e+02	1.039120000000000061e+02	1.037980000000000018e+02	1.037289999999999992e+02	1.039809999999999945e+02	1.040499999999999972e+02	1.050340000000000060e+02	1.059950000000000045e+02	1.056749999999999972e+02	1.068190000000000026e+02	1.074140000000000015e+02	1.073910000000000053e+02	1.081700000000000017e+02	1.086039999999999992e+02	1.083529999999999944e+02	1.094969999999999999e+02	1.139599999999999937e+02	1.139140000000000015e+02	1.153790000000000049e+02	1.149669999999999987e+02	1.150819999999999936e+02	1.165469999999999970e+02	1.159969999999999999e+02	1.172560000000000002e+02	1.181719999999999970e+02	1.180120000000000005e+02	1.189039999999999964e+02	1.196590000000000060e+02	1.190190000000000055e+02	1.198199999999999932e+02	1.199569999999999936e+02	1.196590000000000060e+02	1.213990000000000009e+02	1.215360000000000014e+02	1.224290000000000020e+02	1.222229999999999990e+02	1.225430000000000064e+02	1.230930000000000035e+02	1.240540000000000020e+02	1.249240000000000066e+02	1.249470000000000027e+02	1.264339999999999975e+02	1.269609999999999985e+02	1.272349999999999994e+02	1.288830000000000098e+02	1.286320000000000050e+02	1.294329999999999927e+02	1.300509999999999877e+02	1.305540000000000020e+02	1.309890000000000043e+02	1.319050000000000011e+02	1.325680000000000121e+02	1.325680000000000121e+02	1.353839999999999861e+02	1.543350000000000080e+02	1.547470000000000141e+02	1.554559999999999889e+02	1.562580000000000098e+02	1.567839999999999918e+02	1.572189999999999941e+02	1.575159999999999911e+02	1.578369999999999891e+02	1.584550000000000125e+02	1.587980000000000018e+02	1.595080000000000098e+02	1.604459999999999980e+02	1.610409999999999968e+02	1.620709999999999980e+02	1.622539999999999907e+02	1.630320000000000107e+02	1.636049999999999898e+02	1.644060000000000059e+02	1.647259999999999991e+02	1.655269999999999868e+02	1.661680000000000064e+02	1.666719999999999970e+02	1.672439999999999998e+02	1.686169999999999902e+02	1.681599999999999966e+02	1.681599999999999966e+02	1.688460000000000036e+02	1.689379999999999882e+02	1.687319999999999993e+02	1.689149999999999920e+02	1.687549999999999955e+02	1.690980000000000132e+02	1.691899999999999977e+02	1.696009999999999991e+02	1.696239999999999952e+02	1.698069999999999879e+02	1.697839999999999918e+02	1.698990000000000009e+02	1.698530000000000086e+02	1.701049999999999898e+02	1.701740000000000066e+02	1.700589999999999975e+02	1.707690000000000055e+02	1.709060000000000059e+02	1.710889999999999986e+02	1.709060000000000059e+02	1.717990000000000066e+02	1.713870000000000005e+02	1.717529999999999859e+02	1.715010000000000048e+02	1.720960000000000036e+02	1.723710000000000093e+02	1.714099999999999966e+02	1.715010000000000048e+02	1.717069999999999936e+02	1.716839999999999975e+02	1.710430000000000064e+02	1.707230000000000132e+02	1.708369999999999891e+02	1.709749999999999943e+02	1.705399999999999920e+02	1.708369999999999891e+02	1.708830000000000098e+02	1.705629999999999882e+02	1.706539999999999964e+02	1.710430000000000064e+02	1.706769999999999925e+02	1.707690000000000055e+02	1.707460000000000093e+02	1.706310000000000002e+02	1.705399999999999920e+02	1.703110000000000070e+02	1.703340000000000032e+02	1.701510000000000105e+02	1.705169999999999959e+02	1.703569999999999993e+02	1.703340000000000032e+02	1.706999999999999886e+02	1.702649999999999864e+02	1.704710000000000036e+02	1.703340000000000032e+02
0.000000000000000000e+00	1.528930000000000007e+02	1.419749999999999943e+02	1.265259999999999962e+02	1.205289999999999964e+02	1.105499999999999972e+02	1.029740000000000038e+02	9.720600000000000307e+01	9.278900000000000148e+01	8.855400000000000205e+01	8.580800000000000693e+01	8.365600000000000591e+01	8.193999999999999773e+01	8.038299999999999557e+01	7.944499999999999318e+01	7.807200000000000273e+01	7.708700000000000330e+01	7.624099999999999966e+01	7.521099999999999852e+01	7.438700000000000045e+01	7.296800000000000352e+01	7.152599999999999625e+01	7.040399999999999636e+01	6.926000000000000512e+01	6.818399999999999750e+01	6.726800000000000068e+01	6.632999999999999829e+01	6.552899999999999636e+01	6.481900000000000261e+01	6.422400000000000375e+01	6.369800000000000040e+01	6.312599999999999767e+01	6.273700000000000188e+01	6.296500000000000341e+01	6.266799999999999926e+01	6.243900000000000006e+01	6.259899999999999665e+01	6.253099999999999881e+01	6.232500000000000284e+01	6.223299999999999699e+01	6.214099999999999824e+01	6.202700000000000102e+01	6.193500000000000227e+01	6.189000000000000057e+01	6.195799999999999841e+01	6.186699999999999733e+01	6.184400000000000119e+01	6.152300000000000324e+01	6.124900000000000233e+01	6.127199999999999847e+01	6.113400000000000034e+01	6.108899999999999864e+01	6.106600000000000250e+01	6.097399999999999665e+01	6.085999999999999943e+01	6.085999999999999943e+01	6.076800000000000068e+01	6.076800000000000068e+01	6.079099999999999682e+01	6.079099999999999682e+01	6.083700000000000330e+01	6.081400000000000006e+01	6.095100000000000051e+01	6.102000000000000313e+01	6.115699999999999648e+01	6.120300000000000296e+01	6.120300000000000296e+01	6.124900000000000233e+01	6.117999999999999972e+01	6.131700000000000017e+01	6.136299999999999955e+01	6.159199999999999875e+01	6.166100000000000136e+01	6.163799999999999812e+01	6.172899999999999920e+01	6.191299999999999670e+01	6.204999999999999716e+01	6.227900000000000347e+01	6.239300000000000068e+01	6.259899999999999665e+01	6.278199999999999648e+01	6.278199999999999648e+01	6.294200000000000017e+01	6.301100000000000279e+01	6.307999999999999829e+01	6.319400000000000261e+01	6.335399999999999920e+01	6.344599999999999795e+01	6.362899999999999778e+01	6.372099999999999653e+01	6.395000000000000284e+01	6.406399999999999295e+01	6.410999999999999943e+01	6.422400000000000375e+01	6.431600000000000250e+01	6.449899999999999523e+01	6.454500000000000171e+01	6.461299999999999955e+01	6.468200000000000216e+01	6.491100000000000136e+01	6.504800000000000182e+01	6.527700000000000102e+01	6.523099999999999454e+01	6.552899999999999636e+01	6.566599999999999682e+01	6.578100000000000591e+01	6.589499999999999602e+01	6.601000000000000512e+01	6.619299999999999784e+01	6.639900000000000091e+01	6.646699999999999875e+01	6.662800000000000011e+01	6.671899999999999409e+01	6.687900000000000489e+01	6.697100000000000364e+01	6.710800000000000409e+01	6.726800000000000068e+01	6.745099999999999341e+01	6.765699999999999648e+01	6.777200000000000557e+01	6.786299999999999955e+01	6.804699999999999704e+01	6.832099999999999795e+01	6.841299999999999670e+01	6.861899999999999977e+01	6.880200000000000671e+01	6.889300000000000068e+01	6.905400000000000205e+01	6.926000000000000512e+01	6.937399999999999523e+01	6.957999999999999829e+01	6.983199999999999363e+01	6.992300000000000182e+01	7.010699999999999932e+01	7.031199999999999761e+01	7.045000000000000284e+01	7.058700000000000330e+01	7.072400000000000375e+01	7.093000000000000682e+01	7.102200000000000557e+01	7.118200000000000216e+01	7.125100000000000477e+01	7.134199999999999875e+01	7.159399999999999409e+01	7.177700000000000102e+01	7.189199999999999591e+01	7.205200000000000671e+01	7.212099999999999511e+01	7.225799999999999557e+01	7.237199999999999989e+01	7.246399999999999864e+01	7.260099999999999909e+01	7.271599999999999397e+01	7.292199999999999704e+01	7.301300000000000523e+01	7.312800000000000011e+01	7.328799999999999670e+01	7.351699999999999591e+01	7.367700000000000671e+01	7.372299999999999898e+01	7.390600000000000591e+01	7.406600000000000250e+01	7.418099999999999739e+01	7.436400000000000432e+01	7.456999999999999318e+01	7.461499999999999488e+01	7.477599999999999625e+01	7.491299999999999670e+01	7.514199999999999591e+01	7.521099999999999852e+01	7.541700000000000159e+01	7.562300000000000466e+01	7.573699999999999477e+01	7.582899999999999352e+01	7.601200000000000045e+01	7.614900000000000091e+01	7.628600000000000136e+01	7.644700000000000273e+01	7.660699999999999932e+01	7.674399999999999977e+01	7.692700000000000671e+01	7.701900000000000546e+01	7.717900000000000205e+01	7.740800000000000125e+01	7.749899999999999523e+01	7.761400000000000432e+01	7.770499999999999829e+01	7.793399999999999750e+01	7.809399999999999409e+01	7.807200000000000273e+01
0.000000000000000000e+00	3.668750000000000000e+02	3.196109999999999900e+02	2.788240000000000123e+02	2.425689999999999884e+02	2.144170000000000016e+02	1.937940000000000111e+02	1.769259999999999877e+02	1.623919999999999959e+02	1.526870000000000118e+02	1.457290000000000134e+02	1.401210000000000093e+02	1.353149999999999977e+02	1.331409999999999911e+02	1.297069999999999936e+02	1.267090000000000032e+02	1.244659999999999940e+02	1.224980000000000047e+02	1.208949999999999960e+02	1.193160000000000025e+02	1.183550000000000040e+02	1.172330000000000041e+02	1.163640000000000043e+02	1.156080000000000041e+02	1.148760000000000048e+02	1.141889999999999930e+02	1.140750000000000028e+02	1.137079999999999984e+02	1.133649999999999949e+02	1.133190000000000026e+02	1.132969999999999970e+02	1.129759999999999991e+02	1.129300000000000068e+02	1.128850000000000051e+02	1.128850000000000051e+02	1.129759999999999991e+02	1.130909999999999940e+02	1.131820000000000022e+02	1.132049999999999983e+02	1.132969999999999970e+02	1.133190000000000026e+02	1.136860000000000070e+02	1.139369999999999976e+02	1.141200000000000045e+02	1.143719999999999999e+02	1.146009999999999991e+02	1.147159999999999940e+02	1.150819999999999936e+02	1.152420000000000044e+02	1.153559999999999945e+02	1.156770000000000067e+02	1.158599999999999994e+02	1.159519999999999982e+02	1.161800000000000068e+02	1.164090000000000060e+02	1.165699999999999932e+02	1.169129999999999967e+02	1.171419999999999959e+02	1.173250000000000028e+02	1.176910000000000025e+02	1.178739999999999952e+02	1.180570000000000022e+02	1.183550000000000040e+02	1.186069999999999993e+02	1.187669999999999959e+02	1.190870000000000033e+02	1.193619999999999948e+02	1.195220000000000056e+02	1.198199999999999932e+02	1.201170000000000044e+02	1.202090000000000032e+02	1.205750000000000028e+02	1.207579999999999956e+02	1.211700000000000017e+02	1.213990000000000009e+02	1.216280000000000001e+02	1.217189999999999941e+02	1.219020000000000010e+02	1.221310000000000002e+02	1.223139999999999930e+02	1.226809999999999974e+02	1.228640000000000043e+02	1.229099999999999966e+02	1.232069999999999936e+02	1.234129999999999967e+02	1.234819999999999993e+02	1.238250000000000028e+02	1.241230000000000047e+02	1.242139999999999986e+02	1.246949999999999932e+02	1.249240000000000066e+02	1.251299999999999955e+02	1.255190000000000055e+02	1.257480000000000047e+02	1.259989999999999952e+02	1.262279999999999944e+02	1.264569999999999936e+02	1.266400000000000006e+02	1.269380000000000024e+02	1.272129999999999939e+02	1.273269999999999982e+02	1.276700000000000017e+02	1.279449999999999932e+02	1.280360000000000014e+02	1.283110000000000070e+02	1.284939999999999998e+02	1.286999999999999886e+02	1.289519999999999982e+02	1.291579999999999870e+02	1.292500000000000000e+02	1.295699999999999932e+02	1.297069999999999936e+02	1.296620000000000061e+02	1.300049999999999955e+02	1.301649999999999920e+02	1.302570000000000050e+02	1.304859999999999900e+02	1.306459999999999866e+02	1.310579999999999927e+02	1.312640000000000100e+02	1.314929999999999950e+02	1.315159999999999911e+02	1.316990000000000123e+02	1.318590000000000089e+02	1.319269999999999925e+02	1.321560000000000059e+02	1.323389999999999986e+02	1.323849999999999909e+02	1.325000000000000000e+02	1.325449999999999875e+02	1.326829999999999927e+02	1.327740000000000009e+02	1.329120000000000061e+02	1.328660000000000139e+02	1.331409999999999911e+02	1.332319999999999993e+02	1.333240000000000123e+02	1.334840000000000089e+02	1.335300000000000011e+02	1.336440000000000055e+02	1.337359999999999900e+02	1.338959999999999866e+02	1.338269999999999982e+02	1.339190000000000111e+02	1.340560000000000116e+02	1.340099999999999909e+02	1.341020000000000039e+02	1.345370000000000061e+02	1.344219999999999970e+02	1.345600000000000023e+02	1.345829999999999984e+02	1.345370000000000061e+02	1.346510000000000105e+02	1.347199999999999989e+02	1.347659999999999911e+02	1.347889999999999873e+02	1.349029999999999916e+02	1.349259999999999877e+02	1.350399999999999920e+02	1.351320000000000050e+02	1.351779999999999973e+02	1.353379999999999939e+02	1.354290000000000020e+02	1.353379999999999939e+02	1.354749999999999943e+02	1.354979999999999905e+02	1.354749999999999943e+02	1.357040000000000077e+02	1.356810000000000116e+02	1.357270000000000039e+02	1.358870000000000005e+02	1.359099999999999966e+02	1.358410000000000082e+02	1.359559999999999889e+02	1.360699999999999932e+02	1.360929999999999893e+02	1.362529999999999859e+02	1.361850000000000023e+02	1.361390000000000100e+02	1.360929999999999893e+02	1.357729999999999961e+02	1.356810000000000116e+02	1.357959999999999923e+02	1.358640000000000043e+02	1.358410000000000082e+02	1.359099999999999966e+02	1.359329999999999927e+02	1.358870000000000005e+02	1.360469999999999970e+02	1.360929999999999893e+02
0.000000000000000000e+00	3.377379999999999995e+02	2.992169999999999845e+02	2.686390000000000100e+02	2.412410000000000139e+02	2.179639999999999986e+02	1.983950000000000102e+02	1.823499999999999943e+02	1.675420000000000016e+02	1.552959999999999923e+02	1.457290000000000134e+02	1.377410000000000139e+02	1.307139999999999986e+02	1.246029999999999944e+02	1.198199999999999932e+02	1.153559999999999945e+02	1.112819999999999965e+02	1.072999999999999972e+02	1.039809999999999945e+02	1.010060000000000002e+02	9.791599999999999682e+01	9.539799999999999613e+01	9.287999999999999545e+01	9.077500000000000568e+01	8.912699999999999534e+01	8.752400000000000091e+01	8.580800000000000693e+01	8.427400000000000091e+01	8.326699999999999591e+01	8.205400000000000205e+01	8.109300000000000352e+01	8.038299999999999557e+01	7.949099999999999966e+01	7.875799999999999557e+01	7.811700000000000443e+01	7.772799999999999443e+01	7.745399999999999352e+01	7.697299999999999898e+01	7.674399999999999977e+01	7.658400000000000318e+01	7.637800000000000011e+01	7.612600000000000477e+01	7.598900000000000432e+01	7.580599999999999739e+01	7.555400000000000205e+01	7.539400000000000546e+01	7.518800000000000239e+01	7.523300000000000409e+01	7.546200000000000330e+01	7.640099999999999625e+01	7.635500000000000398e+01	7.612600000000000477e+01	7.614900000000000091e+01	7.601200000000000045e+01	7.587399999999999523e+01	7.562300000000000466e+01	7.534799999999999898e+01	7.516500000000000625e+01	7.521099999999999852e+01	7.502700000000000102e+01	7.500499999999999545e+01	7.482099999999999795e+01	7.493600000000000705e+01	7.502700000000000102e+01	7.534799999999999898e+01	7.539400000000000546e+01	7.521099999999999852e+01	7.532500000000000284e+01	7.550799999999999557e+01	7.553100000000000591e+01	7.543899999999999295e+01	7.511899999999999977e+01	7.527899999999999636e+01	7.564499999999999602e+01	7.566800000000000637e+01	7.559999999999999432e+01	7.543899999999999295e+01	7.539400000000000546e+01	7.546200000000000330e+01	7.555400000000000205e+01	7.543899999999999295e+01	7.537099999999999511e+01	7.518800000000000239e+01	7.518800000000000239e+01	7.514199999999999591e+01	7.489000000000000057e+01	7.502700000000000102e+01	7.486700000000000443e+01	7.489000000000000057e+01	7.482099999999999795e+01	7.500499999999999545e+01	7.518800000000000239e+01	7.555400000000000205e+01	7.548499999999999943e+01	7.555400000000000205e+01	7.543899999999999295e+01	7.559999999999999432e+01	7.557699999999999818e+01	7.537099999999999511e+01	7.527899999999999636e+01	7.523300000000000409e+01	7.532500000000000284e+01	7.523300000000000409e+01	7.514199999999999591e+01	7.507299999999999329e+01	7.521099999999999852e+01	7.557699999999999818e+01	7.585099999999999909e+01	7.592000000000000171e+01	7.594299999999999784e+01	7.592000000000000171e+01	7.601200000000000045e+01	7.605700000000000216e+01	7.614900000000000091e+01	7.640099999999999625e+01	7.667499999999999716e+01	7.681300000000000239e+01	7.697299999999999898e+01	7.713299999999999557e+01	7.722499999999999432e+01	7.749899999999999523e+01	7.761400000000000432e+01	7.795699999999999363e+01	7.814000000000000057e+01	7.825499999999999545e+01	7.850600000000000023e+01	7.880400000000000205e+01	7.864400000000000546e+01	7.891800000000000637e+01	7.930800000000000693e+01	7.953600000000000136e+01	7.969700000000000273e+01	8.010899999999999466e+01	8.029200000000000159e+01	8.054399999999999693e+01	8.068099999999999739e+01	8.088700000000000045e+01	8.118399999999999750e+01	8.139000000000000057e+01	8.157299999999999329e+01	8.182500000000000284e+01	8.196299999999999386e+01	8.207699999999999818e+01	8.230599999999999739e+01	8.253499999999999659e+01	8.264900000000000091e+01	8.274099999999999966e+01	8.285500000000000398e+01	8.308400000000000318e+01	8.319899999999999807e+01	8.338200000000000500e+01	8.356499999999999773e+01	8.374800000000000466e+01	8.383899999999999864e+01	8.404500000000000171e+01	8.409099999999999397e+01	8.434300000000000352e+01	8.450300000000000011e+01	8.468600000000000705e+01	8.470900000000000318e+01	8.496099999999999852e+01	8.509799999999999898e+01	8.528100000000000591e+01	8.534999999999999432e+01	8.546399999999999864e+01	8.557899999999999352e+01	8.571599999999999397e+01	8.592199999999999704e+01	8.599099999999999966e+01	8.603700000000000614e+01	8.619700000000000273e+01	8.633400000000000318e+01	8.656300000000000239e+01	8.665500000000000114e+01	8.681499999999999773e+01	8.683799999999999386e+01	8.713500000000000512e+01	8.727299999999999613e+01	8.734099999999999397e+01	8.752400000000000091e+01	8.738700000000000045e+01	8.754699999999999704e+01	8.773000000000000398e+01	8.789100000000000534e+01	8.807399999999999807e+01	8.821099999999999852e+01	8.832599999999999341e+01	8.848600000000000421e+01	8.864600000000000080e+01	8.873699999999999477e+01
0.000000000000000000e+00	1.953959999999999866e+02	1.800840000000000032e+02	1.666719999999999970e+02	1.541750000000000114e+02	1.429600000000000080e+02	1.331179999999999950e+02	1.248550000000000040e+02	1.180340000000000060e+02	1.127240000000000038e+02	1.081009999999999991e+02	1.045070000000000050e+02	1.018750000000000000e+02	9.954099999999999682e+01	9.764100000000000534e+01	9.606199999999999761e+01	9.377299999999999613e+01	9.079699999999999704e+01	8.809699999999999420e+01	8.567000000000000171e+01	8.358799999999999386e+01	8.193999999999999773e+01	8.049800000000000466e+01	7.903300000000000125e+01	7.791100000000000136e+01	7.695000000000000284e+01	7.596599999999999397e+01	7.525600000000000023e+01	7.477599999999999625e+01	7.440900000000000603e+01	7.404300000000000637e+01	7.376900000000000546e+01	7.349399999999999977e+01	7.344799999999999329e+01	7.331100000000000705e+01	7.315099999999999625e+01	7.305899999999999750e+01	7.305899999999999750e+01	7.305899999999999750e+01	7.315099999999999625e+01	7.319599999999999795e+01	7.315099999999999625e+01	7.331100000000000705e+01	7.349399999999999977e+01	7.374599999999999511e+01	7.390600000000000591e+01	7.411199999999999477e+01	7.422599999999999909e+01	7.440900000000000603e+01	7.459300000000000352e+01	7.477599999999999625e+01	7.507299999999999329e+01	7.532500000000000284e+01	7.543899999999999295e+01	7.564499999999999602e+01	7.594299999999999784e+01	7.603499999999999659e+01	7.626300000000000523e+01	7.651500000000000057e+01	7.665300000000000580e+01	7.692700000000000671e+01	7.717900000000000205e+01	7.733899999999999864e+01	7.759099999999999397e+01	7.779699999999999704e+01	7.811700000000000443e+01	7.832299999999999329e+01	7.855200000000000671e+01	7.868999999999999773e+01	7.891800000000000637e+01	7.910200000000000387e+01	7.930800000000000693e+01	7.962800000000000011e+01	7.994799999999999329e+01	8.020000000000000284e+01	8.049800000000000466e+01	8.072700000000000387e+01	8.111599999999999966e+01	8.136700000000000443e+01	8.152800000000000580e+01	8.187099999999999511e+01	8.216899999999999693e+01	8.246599999999999397e+01	8.255800000000000693e+01	8.287800000000000011e+01	8.306100000000000705e+01	8.329000000000000625e+01	8.351900000000000546e+01	8.379399999999999693e+01	8.395399999999999352e+01	8.427400000000000091e+01	8.445699999999999363e+01	8.468600000000000705e+01	8.503000000000000114e+01	8.521299999999999386e+01	8.631100000000000705e+01	8.649399999999999977e+01	8.681499999999999773e+01	8.695199999999999818e+01	8.731799999999999784e+01	8.747899999999999920e+01	8.777599999999999625e+01	8.807399999999999807e+01	8.832599999999999341e+01	8.855400000000000205e+01	8.885200000000000387e+01	8.917199999999999704e+01	8.935500000000000398e+01	8.965300000000000580e+01	8.995099999999999341e+01	9.011100000000000421e+01	9.043099999999999739e+01	9.065999999999999659e+01	9.088899999999999579e+01	9.125499999999999545e+01	9.148399999999999466e+01	9.162099999999999511e+01	9.201000000000000512e+01	9.223900000000000432e+01	9.244499999999999318e+01	9.276600000000000534e+01	9.297199999999999420e+01	9.310899999999999466e+01	9.347499999999999432e+01	9.359000000000000341e+01	9.384199999999999875e+01	9.420799999999999841e+01	9.448199999999999932e+01	9.459699999999999420e+01	9.489400000000000546e+01	9.505500000000000682e+01	9.516899999999999693e+01	9.553499999999999659e+01	9.581000000000000227e+01	9.592400000000000659e+01	9.619899999999999807e+01	9.645099999999999341e+01	9.654200000000000159e+01	9.693099999999999739e+01	9.713700000000000045e+01	9.729800000000000182e+01	9.766400000000000148e+01	9.782399999999999807e+01	9.800700000000000500e+01	9.837300000000000466e+01	9.869400000000000261e+01	9.887699999999999534e+01	9.917400000000000659e+01	9.940300000000000580e+01	9.967799999999999727e+01	9.986100000000000421e+01	1.001820000000000022e+02	1.003419999999999987e+02	1.004789999999999992e+02	1.007540000000000049e+02	1.008910000000000053e+02	1.010280000000000058e+02	1.013719999999999999e+02	1.015090000000000003e+02	1.018520000000000039e+02	1.020360000000000014e+02	1.022189999999999941e+02	1.024929999999999950e+02	1.026310000000000002e+02	1.027909999999999968e+02	1.031110000000000042e+02	1.033629999999999995e+02	1.035460000000000065e+02	1.040040000000000049e+02	1.041640000000000015e+02	1.044620000000000033e+02	1.046449999999999960e+02	1.048739999999999952e+02	1.050570000000000022e+02	1.052630000000000052e+02	1.053539999999999992e+02	1.055370000000000061e+02	1.057660000000000053e+02	1.057660000000000053e+02	1.058810000000000002e+02	1.059719999999999942e+02	1.060180000000000007e+02	1.068880000000000052e+02	1.068880000000000052e+02	1.068419999999999987e+02	1.068649999999999949e+02	1.069339999999999975e+02	1.069110000000000014e+02	1.069339999999999975e+02	1.069789999999999992e+02
1.000000000000000000e+00	3.440779999999999745e+02	3.092420000000000186e+02	2.789379999999999882e+02	2.516330000000000098e+02	2.284010000000000105e+02	2.090840000000000032e+02	1.928789999999999907e+02	1.777729999999999961e+02	1.658940000000000055e+02	1.563029999999999973e+02	1.500320000000000107e+02	1.443789999999999907e+02	1.390910000000000082e+02	1.348110000000000070e+02	1.308979999999999961e+02	1.282419999999999902e+02	1.258850000000000051e+02	1.240540000000000020e+02	1.224749999999999943e+02	1.210559999999999974e+02	1.198199999999999932e+02	1.186290000000000049e+02	1.174159999999999968e+02	1.157909999999999968e+02	1.140060000000000002e+02	1.126790000000000020e+02	1.112369999999999948e+02	1.099779999999999944e+02	1.088559999999999945e+02	1.076889999999999930e+02	1.068419999999999987e+02	1.060180000000000007e+02	1.051710000000000065e+02	1.045300000000000011e+02	1.040270000000000010e+02	1.036380000000000052e+02	1.032259999999999991e+02	1.030199999999999960e+02	1.028589999999999947e+02	1.024699999999999989e+02	1.025390000000000015e+02	1.024929999999999950e+02	1.024699999999999989e+02	1.025619999999999976e+02	1.026989999999999981e+02	1.029279999999999973e+02	1.030879999999999939e+02	1.035690000000000026e+02	1.038209999999999980e+02	1.039809999999999945e+02	1.041640000000000015e+02	1.044389999999999930e+02	1.047819999999999965e+02	1.050799999999999983e+02	1.055150000000000006e+02	1.056979999999999933e+02	1.062930000000000064e+02	1.066820000000000022e+02	1.069560000000000031e+02	1.073910000000000053e+02	1.076659999999999968e+02	1.081919999999999931e+02	1.085360000000000014e+02	1.089479999999999933e+02	1.094740000000000038e+02	1.098400000000000034e+02	1.104129999999999967e+02	1.109389999999999930e+02	1.113280000000000030e+02	1.118319999999999936e+02	1.123580000000000041e+02	1.127699999999999960e+02	1.133880000000000052e+02	1.139369999999999976e+02	1.144869999999999948e+02	1.149669999999999987e+02	1.154939999999999998e+02	1.161580000000000013e+02	1.167069999999999936e+02	1.171650000000000063e+02	1.176910000000000025e+02	1.180799999999999983e+02	1.185840000000000032e+02	1.192249999999999943e+02	1.195220000000000056e+02	1.201400000000000006e+02	1.206889999999999930e+02	1.213990000000000009e+02	1.219710000000000036e+02	1.226580000000000013e+02	1.234360000000000070e+02	1.241230000000000047e+02	1.247860000000000014e+02	1.256099999999999994e+02	1.261830000000000069e+02	1.271899999999999977e+02	1.282199999999999989e+02	1.293180000000000121e+02	1.303710000000000093e+02	1.313549999999999898e+02	1.325680000000000121e+02	1.340329999999999870e+02	1.356119999999999948e+02	1.371690000000000111e+02	1.389310000000000116e+02	1.406939999999999884e+02	1.426850000000000023e+02	1.445620000000000118e+02	1.471020000000000039e+02	1.495289999999999964e+02	1.521380000000000052e+02	1.549759999999999991e+02	1.578139999999999930e+02	1.608350000000000080e+02	1.641769999999999925e+02	1.674039999999999964e+02	1.706539999999999964e+02	1.742249999999999943e+02	1.773830000000000098e+02	1.803129999999999882e+02	1.835399999999999920e+02	1.862870000000000061e+02	1.892620000000000005e+02	1.924670000000000130e+02	1.957400000000000091e+02	1.983720000000000141e+02	2.012789999999999964e+02	2.040709999999999980e+02	2.068410000000000082e+02	2.097239999999999895e+02	2.123569999999999993e+02	2.150569999999999879e+02	2.177810000000000059e+02	2.204130000000000109e+02	2.231140000000000043e+02	2.254710000000000036e+02	2.277369999999999948e+02	2.297740000000000009e+02	2.315140000000000100e+02	2.332990000000000066e+02	2.350389999999999873e+02	2.367549999999999955e+02	2.382659999999999911e+02	2.395480000000000018e+02	2.408290000000000077e+02	2.420200000000000102e+02	2.429350000000000023e+02	2.435759999999999934e+02	2.445829999999999984e+02	2.451320000000000050e+02	2.458420000000000130e+02	2.464370000000000118e+02	2.471239999999999952e+02	2.470780000000000030e+02	2.477649999999999864e+02	2.481539999999999964e+02	2.484279999999999973e+02	2.490229999999999961e+02	2.494809999999999945e+02	2.499159999999999968e+02	2.505109999999999957e+02	2.509230000000000018e+02	2.513580000000000041e+02	2.517009999999999934e+02	2.521359999999999957e+02	2.525939999999999941e+02	2.529139999999999873e+02	2.533489999999999895e+02	2.531430000000000007e+02	2.533950000000000102e+02	2.536930000000000121e+02	2.540130000000000052e+02	2.541730000000000018e+02	2.542419999999999902e+02	2.543789999999999907e+02	2.544480000000000075e+02	2.545850000000000080e+02	2.547909999999999968e+02	2.547680000000000007e+02	2.548830000000000098e+02	2.545620000000000118e+02	2.548139999999999930e+02	2.549970000000000141e+02	2.549509999999999934e+02	2.550200000000000102e+02	2.549739999999999895e+02	2.553410000000000082e+02	2.554780000000000086e+02	2.557980000000000018e+02
0.000000000000000000e+00	1.414259999999999877e+02	1.290660000000000025e+02	1.190639999999999930e+02	1.084899999999999949e+02	9.999800000000000466e+01	9.285699999999999932e+01	8.711199999999999477e+01	8.191700000000000159e+01	7.729300000000000637e+01	7.399699999999999989e+01	7.035800000000000409e+01	6.690200000000000102e+01	6.395000000000000284e+01	6.106600000000000250e+01	5.836500000000000199e+01	5.589300000000000068e+01	5.376400000000000290e+01	5.131499999999999773e+01	4.923199999999999932e+01	4.742399999999999949e+01	4.589099999999999824e+01	4.451800000000000068e+01	4.332699999999999818e+01	4.218299999999999983e+01	4.117600000000000193e+01	4.053499999999999659e+01	3.978000000000000114e+01	3.900099999999999767e+01	3.858899999999999864e+01	3.797099999999999653e+01	3.762800000000000011e+01	3.728499999999999659e+01	3.682699999999999818e+01	3.650699999999999790e+01	3.639200000000000301e+01	3.636899999999999977e+01	3.634599999999999653e+01	3.575099999999999767e+01	3.575099999999999767e+01	3.554500000000000171e+01	3.524799999999999756e+01	3.554500000000000171e+01	3.520199999999999818e+01	3.538499999999999801e+01	3.529399999999999693e+01	3.524799999999999756e+01	3.531600000000000250e+01	3.520199999999999818e+01	3.495000000000000284e+01	3.497299999999999898e+01	3.499600000000000222e+01	3.483599999999999852e+01	3.490400000000000347e+01	3.474399999999999977e+01	3.460699999999999932e+01	3.458400000000000318e+01	3.481300000000000239e+01	3.469800000000000040e+01	3.499600000000000222e+01	3.527100000000000080e+01	3.510999999999999943e+01	3.510999999999999943e+01	3.504200000000000159e+01	3.524799999999999756e+01	3.529399999999999693e+01	3.524799999999999756e+01	3.545400000000000063e+01	3.547699999999999676e+01	3.559100000000000108e+01	3.579699999999999704e+01	3.579699999999999704e+01	3.577400000000000091e+01	3.570600000000000307e+01	3.620900000000000318e+01	3.630100000000000193e+01	3.648400000000000176e+01	3.698700000000000188e+01	3.689600000000000080e+01	3.675800000000000267e+01	3.666700000000000159e+01	3.659799999999999898e+01	3.666700000000000159e+01	3.671300000000000097e+01	3.689600000000000080e+01	3.691899999999999693e+01	3.694200000000000017e+01	3.703300000000000125e+01	3.707900000000000063e+01	3.714800000000000324e+01	3.730799999999999983e+01	3.735399999999999920e+01	3.749099999999999966e+01	3.751400000000000290e+01	3.760499999999999687e+01	3.749099999999999966e+01	3.771999999999999886e+01	3.785699999999999932e+01	3.799399999999999977e+01	3.824600000000000222e+01	3.826899999999999835e+01	3.845199999999999818e+01	3.881799999999999784e+01	3.890999999999999659e+01	3.911599999999999966e+01	3.939099999999999824e+01	3.957399999999999807e+01	4.005400000000000205e+01	4.051200000000000045e+01	4.113000000000000256e+01	4.177100000000000080e+01	4.243500000000000227e+01	4.330400000000000205e+01	4.428900000000000148e+01	4.531900000000000261e+01	4.650900000000000034e+01	4.788199999999999790e+01	4.939300000000000068e+01	5.104099999999999682e+01	5.284899999999999665e+01	5.470300000000000296e+01	5.646500000000000341e+01	5.825000000000000000e+01	6.008100000000000307e+01	6.218699999999999761e+01	6.369800000000000040e+01	6.536899999999999977e+01	6.713100000000000023e+01	6.873300000000000409e+01	7.019799999999999329e+01	7.164000000000000057e+01	7.372299999999999898e+01	7.504999999999999716e+01	7.635500000000000398e+01	7.731600000000000250e+01	7.829999999999999716e+01	7.910200000000000387e+01	7.994799999999999329e+01	8.081799999999999784e+01	8.171099999999999852e+01	8.264900000000000091e+01	8.335899999999999466e+01	8.413700000000000045e+01	8.496099999999999852e+01	8.560200000000000387e+01	8.647199999999999420e+01	8.704399999999999693e+01	8.768500000000000227e+01	8.837099999999999511e+01	8.889799999999999613e+01	8.958400000000000318e+01	9.017900000000000205e+01	9.068300000000000693e+01	9.125499999999999545e+01	9.184999999999999432e+01	9.210200000000000387e+01	9.258299999999999841e+01	9.294899999999999807e+01	9.370399999999999352e+01	9.420799999999999841e+01	9.489400000000000546e+01	9.535200000000000387e+01	9.578700000000000614e+01	9.592400000000000659e+01	9.665699999999999648e+01	9.706900000000000261e+01	9.757200000000000273e+01	9.814499999999999602e+01	9.894599999999999795e+01	9.944899999999999807e+01	1.001129999999999995e+02	1.002960000000000065e+02	1.007309999999999945e+02	1.014399999999999977e+02	1.020810000000000031e+02	1.031340000000000003e+02	1.033169999999999931e+02	1.037750000000000057e+02	1.042330000000000041e+02	1.043469999999999942e+02	1.049189999999999969e+02	1.054000000000000057e+02	1.062469999999999999e+02	1.065669999999999931e+02	1.072540000000000049e+02	1.077579999999999956e+02	1.083529999999999944e+02	1.088100000000000023e+02	1.090390000000000015e+02	1.105040000000000049e+02
1.000000000000000000e+00	3.405079999999999814e+02	3.020779999999999745e+02	2.685240000000000009e+02	2.362980000000000018e+02	2.100910000000000082e+02	1.858520000000000039e+02	1.686630000000000109e+02	1.547470000000000141e+02	1.446759999999999877e+02	1.391140000000000043e+02	1.344219999999999970e+02	1.285399999999999920e+02	1.248550000000000040e+02	1.216050000000000040e+02	1.190639999999999930e+02	1.169129999999999967e+02	1.150130000000000052e+02	1.135709999999999980e+02	1.120610000000000070e+02	1.106410000000000053e+02	1.093599999999999994e+02	1.081470000000000056e+02	1.068880000000000052e+02	1.050799999999999983e+02	1.033169999999999931e+02	1.021500000000000057e+02	1.006159999999999997e+02	9.908299999999999841e+01	9.764100000000000534e+01	9.638200000000000500e+01	9.514600000000000080e+01	9.402500000000000568e+01	9.317799999999999727e+01	9.253700000000000614e+01	9.153000000000000114e+01	9.102599999999999625e+01	9.054600000000000648e+01	9.004200000000000159e+01	8.944700000000000273e+01	8.903499999999999659e+01	8.869199999999999307e+01	8.859999999999999432e+01	8.848600000000000421e+01	8.830299999999999727e+01	8.846299999999999386e+01	8.843999999999999773e+01	8.843999999999999773e+01	8.869199999999999307e+01	8.882899999999999352e+01	8.901200000000000045e+01	8.912699999999999534e+01	8.944700000000000273e+01	8.949299999999999500e+01	8.974500000000000455e+01	8.988200000000000500e+01	9.013400000000000034e+01	9.047700000000000387e+01	9.054600000000000648e+01	9.077500000000000568e+01	9.118699999999999761e+01	9.137000000000000455e+01	9.150700000000000500e+01	9.180500000000000682e+01	9.223900000000000432e+01	9.223900000000000432e+01	9.260599999999999454e+01	9.287999999999999545e+01	9.304000000000000625e+01	9.324599999999999511e+01	9.340699999999999648e+01	9.352100000000000080e+01	9.395600000000000307e+01	9.425400000000000489e+01	9.455100000000000193e+01	9.496299999999999386e+01	9.526099999999999568e+01	9.551200000000000045e+01	9.590099999999999625e+01	9.633599999999999852e+01	9.663400000000000034e+01	9.711499999999999488e+01	9.745799999999999841e+01	9.782399999999999807e+01	9.832800000000000296e+01	9.892300000000000182e+01	9.944899999999999807e+01	1.000439999999999969e+02	1.006389999999999958e+02	1.013490000000000038e+02	1.022189999999999941e+02	1.030430000000000064e+02	1.039120000000000061e+02	1.050109999999999957e+02	1.061099999999999994e+02	1.072540000000000049e+02	1.084210000000000065e+02	1.099090000000000060e+02	1.112590000000000003e+02	1.128850000000000051e+02	1.145550000000000068e+02	1.163179999999999978e+02	1.173709999999999951e+02	1.194530000000000030e+02	1.215589999999999975e+02	1.240999999999999943e+02	1.263430000000000035e+02	1.286539999999999964e+02	1.311490000000000009e+02	1.336210000000000093e+02	1.359790000000000134e+02	1.384050000000000011e+02	1.408309999999999889e+02	1.428909999999999911e+02	1.452709999999999866e+02	1.475600000000000023e+02	1.495970000000000084e+02	1.517719999999999914e+02	1.537400000000000091e+02	1.557539999999999907e+02	1.577680000000000007e+02	1.595540000000000020e+02	1.610869999999999891e+02	1.629410000000000025e+02	1.644739999999999895e+02	1.661450000000000102e+02	1.675869999999999891e+02	1.688689999999999998e+02	1.702649999999999864e+02	1.715929999999999893e+02	1.728520000000000039e+02	1.737899999999999920e+02	1.748890000000000100e+02	1.760099999999999909e+02	1.770169999999999959e+02	1.782069999999999936e+02	1.793520000000000039e+02	1.803360000000000127e+02	1.812059999999999889e+02	1.820980000000000132e+02	1.829219999999999970e+02	1.839290000000000020e+02	1.849139999999999873e+02	1.857599999999999909e+02	1.865840000000000032e+02	1.873859999999999957e+02	1.881409999999999911e+02	1.890109999999999957e+02	1.898569999999999993e+02	1.906129999999999995e+02	1.912990000000000066e+02	1.922150000000000034e+02	1.931080000000000041e+02	1.939319999999999879e+02	1.948470000000000084e+02	1.954650000000000034e+02	1.963810000000000002e+02	1.968609999999999900e+02	1.973880000000000052e+02	1.981200000000000045e+02	1.985089999999999861e+02	1.986009999999999991e+02	1.989670000000000130e+02	1.992870000000000061e+02	1.991270000000000095e+02	1.994019999999999868e+02	1.995850000000000080e+02	1.991270000000000095e+02	1.993789999999999907e+02	1.994480000000000075e+02	1.997450000000000045e+02	2.001109999999999900e+02	2.003629999999999995e+02	2.001570000000000107e+02	2.005920000000000130e+02	2.007059999999999889e+02	2.008669999999999902e+02	2.009809999999999945e+02	2.012100000000000080e+02	2.011409999999999911e+02	2.014159999999999968e+02	2.014850000000000136e+02	2.014619999999999891e+02	2.017359999999999900e+02	2.018969999999999914e+02	2.018969999999999914e+02	2.020569999999999879e+02	2.022170000000000130e+02	2.021939999999999884e+02	2.025149999999999864e+02
0.000000000000000000e+00	5.204769999999999754e+02	4.478530000000000086e+02	3.798519999999999754e+02	3.296129999999999995e+02	2.834239999999999782e+02	2.449259999999999877e+02	2.198410000000000082e+02	2.025600000000000023e+02	1.896059999999999945e+02	1.795579999999999927e+02	1.712719999999999914e+02	1.648859999999999957e+02	1.588209999999999980e+02	1.544039999999999964e+02	1.507419999999999902e+02	1.471479999999999961e+02	1.444019999999999868e+02	1.420670000000000073e+02	1.406479999999999961e+02	1.390689999999999884e+02	1.373750000000000000e+02	1.355900000000000034e+02	1.344679999999999893e+02	1.333470000000000084e+02	1.317899999999999920e+02	1.303019999999999925e+02	1.285629999999999882e+02	1.268229999999999933e+02	1.256099999999999994e+02	1.239399999999999977e+02	1.229549999999999983e+02	1.224980000000000047e+02	1.220169999999999959e+02	1.213299999999999983e+02	1.221539999999999964e+02	1.219479999999999933e+02	1.217650000000000006e+02	1.219020000000000010e+02	1.221310000000000002e+02	1.222459999999999951e+02	1.223370000000000033e+02	1.227259999999999991e+02	1.235499999999999972e+02	1.239399999999999977e+02	1.243289999999999935e+02	1.248550000000000040e+02	1.254270000000000067e+02	1.259080000000000013e+02	1.263889999999999958e+02	1.271209999999999951e+02	1.276470000000000056e+02	1.282419999999999902e+02	1.289749999999999943e+02	1.297069999999999936e+02	1.302800000000000011e+02	1.313100000000000023e+02	1.319730000000000132e+02	1.325449999999999875e+02	1.333240000000000123e+02	1.340790000000000077e+02	1.346510000000000105e+02	1.358180000000000121e+02	1.365740000000000123e+02	1.371459999999999866e+02	1.379699999999999989e+02	1.388400000000000034e+02	1.395029999999999859e+02	1.405560000000000116e+02	1.422040000000000077e+02	1.428909999999999911e+02	1.437839999999999918e+02	1.445389999999999873e+02	1.456380000000000052e+02	1.461409999999999911e+02	1.467129999999999939e+02	1.474910000000000139e+02	1.483839999999999861e+02	1.494830000000000041e+02	1.502609999999999957e+02	1.512909999999999968e+02	1.521380000000000052e+02	1.536939999999999884e+02	1.546100000000000136e+02	1.552280000000000086e+02	1.559600000000000080e+02	1.566469999999999914e+02	1.571959999999999980e+02	1.576310000000000002e+02	1.581339999999999861e+02	1.585689999999999884e+02	1.588209999999999980e+02	1.592330000000000041e+02	1.595080000000000098e+02	1.598280000000000030e+02	1.601490000000000009e+02	1.604459999999999980e+02	1.608810000000000002e+02	1.613160000000000025e+02	1.617280000000000086e+02	1.620480000000000018e+02	1.623919999999999959e+02	1.626430000000000007e+02	1.627119999999999891e+02	1.634449999999999932e+02	1.631009999999999991e+02	1.631930000000000121e+02	1.633300000000000125e+02	1.635819999999999936e+02	1.636279999999999859e+02	1.637419999999999902e+02	1.639019999999999868e+02	1.641080000000000041e+02	1.643139999999999930e+02	1.645889999999999986e+02	1.646800000000000068e+02	1.649089999999999918e+02	1.653209999999999980e+02	1.655730000000000075e+02	1.658480000000000132e+02	1.661680000000000064e+02	1.669010000000000105e+02	1.671750000000000114e+02	1.675190000000000055e+02	1.678619999999999948e+02	1.683880000000000052e+02	1.686169999999999902e+02	1.688689999999999998e+02	1.690289999999999964e+02	1.693040000000000020e+02	1.695329999999999870e+02	1.699219999999999970e+02	1.702419999999999902e+02	1.705860000000000127e+02	1.706999999999999886e+02	1.708600000000000136e+02	1.709979999999999905e+02	1.710889999999999986e+02	1.710889999999999986e+02	1.715699999999999932e+02	1.716610000000000014e+02	1.719130000000000109e+02	1.719360000000000070e+02	1.721189999999999998e+02	1.723480000000000132e+02	1.724170000000000016e+02	1.725540000000000020e+02	1.715469999999999970e+02	1.716839999999999975e+02	1.717529999999999859e+02	1.720279999999999916e+02	1.721189999999999998e+02	1.722560000000000002e+02	1.725769999999999982e+02	1.726229999999999905e+02	1.728060000000000116e+02	1.728739999999999952e+02	1.728520000000000039e+02	1.729660000000000082e+02	1.731030000000000086e+02	1.731719999999999970e+02	1.735149999999999864e+02	1.735840000000000032e+02	1.737210000000000036e+02	1.736980000000000075e+02	1.738820000000000050e+02	1.739960000000000093e+02	1.740420000000000016e+02	1.742019999999999982e+02	1.742940000000000111e+02	1.744310000000000116e+02	1.744770000000000039e+02	1.746370000000000005e+02	1.748429999999999893e+02	1.748199999999999932e+02	1.750029999999999859e+02	1.752319999999999993e+02	1.753230000000000075e+02	1.754149999999999920e+02	1.754610000000000127e+02	1.755289999999999964e+02	1.756210000000000093e+02	1.756210000000000093e+02	1.757580000000000098e+02	1.758729999999999905e+02	1.759869999999999948e+02	1.760790000000000077e+02	1.767880000000000109e+02	1.763530000000000086e+02	1.763309999999999889e+02
1.000000000000000000e+00	2.529139999999999873e+02	2.326810000000000116e+02	2.145310000000000059e+02	1.987609999999999957e+02	1.848449999999999989e+02	1.719360000000000070e+02	1.611330000000000098e+02	1.522980000000000018e+02	1.435320000000000107e+02	1.354519999999999982e+02	1.287690000000000055e+02	1.235049999999999955e+02	1.188130000000000024e+02	1.150130000000000052e+02	1.116710000000000065e+02	1.089020000000000010e+02	1.064989999999999952e+02	1.044389999999999930e+02	1.023559999999999945e+02	9.960899999999999466e+01	9.679399999999999693e+01	9.429900000000000659e+01	9.189600000000000080e+01	8.988200000000000500e+01	8.821099999999999852e+01	8.679200000000000159e+01	8.557899999999999352e+01	8.431999999999999318e+01	8.354200000000000159e+01	8.290099999999999625e+01	8.235200000000000387e+01	8.177899999999999636e+01	8.136700000000000443e+01	8.097799999999999443e+01	8.079500000000000171e+01	8.068099999999999739e+01	8.042900000000000205e+01	8.040600000000000591e+01	8.079500000000000171e+01	8.088700000000000045e+01	8.090999999999999659e+01	8.102400000000000091e+01	8.136700000000000443e+01	8.148199999999999932e+01	8.173399999999999466e+01	8.212300000000000466e+01	8.214600000000000080e+01	8.248900000000000432e+01	8.258100000000000307e+01	8.310699999999999932e+01	8.345000000000000284e+01	8.372499999999999432e+01	8.377100000000000080e+01	8.406799999999999784e+01	8.452599999999999625e+01	8.491500000000000625e+01	8.516700000000000159e+01	8.557899999999999352e+01	8.610500000000000398e+01	8.656300000000000239e+01	8.704399999999999693e+01	8.777599999999999625e+01	8.837099999999999511e+01	8.885200000000000387e+01	8.919499999999999318e+01	8.967600000000000193e+01	9.017900000000000205e+01	9.056900000000000261e+01	9.187300000000000466e+01	9.283400000000000318e+01	9.338400000000000034e+01	9.393300000000000693e+01	9.450499999999999545e+01	9.555800000000000693e+01	9.629099999999999682e+01	9.713700000000000045e+01	9.814499999999999602e+01	9.903700000000000614e+01	1.005939999999999941e+02	1.019210000000000065e+02	1.036149999999999949e+02	1.053310000000000031e+02	1.071400000000000006e+02	1.091770000000000067e+02	1.111680000000000064e+02	1.135030000000000001e+02	1.159290000000000020e+02	1.186069999999999993e+02	1.213529999999999944e+02	1.243520000000000039e+02	1.280360000000000014e+02	1.315380000000000109e+02	1.357500000000000000e+02	1.396179999999999950e+02	1.435089999999999861e+02	1.474689999999999941e+02	1.510620000000000118e+02	1.551129999999999995e+02	1.587750000000000057e+02	1.620480000000000018e+02	1.657100000000000080e+02	1.693269999999999982e+02	1.725080000000000098e+02	1.753919999999999959e+02	1.783909999999999911e+02	1.811599999999999966e+02	1.842500000000000000e+02	1.868820000000000050e+02	1.892170000000000130e+02	1.916430000000000007e+02	1.937709999999999866e+02	1.958079999999999927e+02	1.990589999999999975e+02	2.010039999999999907e+02	2.028120000000000118e+02	2.045749999999999886e+02	2.077330000000000041e+02	2.097019999999999982e+02	2.111659999999999968e+02	2.144619999999999891e+02	2.162019999999999982e+02	2.179410000000000025e+02	2.196579999999999870e+02	2.213750000000000000e+02	2.224960000000000093e+02	2.239840000000000089e+02	2.254490000000000123e+02	2.279209999999999923e+02	2.297520000000000095e+02	2.307589999999999861e+02	2.324070000000000107e+02	2.336430000000000007e+02	2.347410000000000139e+02	2.362980000000000018e+02	2.375339999999999918e+02	2.389530000000000030e+02	2.402110000000000127e+02	2.417450000000000045e+02	2.430500000000000114e+02	2.442170000000000130e+02	2.455440000000000111e+02	2.467350000000000136e+02	2.479710000000000036e+02	2.492069999999999936e+02	2.503509999999999991e+02	2.515869999999999891e+02	2.527079999999999984e+02	2.538069999999999879e+02	2.548369999999999891e+02	2.559809999999999945e+02	2.569889999999999759e+02	2.582930000000000064e+02	2.592320000000000277e+02	2.603299999999999841e+02	2.613600000000000136e+02	2.622989999999999782e+02	2.632139999999999986e+02	2.640840000000000032e+02	2.649769999999999754e+02	2.657780000000000200e+02	2.671050000000000182e+02	2.677919999999999732e+02	2.688450000000000273e+02	2.694850000000000136e+02	2.705149999999999864e+02	2.715000000000000000e+02	2.715000000000000000e+02	2.723240000000000123e+02	2.722090000000000032e+02	2.722090000000000032e+02	2.724610000000000127e+02	2.727810000000000059e+02	2.725299999999999727e+02	2.723919999999999959e+02	2.723240000000000123e+02	2.710880000000000223e+02	2.725749999999999886e+02	2.725749999999999886e+02	2.720950000000000273e+02	2.725520000000000209e+02	2.721410000000000196e+02	2.719350000000000023e+02	2.720950000000000273e+02	2.725299999999999727e+02	2.713389999999999986e+02	2.724379999999999882e+02	2.720950000000000273e+02	2.725070000000000050e+02	2.719350000000000023e+02
0.000000000000000000e+00	1.117169999999999987e+02	1.032710000000000008e+02	9.546699999999999875e+01	8.882899999999999352e+01	8.221399999999999864e+01	7.617199999999999704e+01	7.198300000000000409e+01	6.751999999999999602e+01	6.424699999999999989e+01	6.209599999999999653e+01	6.067699999999999960e+01	5.864000000000000057e+01	5.777000000000000313e+01	5.646500000000000341e+01	5.552700000000000102e+01	5.447399999999999665e+01	5.358100000000000307e+01	5.255100000000000193e+01	5.207099999999999795e+01	5.133800000000000097e+01	5.049099999999999966e+01	4.998799999999999955e+01	4.936999999999999744e+01	4.884300000000000352e+01	4.836299999999999955e+01	4.799699999999999989e+01	4.772200000000000131e+01	4.726400000000000290e+01	4.696699999999999875e+01	4.689800000000000324e+01	4.653199999999999648e+01	4.643999999999999773e+01	4.611999999999999744e+01	4.595900000000000318e+01	4.577600000000000335e+01	4.579899999999999949e+01	4.557000000000000028e+01	4.561599999999999966e+01	4.540999999999999659e+01	4.522699999999999676e+01	4.497500000000000142e+01	4.488400000000000034e+01	4.474600000000000222e+01	4.481499999999999773e+01	4.479200000000000159e+01	4.463199999999999790e+01	4.465500000000000114e+01	4.458599999999999852e+01	4.453999999999999915e+01	4.449499999999999744e+01	4.456300000000000239e+01	4.442600000000000193e+01	4.456300000000000239e+01	4.447200000000000131e+01	4.467799999999999727e+01	4.451800000000000068e+01	4.465500000000000114e+01	4.474600000000000222e+01	4.490699999999999648e+01	4.497500000000000142e+01	4.506700000000000017e+01	4.499799999999999756e+01	4.513499999999999801e+01	4.513499999999999801e+01	4.504399999999999693e+01	4.499799999999999756e+01	4.479200000000000159e+01	4.476899999999999835e+01	4.481499999999999773e+01	4.520400000000000063e+01	4.518099999999999739e+01	4.513499999999999801e+01	4.513499999999999801e+01	4.525000000000000000e+01	4.550200000000000244e+01	4.540999999999999659e+01	4.559300000000000352e+01	4.559300000000000352e+01	4.573100000000000165e+01	4.561599999999999966e+01	4.554699999999999704e+01	4.566199999999999903e+01	4.577600000000000335e+01	4.582200000000000273e+01	4.563900000000000290e+01	4.566199999999999903e+01	4.557000000000000028e+01	4.559300000000000352e+01	4.570799999999999841e+01	4.584499999999999886e+01	4.561599999999999966e+01	4.557000000000000028e+01	4.584499999999999886e+01	4.589099999999999824e+01	4.582200000000000273e+01	4.554699999999999704e+01	4.593699999999999761e+01	4.607399999999999807e+01	4.591400000000000148e+01	4.586800000000000210e+01	4.586800000000000210e+01	4.616499999999999915e+01	4.602799999999999869e+01	4.598199999999999932e+01	4.589099999999999824e+01	4.593699999999999761e+01	4.582200000000000273e+01	4.593699999999999761e+01	4.655499999999999972e+01	4.639399999999999835e+01	4.628000000000000114e+01	4.742399999999999949e+01	4.744700000000000273e+01	4.721800000000000352e+01	4.746999999999999886e+01	4.744700000000000273e+01	4.769899999999999807e+01	4.753900000000000148e+01	4.774499999999999744e+01	4.769899999999999807e+01	4.785900000000000176e+01	4.776800000000000068e+01	4.790500000000000114e+01	4.788199999999999790e+01	4.783599999999999852e+01	4.788199999999999790e+01	4.792799999999999727e+01	4.792799999999999727e+01	4.799699999999999989e+01	4.788199999999999790e+01	4.801899999999999835e+01	4.797399999999999665e+01	4.806499999999999773e+01	4.829399999999999693e+01	4.829399999999999693e+01	4.930100000000000193e+01	4.930100000000000193e+01	4.941599999999999682e+01	4.936999999999999744e+01	4.932399999999999807e+01	4.934700000000000131e+01	4.925500000000000256e+01	4.939300000000000068e+01	4.930100000000000193e+01	4.936999999999999744e+01	4.934700000000000131e+01	4.932399999999999807e+01	4.946099999999999852e+01	4.943800000000000239e+01	4.932399999999999807e+01	4.943800000000000239e+01	4.959899999999999665e+01	4.964399999999999835e+01	4.975900000000000034e+01	4.985000000000000142e+01	4.978199999999999648e+01	4.980499999999999972e+01	4.987299999999999756e+01	4.987299999999999756e+01	4.987299999999999756e+01	5.005599999999999739e+01	5.007900000000000063e+01	5.005599999999999739e+01	5.012500000000000000e+01	5.037700000000000244e+01	5.039999999999999858e+01	5.035399999999999920e+01	5.042300000000000182e+01	5.042300000000000182e+01	5.056000000000000227e+01	5.051400000000000290e+01	5.056000000000000227e+01	5.065200000000000102e+01	5.069700000000000273e+01	5.067399999999999949e+01	5.071999999999999886e+01	5.069700000000000273e+01	5.085799999999999699e+01	5.088000000000000256e+01	5.088000000000000256e+01	5.101800000000000068e+01	5.110900000000000176e+01	5.108599999999999852e+01	5.122399999999999665e+01	5.127000000000000313e+01	5.131499999999999773e+01	5.138400000000000034e+01	5.149799999999999756e+01	5.161299999999999955e+01
1.000000000000000000e+00	5.191040000000000418e+02	4.655910000000000082e+02	4.144130000000000109e+02	3.713840000000000146e+02	3.330690000000000168e+02	2.989649999999999750e+02	2.706759999999999877e+02	2.469639999999999986e+02	2.270740000000000123e+02	2.095639999999999930e+02	1.966550000000000011e+02	1.855769999999999982e+02	1.793060000000000116e+02	1.693269999999999982e+02	1.576539999999999964e+02	1.482470000000000141e+02	1.390229999999999961e+02	1.296390000000000100e+02	1.213760000000000048e+02	1.167759999999999962e+02	1.116029999999999944e+02	1.083760000000000048e+02	1.048050000000000068e+02	1.026080000000000041e+02	1.015319999999999965e+02	9.940300000000000580e+01	9.754900000000000659e+01	9.741200000000000614e+01	9.583299999999999841e+01	9.478000000000000114e+01	9.393300000000000693e+01	9.304000000000000625e+01	9.125499999999999545e+01	9.107200000000000273e+01	9.047700000000000387e+01	9.001900000000000546e+01	9.008799999999999386e+01	8.919499999999999318e+01	8.892100000000000648e+01	8.855400000000000205e+01	8.931000000000000227e+01	8.866899999999999693e+01	8.763899999999999579e+01	8.731799999999999784e+01	8.802800000000000580e+01	8.722700000000000387e+01	8.734099999999999397e+01	8.601399999999999579e+01	8.599099999999999966e+01	8.736400000000000432e+01	8.779900000000000659e+01	8.761599999999999966e+01	8.686100000000000421e+01	8.633400000000000318e+01	8.686100000000000421e+01	8.656300000000000239e+01	8.640300000000000580e+01	8.596800000000000352e+01	8.626600000000000534e+01	8.642600000000000193e+01	8.663200000000000500e+01	8.839400000000000546e+01	8.784499999999999886e+01	8.828000000000000114e+01	8.747899999999999920e+01	8.658599999999999852e+01	8.743300000000000693e+01	8.837099999999999511e+01	8.926399999999999579e+01	8.985899999999999466e+01	8.933299999999999841e+01	8.908100000000000307e+01	9.450499999999999545e+01	9.349800000000000466e+01	9.338400000000000034e+01	9.432200000000000273e+01	9.299500000000000455e+01	9.395600000000000307e+01	9.278900000000000148e+01	9.137000000000000455e+01	9.212500000000000000e+01	9.301800000000000068e+01	9.212500000000000000e+01	9.237699999999999534e+01	9.223900000000000432e+01	9.333799999999999386e+01	9.166700000000000159e+01	9.269700000000000273e+01	9.336100000000000421e+01	9.361299999999999955e+01	9.443699999999999761e+01	9.528400000000000603e+01	9.471099999999999852e+01	9.610699999999999932e+01	9.661100000000000421e+01	9.846500000000000341e+01	1.034549999999999983e+02	1.025619999999999976e+02	1.035919999999999987e+02	1.046910000000000025e+02	1.041640000000000015e+02	1.047590000000000003e+02	1.055150000000000006e+02	1.081239999999999952e+02	1.079639999999999986e+02	1.112819999999999965e+02	1.131820000000000022e+02	1.158139999999999930e+02	1.172560000000000002e+02	1.186290000000000049e+02	1.254270000000000067e+02	1.279219999999999970e+02	1.299360000000000070e+02	1.324770000000000039e+02	1.422500000000000000e+02	1.441959999999999980e+02	1.501920000000000073e+02	1.534650000000000034e+02	1.560970000000000084e+02	1.596910000000000025e+02	1.625749999999999886e+02	1.650469999999999970e+02	1.673810000000000002e+02	1.697160000000000082e+02	1.714550000000000125e+02	1.734470000000000027e+02	1.741790000000000020e+02	1.766510000000000105e+02	1.799929999999999950e+02	1.808170000000000073e+02	1.819840000000000089e+02	1.828540000000000134e+02	1.839519999999999982e+02	1.849590000000000032e+02	1.858520000000000039e+02	1.865389999999999873e+02	1.876140000000000043e+02	1.881409999999999911e+02	1.874310000000000116e+02	1.886220000000000141e+02	1.888499999999999943e+02	1.897889999999999873e+02	1.910709999999999980e+02	1.947779999999999916e+02	1.940229999999999961e+02	1.947560000000000002e+02	1.954420000000000073e+02	1.960829999999999984e+02	1.965409999999999968e+02	1.968149999999999977e+02	1.969989999999999952e+02	1.974559999999999889e+02	1.977539999999999907e+02	1.983489999999999895e+02	1.991500000000000057e+02	1.996539999999999964e+02	2.011179999999999950e+02	2.016450000000000102e+02	2.020109999999999957e+02	2.021030000000000086e+02	2.023540000000000134e+02	2.026980000000000075e+02	2.032470000000000141e+02	2.033619999999999948e+02	2.046889999999999930e+02	2.047810000000000059e+02	2.047810000000000059e+02	2.054209999999999923e+02	2.059480000000000075e+02	2.048029999999999973e+02	2.053990000000000009e+02	2.056730000000000018e+02	2.059710000000000036e+02	2.064060000000000059e+02	2.069319999999999879e+02	2.069780000000000086e+02	2.070689999999999884e+02	2.075960000000000036e+02	2.082139999999999986e+02	2.089459999999999980e+02	2.110289999999999964e+02	2.107090000000000032e+02	2.105029999999999859e+02	2.100910000000000082e+02	2.098389999999999986e+02	2.102510000000000048e+02	2.097019999999999982e+02	2.100680000000000121e+02	2.103650000000000091e+02
1.000000000000000000e+00	3.039549999999999841e+02	2.837909999999999968e+02	2.644499999999999886e+02	2.465060000000000002e+02	2.300949999999999989e+02	2.154919999999999902e+02	2.015300000000000011e+02	1.905900000000000034e+02	1.800159999999999911e+02	1.719590000000000032e+02	1.661910000000000025e+02	1.610869999999999891e+02	1.564869999999999948e+02	1.533050000000000068e+02	1.498029999999999973e+02	1.477199999999999989e+02	1.457520000000000095e+02	1.435999999999999943e+02	1.419070000000000107e+02	1.402820000000000107e+02	1.387709999999999866e+02	1.376040000000000134e+02	1.364360000000000070e+02	1.354519999999999982e+02	1.344910000000000139e+02	1.337129999999999939e+02	1.330260000000000105e+02	1.325680000000000121e+02	1.321330000000000098e+02	1.318360000000000127e+02	1.315159999999999911e+02	1.311490000000000009e+02	1.308520000000000039e+02	1.305540000000000020e+02	1.304170000000000016e+02	1.303019999999999925e+02	1.304399999999999977e+02	1.302800000000000011e+02	1.303249999999999886e+02	1.303710000000000093e+02	1.303019999999999925e+02	1.303940000000000055e+02	1.303940000000000055e+02	1.305310000000000059e+02	1.306229999999999905e+02	1.307139999999999986e+02	1.308520000000000039e+02	1.309660000000000082e+02	1.310120000000000005e+02	1.311490000000000009e+02	1.313100000000000023e+02	1.313779999999999859e+02	1.315380000000000109e+02	1.316299999999999955e+02	1.315840000000000032e+02	1.317899999999999920e+02	1.319269999999999925e+02	1.320420000000000016e+02	1.321560000000000059e+02	1.322709999999999866e+02	1.323849999999999909e+02	1.324770000000000039e+02	1.326140000000000043e+02	1.328199999999999932e+02	1.326599999999999966e+02	1.327059999999999889e+02	1.324540000000000077e+02	1.324540000000000077e+02	1.325680000000000121e+02	1.327290000000000134e+02	1.327290000000000134e+02	1.330029999999999859e+02	1.331179999999999950e+02	1.331630000000000109e+02	1.332319999999999993e+02	1.332779999999999916e+02	1.334610000000000127e+02	1.335529999999999973e+02	1.336210000000000093e+02	1.336899999999999977e+02	1.337589999999999861e+02	1.338499999999999943e+02	1.339190000000000111e+02	1.339420000000000073e+02	1.340099999999999909e+02	1.340790000000000077e+02	1.341479999999999961e+02	1.343540000000000134e+02	1.344679999999999893e+02	1.343990000000000009e+02	1.345370000000000061e+02	1.343079999999999927e+02	1.346740000000000066e+02	1.346970000000000027e+02	1.347659999999999911e+02	1.348340000000000032e+02	1.348799999999999955e+02	1.349259999999999877e+02	1.349950000000000045e+02	1.350399999999999920e+02	1.351779999999999973e+02	1.353839999999999861e+02	1.354749999999999943e+02	1.357270000000000039e+02	1.358870000000000005e+02	1.361160000000000139e+02	1.363679999999999950e+02	1.366649999999999920e+02	1.369859999999999900e+02	1.373290000000000077e+02	1.376500000000000057e+02	1.381759999999999877e+02	1.387479999999999905e+02	1.392750000000000057e+02	1.399379999999999882e+02	1.406479999999999961e+02	1.414720000000000084e+02	1.424329999999999927e+02	1.435999999999999943e+02	1.448139999999999930e+02	1.458439999999999941e+02	1.475829999999999984e+02	1.494370000000000118e+02	1.510389999999999873e+02	1.532139999999999986e+02	1.558230000000000075e+02	1.584780000000000086e+02	1.617280000000000086e+02	1.657789999999999964e+02	1.692350000000000136e+02	1.733319999999999936e+02	1.777500000000000000e+02	1.822359999999999900e+02	1.868360000000000127e+02	1.916200000000000045e+02	1.960370000000000061e+02	2.006610000000000014e+02	2.050550000000000068e+02	2.091750000000000114e+02	2.131810000000000116e+02	2.169569999999999936e+02	2.203449999999999989e+02	2.236630000000000109e+02	2.266850000000000023e+02	2.293619999999999948e+02	2.321320000000000050e+02	2.343750000000000000e+02	2.365949999999999989e+02	2.384259999999999877e+02	2.402110000000000127e+02	2.420879999999999939e+02	2.435759999999999934e+02	2.502820000000000107e+02	2.515409999999999968e+02	2.526169999999999902e+02	2.537379999999999995e+02	2.546080000000000041e+02	2.556380000000000052e+02	2.563709999999999809e+02	2.571259999999999764e+02	2.586589999999999918e+02	2.591859999999999786e+02	2.597810000000000059e+02	2.603530000000000086e+02	2.609479999999999791e+02	2.613829999999999814e+02	2.618639999999999759e+02	2.626419999999999959e+02	2.633509999999999991e+02	2.636030000000000086e+02	2.638779999999999859e+02	2.641750000000000114e+02	2.646329999999999814e+02	2.650219999999999914e+02	2.653199999999999932e+02	2.655489999999999782e+02	2.657780000000000200e+02	2.660749999999999886e+02	2.663960000000000150e+02	2.668990000000000009e+02	2.670590000000000259e+02	2.672880000000000109e+02	2.674479999999999791e+02	2.676539999999999964e+02	2.678380000000000223e+02	2.679289999999999736e+02	2.681580000000000155e+02	2.682950000000000159e+02	2.684560000000000173e+02
0.000000000000000000e+00	1.457059999999999889e+02	1.353609999999999900e+02	1.258160000000000025e+02	1.171880000000000024e+02	1.083760000000000048e+02	1.010739999999999981e+02	9.473399999999999466e+01	9.008799999999999386e+01	8.548699999999999477e+01	8.102400000000000091e+01	7.740800000000000125e+01	7.440900000000000603e+01	7.186899999999999977e+01	6.971699999999999875e+01	6.784099999999999397e+01	6.628400000000000603e+01	6.491100000000000136e+01	6.351500000000000057e+01	6.209599999999999653e+01	6.097399999999999665e+01	5.955499999999999972e+01	5.850200000000000244e+01	5.740400000000000347e+01	5.632800000000000296e+01	5.543500000000000227e+01	5.449699999999999989e+01	5.337500000000000000e+01	5.234499999999999886e+01	5.108599999999999852e+01	5.003399999999999892e+01	4.927799999999999869e+01	4.856900000000000261e+01	4.792799999999999727e+01	4.731000000000000227e+01	4.682900000000000063e+01	4.641700000000000159e+01	4.607399999999999807e+01	4.563900000000000290e+01	4.540999999999999659e+01	4.513499999999999801e+01	4.490699999999999648e+01	4.453999999999999915e+01	4.440299999999999869e+01	4.412800000000000011e+01	4.376200000000000045e+01	4.392199999999999704e+01	4.383100000000000307e+01	4.360199999999999676e+01	4.339600000000000080e+01	4.330400000000000205e+01	4.316700000000000159e+01	4.289200000000000301e+01	4.275500000000000256e+01	4.266400000000000148e+01	4.245799999999999841e+01	4.241199999999999903e+01	4.232000000000000028e+01	4.227400000000000091e+01	4.243500000000000227e+01	4.234300000000000352e+01	4.222899999999999920e+01	4.220600000000000307e+01	4.213700000000000045e+01	4.211399999999999721e+01	4.209100000000000108e+01	4.204599999999999937e+01	4.204599999999999937e+01	4.202300000000000324e+01	4.236599999999999966e+01	4.234300000000000352e+01	4.257200000000000273e+01	4.257200000000000273e+01	4.250300000000000011e+01	4.243500000000000227e+01	4.254899999999999949e+01	4.245799999999999841e+01	4.238900000000000290e+01	4.291499999999999915e+01	4.303000000000000114e+01	4.280100000000000193e+01	4.275500000000000256e+01	4.289200000000000301e+01	4.273199999999999932e+01	4.289200000000000301e+01	4.291499999999999915e+01	4.296099999999999852e+01	4.348799999999999955e+01	4.309799999999999898e+01	4.316700000000000159e+01	4.339600000000000080e+01	4.392199999999999704e+01	4.383100000000000307e+01	4.417399999999999949e+01	4.410600000000000165e+01	4.438000000000000256e+01	4.458599999999999852e+01	4.451800000000000068e+01	4.451800000000000068e+01	4.479200000000000159e+01	4.444899999999999807e+01	4.465500000000000114e+01	4.472399999999999665e+01	4.463199999999999790e+01	4.476899999999999835e+01	4.479200000000000159e+01	4.483800000000000097e+01	4.495199999999999818e+01	4.509000000000000341e+01	4.522699999999999676e+01	4.525000000000000000e+01	4.525000000000000000e+01	4.545600000000000307e+01	4.545600000000000307e+01	4.575300000000000011e+01	4.591400000000000148e+01	4.591400000000000148e+01	4.586800000000000210e+01	4.618800000000000239e+01	4.630299999999999727e+01	4.641700000000000159e+01	4.632600000000000051e+01	4.669200000000000017e+01	4.673799999999999955e+01	4.685199999999999676e+01	4.678300000000000125e+01	4.685199999999999676e+01	4.692099999999999937e+01	4.721800000000000352e+01	4.717300000000000182e+01	4.714999999999999858e+01	4.776800000000000068e+01	4.769899999999999807e+01	4.776800000000000068e+01	4.774499999999999744e+01	4.806499999999999773e+01	4.843099999999999739e+01	4.836299999999999955e+01	5.076599999999999824e+01	5.056000000000000227e+01	5.046800000000000352e+01	5.035399999999999920e+01	5.042300000000000182e+01	5.042300000000000182e+01	5.078900000000000148e+01	5.074300000000000210e+01	5.083500000000000085e+01	5.074300000000000210e+01	5.071999999999999886e+01	5.060600000000000165e+01	5.069700000000000273e+01	5.094899999999999807e+01	5.090299999999999869e+01	5.085799999999999699e+01	5.092600000000000193e+01	5.106400000000000006e+01	5.113199999999999790e+01	5.097200000000000131e+01	5.124699999999999989e+01	5.115500000000000114e+01	5.113199999999999790e+01	5.127000000000000313e+01	5.117799999999999727e+01	5.124699999999999989e+01	5.124699999999999989e+01	5.124699999999999989e+01	5.131499999999999773e+01	5.142999999999999972e+01	5.142999999999999972e+01	5.145300000000000296e+01	5.138400000000000034e+01	5.140699999999999648e+01	5.140699999999999648e+01	5.142999999999999972e+01	5.142999999999999972e+01	5.145300000000000296e+01	5.152100000000000080e+01	5.154399999999999693e+01	5.142999999999999972e+01	5.154399999999999693e+01	5.142999999999999972e+01	5.140699999999999648e+01	5.140699999999999648e+01	5.168200000000000216e+01	5.200200000000000244e+01	5.202499999999999858e+01	5.195600000000000307e+01	5.193299999999999983e+01	5.207099999999999795e+01	5.207099999999999795e+01
0.000000000000000000e+00	1.877520000000000095e+02	1.723940000000000055e+02	1.586610000000000014e+02	1.469190000000000111e+02	1.366419999999999959e+02	1.277159999999999940e+02	1.194300000000000068e+02	1.142120000000000033e+02	1.086730000000000018e+02	1.043239999999999981e+02	1.010739999999999981e+02	9.782399999999999807e+01	9.537500000000000000e+01	9.333799999999999386e+01	9.127800000000000580e+01	8.990500000000000114e+01	8.864600000000000080e+01	8.777599999999999625e+01	8.658599999999999852e+01	8.596800000000000352e+01	8.534999999999999432e+01	8.477800000000000580e+01	8.477800000000000580e+01	8.425100000000000477e+01	8.377100000000000080e+01	8.335899999999999466e+01	8.253499999999999659e+01	8.159600000000000364e+01	8.070399999999999352e+01	7.992600000000000193e+01	7.901000000000000512e+01	7.834600000000000364e+01	7.784300000000000352e+01	7.727100000000000080e+01	7.692700000000000671e+01	7.656100000000000705e+01	7.612600000000000477e+01	7.587399999999999523e+01	7.550799999999999557e+01	7.523300000000000409e+01	7.502700000000000102e+01	7.477599999999999625e+01	7.466100000000000136e+01	7.456999999999999318e+01	7.452400000000000091e+01	7.443200000000000216e+01	7.443200000000000216e+01	7.436400000000000432e+01	7.440900000000000603e+01	7.456999999999999318e+01	7.454699999999999704e+01	7.454699999999999704e+01	7.468399999999999750e+01	7.477599999999999625e+01	7.491299999999999670e+01	7.504999999999999716e+01	7.518800000000000239e+01	7.532500000000000284e+01	7.548499999999999943e+01	7.573699999999999477e+01	7.587399999999999523e+01	7.621800000000000352e+01	7.633199999999999363e+01	7.662999999999999545e+01	7.695000000000000284e+01	7.708700000000000330e+01	7.729300000000000637e+01	7.756799999999999784e+01	7.786599999999999966e+01	7.809399999999999409e+01	7.841500000000000625e+01	7.852899999999999636e+01	7.889600000000000080e+01	7.914700000000000557e+01	7.942199999999999704e+01	7.962800000000000011e+01	7.985699999999999932e+01	8.015399999999999636e+01	8.040600000000000591e+01	8.068099999999999739e+01	8.090999999999999659e+01	8.118399999999999750e+01	8.143600000000000705e+01	8.164199999999999591e+01	8.187099999999999511e+01	8.221399999999999864e+01	8.255800000000000693e+01	8.264900000000000091e+01	8.290099999999999625e+01	8.308400000000000318e+01	8.331300000000000239e+01	8.411400000000000432e+01	8.422899999999999920e+01	8.441200000000000614e+01	8.464000000000000057e+01	8.484600000000000364e+01	8.507500000000000284e+01	8.537300000000000466e+01	8.560200000000000387e+01	8.578499999999999659e+01	8.606000000000000227e+01	8.631100000000000705e+01	8.654000000000000625e+01	8.681499999999999773e+01	8.713500000000000512e+01	8.736400000000000432e+01	8.766200000000000614e+01	8.791400000000000148e+01	8.814199999999999591e+01	8.850900000000000034e+01	8.873699999999999477e+01	8.903499999999999659e+01	8.933299999999999841e+01	8.958400000000000318e+01	8.976699999999999591e+01	9.011100000000000421e+01	9.036299999999999955e+01	9.059099999999999397e+01	9.084300000000000352e+01	9.109499999999999886e+01	9.127800000000000580e+01	9.155299999999999727e+01	9.180400000000000205e+01	9.201000000000000512e+01	9.223900000000000432e+01	9.242199999999999704e+01	9.260599999999999454e+01	9.285699999999999932e+01	9.290300000000000580e+01	9.292600000000000193e+01	9.313200000000000500e+01	9.317799999999999727e+01	9.317799999999999727e+01	9.390999999999999659e+01	9.393300000000000693e+01	9.395600000000000307e+01	9.393300000000000693e+01	9.397899999999999920e+01	9.409300000000000352e+01	9.404800000000000182e+01	9.411599999999999966e+01	9.404800000000000182e+01	9.406999999999999318e+01	9.402500000000000568e+01	9.402500000000000568e+01	9.406999999999999318e+01	9.418500000000000227e+01	9.411599999999999966e+01	9.418500000000000227e+01	9.423099999999999454e+01	9.411599999999999966e+01	9.423099999999999454e+01	9.420799999999999841e+01	9.406999999999999318e+01	9.413899999999999579e+01	9.416200000000000614e+01	9.406999999999999318e+01	9.411599999999999966e+01	9.416200000000000614e+01	9.402500000000000568e+01	9.404800000000000182e+01	9.411599999999999966e+01	9.404800000000000182e+01	9.432200000000000273e+01	9.429900000000000659e+01	9.420799999999999841e+01	9.425400000000000489e+01	9.423099999999999454e+01	9.418500000000000227e+01	9.429900000000000659e+01	9.418500000000000227e+01	9.464300000000000068e+01	9.450499999999999545e+01	9.439100000000000534e+01	9.439100000000000534e+01	9.434499999999999886e+01	9.439100000000000534e+01	9.429900000000000659e+01	9.434499999999999886e+01	9.434499999999999886e+01	9.423099999999999454e+01	9.445999999999999375e+01	9.443699999999999761e+01	9.439100000000000534e+01	9.443699999999999761e+01	9.436799999999999500e+01	9.432200000000000273e+01	9.441400000000000148e+01	9.434499999999999886e+01
1.000000000000000000e+00	2.261119999999999948e+02	2.069780000000000086e+02	1.899259999999999877e+02	1.749799999999999898e+02	1.620939999999999941e+02	1.528700000000000045e+02	1.438290000000000077e+02	1.343079999999999927e+02	1.270979999999999990e+02	1.212390000000000043e+02	1.186979999999999933e+02	1.157229999999999990e+02	1.144410000000000025e+02	1.120829999999999984e+02	1.102980000000000018e+02	1.084669999999999987e+02	1.069339999999999975e+02	1.048050000000000068e+02	1.023559999999999945e+02	9.997599999999999909e+01	9.784699999999999420e+01	9.583299999999999841e+01	9.445999999999999375e+01	9.299500000000000455e+01	9.175900000000000034e+01	9.065999999999999659e+01	8.976699999999999591e+01	8.905800000000000693e+01	8.857699999999999818e+01	8.828000000000000114e+01	8.805100000000000193e+01	8.777599999999999625e+01	8.761599999999999966e+01	8.756999999999999318e+01	8.768500000000000227e+01	8.770799999999999841e+01	8.773000000000000398e+01	8.784499999999999886e+01	8.802800000000000580e+01	8.814199999999999591e+01	8.832599999999999341e+01	8.855400000000000205e+01	8.866899999999999693e+01	8.880599999999999739e+01	8.908100000000000307e+01	8.940099999999999625e+01	8.956100000000000705e+01	8.985899999999999466e+01	9.013400000000000034e+01	9.047700000000000387e+01	9.072899999999999920e+01	9.079699999999999704e+01	9.157599999999999341e+01	9.191899999999999693e+01	9.221599999999999397e+01	9.235399999999999920e+01	9.294899999999999807e+01	9.345199999999999818e+01	9.372700000000000387e+01	9.425400000000000489e+01	9.452800000000000580e+01	9.505500000000000682e+01	9.553499999999999659e+01	9.596999999999999886e+01	9.633599999999999852e+01	9.681699999999999307e+01	9.732099999999999795e+01	9.787000000000000455e+01	9.841899999999999693e+01	9.901399999999999579e+01	9.954099999999999682e+01	1.001820000000000022e+02	1.008220000000000027e+02	1.015090000000000003e+02	1.024249999999999972e+02	1.032489999999999952e+02	1.041179999999999950e+02	1.051940000000000026e+02	1.062469999999999999e+02	1.073910000000000053e+02	1.086959999999999980e+02	1.101149999999999949e+02	1.115570000000000022e+02	1.132740000000000009e+02	1.151280000000000001e+02	1.171419999999999959e+02	1.194530000000000030e+02	1.219249999999999972e+02	1.247180000000000035e+02	1.277849999999999966e+02	1.311260000000000048e+02	1.347889999999999873e+02	1.386800000000000068e+02	1.428220000000000027e+02	1.470790000000000077e+02	1.513820000000000050e+02	1.557079999999999984e+02	1.602400000000000091e+02	1.648859999999999957e+02	1.694180000000000064e+02	1.740190000000000055e+02	1.784130000000000109e+02	1.825790000000000077e+02	1.866990000000000123e+02	1.907959999999999923e+02	1.946179999999999950e+02	1.983720000000000141e+02	2.021260000000000048e+02	2.056500000000000057e+02	2.084660000000000082e+02	2.107769999999999868e+02	2.132719999999999914e+02	2.146910000000000025e+02	2.167280000000000086e+02	2.183990000000000009e+02	2.202529999999999859e+02	2.217860000000000014e+02	2.230910000000000082e+02	2.241670000000000016e+02	2.255169999999999959e+02	2.265699999999999932e+02	2.274859999999999900e+02	2.284699999999999989e+02	2.294079999999999870e+02	2.300949999999999989e+02	2.307589999999999861e+02	2.313540000000000134e+02	2.321779999999999973e+02	2.326810000000000116e+02	2.332079999999999984e+02	2.337110000000000127e+02	2.342609999999999957e+02	2.345579999999999927e+02	2.349929999999999950e+02	2.353820000000000050e+02	2.358170000000000073e+02	2.362290000000000134e+02	2.365949999999999989e+02	2.369159999999999968e+02	2.373499999999999943e+02	2.376479999999999961e+02	2.378540000000000134e+02	2.381970000000000027e+02	2.385180000000000007e+02	2.386320000000000050e+02	2.390440000000000111e+02	2.390440000000000111e+02	2.394559999999999889e+02	2.394790000000000134e+02	2.396390000000000100e+02	2.397769999999999868e+02	2.403720000000000141e+02	2.405550000000000068e+02	2.406229999999999905e+02	2.411730000000000018e+02	2.408290000000000077e+02	2.411040000000000134e+02	2.414250000000000114e+02	2.419050000000000011e+02	2.417220000000000084e+02	2.422030000000000030e+02	2.418139999999999930e+02	2.419279999999999973e+02	2.419279999999999973e+02	2.419970000000000141e+02	2.422489999999999952e+02	2.418369999999999891e+02	2.417909999999999968e+02	2.416080000000000041e+02	2.414250000000000114e+02	2.412410000000000139e+02	2.410579999999999927e+02	2.407609999999999957e+02	2.405089999999999861e+02	2.402800000000000011e+02	2.402110000000000127e+02	2.400740000000000123e+02	2.400509999999999877e+02	2.398909999999999911e+02	2.398220000000000027e+02	2.397079999999999984e+02	2.395709999999999980e+02	2.395709999999999980e+02	2.395250000000000057e+02	2.393880000000000052e+02	2.393189999999999884e+02	2.392500000000000000e+02	2.391819999999999879e+02	2.393880000000000052e+02
1.000000000000000000e+00	3.038639999999999759e+02	2.805400000000000205e+02	2.586820000000000164e+02	2.399830000000000041e+02	2.206649999999999920e+02	2.040020000000000095e+02	1.891250000000000000e+02	1.754610000000000127e+02	1.649780000000000086e+02	1.564180000000000064e+02	1.498489999999999895e+02	1.443329999999999984e+02	1.402129999999999939e+02	1.350629999999999882e+02	1.305080000000000098e+02	1.244659999999999940e+02	1.189270000000000067e+02	1.161350000000000051e+02	1.144410000000000025e+02	1.104579999999999984e+02	1.073679999999999950e+02	1.046910000000000025e+02	1.020360000000000014e+02	9.942600000000000193e+01	9.924299999999999500e+01	9.835099999999999909e+01	9.677100000000000080e+01	9.674800000000000466e+01	9.377299999999999613e+01	9.283400000000000318e+01	9.146099999999999852e+01	9.047700000000000387e+01	8.946999999999999886e+01	8.914900000000000091e+01	8.848600000000000421e+01	8.773000000000000398e+01	8.740999999999999659e+01	8.702100000000000080e+01	8.683799999999999386e+01	8.647199999999999420e+01	8.594499999999999318e+01	8.516700000000000159e+01	8.525799999999999557e+01	8.452599999999999625e+01	8.422899999999999920e+01	8.409099999999999397e+01	8.372499999999999432e+01	8.308400000000000318e+01	8.301500000000000057e+01	8.269499999999999318e+01	8.280899999999999750e+01	8.280899999999999750e+01	8.459499999999999886e+01	8.512099999999999511e+01	8.596800000000000352e+01	8.576200000000000045e+01	8.578499999999999659e+01	8.551000000000000512e+01	8.528100000000000591e+01	8.482399999999999807e+01	8.482399999999999807e+01	8.415999999999999659e+01	8.438899999999999579e+01	8.434300000000000352e+01	8.404500000000000171e+01	8.390800000000000125e+01	8.562500000000000000e+01	8.503000000000000114e+01	8.448000000000000398e+01	8.450300000000000011e+01	8.420600000000000307e+01	8.496099999999999852e+01	8.583100000000000307e+01	8.599099999999999966e+01	8.583100000000000307e+01	8.569299999999999784e+01	8.562500000000000000e+01	8.567000000000000171e+01	8.601399999999999579e+01	8.578499999999999659e+01	8.592199999999999704e+01	8.596800000000000352e+01	8.615099999999999625e+01	8.603700000000000614e+01	8.731799999999999784e+01	8.734099999999999397e+01	8.722700000000000387e+01	8.821099999999999852e+01	8.841700000000000159e+01	8.928700000000000614e+01	8.921800000000000352e+01	8.908100000000000307e+01	8.921800000000000352e+01	9.093500000000000227e+01	9.132399999999999807e+01	9.217100000000000648e+01	9.281199999999999761e+01	9.462000000000000455e+01	9.544400000000000261e+01	9.599299999999999500e+01	9.803000000000000114e+01	9.892300000000000182e+01	1.013259999999999934e+02	1.041179999999999950e+02	1.055150000000000006e+02	1.066820000000000022e+02	1.075969999999999942e+02	1.120829999999999984e+02	1.144410000000000025e+02	1.162720000000000056e+02	1.186749999999999972e+02	1.250840000000000032e+02	1.285169999999999959e+02	1.290889999999999986e+02	1.331409999999999911e+02	1.355900000000000034e+02	1.377410000000000139e+02	1.450200000000000102e+02	1.473079999999999927e+02	1.479259999999999877e+02	1.495970000000000084e+02	1.568530000000000086e+02	1.573329999999999984e+02	1.600109999999999957e+02	1.601260000000000048e+02	1.613619999999999948e+02	1.623230000000000075e+02	1.625060000000000002e+02	1.632609999999999957e+02	1.708149999999999977e+02	1.711119999999999948e+02	1.714780000000000086e+02	1.731260000000000048e+02	1.738129999999999882e+02	1.735610000000000070e+02	1.735380000000000109e+02	1.734010000000000105e+02	1.738129999999999882e+02	1.742709999999999866e+02	1.757580000000000098e+02	1.761930000000000121e+02	1.763309999999999889e+02	1.764219999999999970e+02	1.782990000000000066e+02	1.779099999999999966e+02	1.785509999999999877e+02	1.782069999999999936e+02	1.779790000000000134e+02	1.778410000000000082e+02	1.777729999999999961e+02	1.779329999999999927e+02	1.783220000000000027e+02	1.786189999999999998e+02	1.796490000000000009e+02	1.801990000000000123e+02	1.797870000000000061e+02	1.796260000000000048e+02	1.798779999999999859e+02	1.797870000000000061e+02	1.797410000000000139e+02	1.801299999999999955e+02	1.802220000000000084e+02	1.803360000000000127e+02	1.807479999999999905e+02	1.902470000000000141e+02	1.881870000000000118e+02	1.886899999999999977e+02	1.885989999999999895e+02	1.888959999999999866e+02	1.886670000000000016e+02	1.883009999999999877e+02	1.882100000000000080e+02	1.881639999999999873e+02	1.880260000000000105e+02	1.902239999999999895e+02	1.908189999999999884e+02	1.901779999999999973e+02	1.899029999999999916e+02	1.902009999999999934e+02	1.903839999999999861e+02	1.899259999999999877e+02	1.896510000000000105e+02	1.898350000000000080e+02	1.897199999999999989e+02	1.915509999999999877e+02	1.897659999999999911e+02	1.901550000000000011e+02	1.901320000000000050e+02	1.899720000000000084e+02
1.000000000000000000e+00	5.289919999999999618e+02	4.578779999999999859e+02	3.920059999999999718e+02	3.374859999999999900e+02	2.894440000000000168e+02	2.470320000000000107e+02	2.231140000000000043e+02	2.026980000000000075e+02	1.856690000000000111e+02	1.731260000000000048e+02	1.641769999999999925e+02	1.575159999999999911e+02	1.500320000000000107e+02	1.449509999999999934e+02	1.407849999999999966e+02	1.373979999999999961e+02	1.340329999999999870e+02	1.311490000000000009e+02	1.285629999999999882e+02	1.264800000000000040e+02	1.241680000000000064e+02	1.224290000000000020e+02	1.205060000000000002e+02	1.186290000000000049e+02	1.165469999999999970e+02	1.142810000000000059e+02	1.121749999999999972e+02	1.108250000000000028e+02	1.092680000000000007e+02	1.084440000000000026e+02	1.073460000000000036e+02	1.062930000000000064e+02	1.055600000000000023e+02	1.051710000000000065e+02	1.047360000000000042e+02	1.043700000000000045e+02	1.040949999999999989e+02	1.038670000000000044e+02	1.035229999999999961e+02	1.032710000000000008e+02	1.032030000000000030e+02	1.031340000000000003e+02	1.034549999999999983e+02	1.033859999999999957e+02	1.035460000000000065e+02	1.039579999999999984e+02	1.041869999999999976e+02	1.041410000000000053e+02	1.044849999999999994e+02	1.049189999999999969e+02	1.051250000000000000e+02	1.057660000000000053e+02	1.061779999999999973e+02	1.068190000000000026e+02	1.073910000000000053e+02	1.080090000000000003e+02	1.083979999999999961e+02	1.123349999999999937e+02	1.132510000000000048e+02	1.138689999999999998e+02	1.145100000000000051e+02	1.151959999999999980e+02	1.158370000000000033e+02	1.164090000000000060e+02	1.168900000000000006e+02	1.176219999999999999e+02	1.183780000000000001e+02	1.190870000000000033e+02	1.197279999999999944e+02	1.206440000000000055e+02	1.215130000000000052e+02	1.220400000000000063e+02	1.227039999999999935e+02	1.234129999999999967e+02	1.240540000000000020e+02	1.251299999999999955e+02	1.258160000000000025e+02	1.263199999999999932e+02	1.269380000000000024e+02	1.273730000000000047e+02	1.274869999999999948e+02	1.277849999999999966e+02	1.279909999999999997e+02	1.280360000000000014e+02	1.281510000000000105e+02	1.282199999999999989e+02	1.285169999999999959e+02	1.284259999999999877e+02	1.289290000000000020e+02	1.290209999999999866e+02	1.290660000000000025e+02	1.292270000000000039e+02	1.292500000000000000e+02	1.295699999999999932e+02	1.297069999999999936e+02	1.296620000000000061e+02	1.298220000000000027e+02	1.298899999999999864e+02	1.298899999999999864e+02	1.300960000000000036e+02	1.305080000000000098e+02	1.307599999999999909e+02	1.309430000000000121e+02	1.312870000000000061e+02	1.315380000000000109e+02	1.317899999999999920e+02	1.322709999999999866e+02	1.327740000000000009e+02	1.332090000000000032e+02	1.337589999999999861e+02	1.345829999999999984e+02	1.358180000000000121e+02	1.373290000000000077e+02	1.387249999999999943e+02	1.405329999999999870e+02	1.427539999999999907e+02	1.452940000000000111e+02	1.482470000000000141e+02	1.516800000000000068e+02	1.553650000000000091e+02	1.598050000000000068e+02	1.644739999999999895e+02	1.694410000000000025e+02	1.746599999999999966e+02	1.802439999999999998e+02	1.849370000000000118e+02	1.904300000000000068e+02	1.952820000000000107e+02	1.999509999999999934e+02	2.049180000000000064e+02	2.095180000000000007e+02	2.136839999999999975e+02	2.180329999999999870e+02	2.216719999999999970e+02	2.249449999999999932e+02	2.282179999999999893e+02	2.312620000000000005e+02	2.332529999999999859e+02	2.359089999999999918e+02	2.384029999999999916e+02	2.408979999999999961e+02	2.429579999999999984e+02	2.444689999999999941e+02	2.457729999999999961e+02	2.473069999999999879e+02	2.492520000000000095e+02	2.506030000000000086e+02	2.495039999999999907e+02	2.501450000000000102e+02	2.512210000000000036e+02	2.516560000000000059e+02	2.528460000000000036e+02	2.532350000000000136e+02	2.537839999999999918e+02	2.547230000000000132e+02	2.546539999999999964e+02	2.550660000000000025e+02	2.554319999999999879e+02	2.556380000000000052e+02	2.558439999999999941e+02	2.565539999999999736e+02	2.568740000000000236e+02	2.575380000000000109e+02	2.576519999999999868e+02	2.578120000000000118e+02	2.578580000000000041e+02	2.578580000000000041e+02	2.572860000000000014e+02	2.577440000000000282e+02	2.579499999999999886e+02	2.578120000000000118e+02	2.579270000000000209e+02	2.574460000000000264e+02	2.575840000000000032e+02	2.579270000000000209e+02	2.581329999999999814e+02	2.581789999999999736e+02	2.577210000000000036e+02	2.575609999999999786e+02	2.574460000000000264e+02	2.575380000000000109e+02	2.575149999999999864e+02	2.574460000000000264e+02	2.572629999999999768e+02	2.579270000000000209e+02	2.577440000000000282e+02	2.578580000000000041e+02	2.580869999999999891e+02	2.577900000000000205e+02
0.000000000000000000e+00	4.969940000000000282e+02	4.203410000000000082e+02	3.502810000000000059e+02	2.956920000000000073e+02	2.539900000000000091e+02	2.209629999999999939e+02	1.973189999999999884e+02	1.801529999999999916e+02	1.675869999999999891e+02	1.592330000000000041e+02	1.514509999999999934e+02	1.443100000000000023e+02	1.376949999999999932e+02	1.329799999999999898e+02	1.288600000000000136e+02	1.250610000000000070e+02	1.215589999999999975e+02	1.186069999999999993e+02	1.169360000000000070e+02	1.146700000000000017e+02	1.130679999999999978e+02	1.115109999999999957e+02	1.107789999999999964e+02	1.091770000000000067e+02	1.081700000000000017e+02	1.072079999999999984e+02	1.072079999999999984e+02	1.068880000000000052e+02	1.064989999999999952e+02	1.064989999999999952e+02	1.066359999999999957e+02	1.064300000000000068e+02	1.064300000000000068e+02	1.064300000000000068e+02	1.064759999999999991e+02	1.067279999999999944e+02	1.067500000000000000e+02	1.066820000000000022e+02	1.068190000000000026e+02	1.070709999999999980e+02	1.071400000000000006e+02	1.073460000000000036e+02	1.077800000000000011e+02	1.078029999999999973e+02	1.080090000000000003e+02	1.083979999999999961e+02	1.094279999999999973e+02	1.101610000000000014e+02	1.108930000000000007e+02	1.112369999999999948e+02	1.115340000000000060e+02	1.120150000000000006e+02	1.122210000000000036e+02	1.125870000000000033e+02	1.134339999999999975e+02	1.141200000000000045e+02	1.145780000000000030e+02	1.146700000000000017e+02	1.150130000000000052e+02	1.151280000000000001e+02	1.154710000000000036e+02	1.155849999999999937e+02	1.159290000000000020e+02	1.163409999999999940e+02	1.166149999999999949e+02	1.169590000000000032e+02	1.167530000000000001e+02	1.169590000000000032e+02	1.175540000000000020e+02	1.177600000000000051e+02	1.178970000000000056e+02	1.181490000000000009e+02	1.184689999999999941e+02	1.186290000000000049e+02	1.191099999999999994e+02	1.194989999999999952e+02	1.195679999999999978e+02	1.199800000000000040e+02	1.199800000000000040e+02	1.198880000000000052e+02	1.201170000000000044e+02	1.203689999999999998e+02	1.205060000000000002e+02	1.206440000000000055e+02	1.208269999999999982e+02	1.207810000000000059e+02	1.211929999999999978e+02	1.213070000000000022e+02	1.214899999999999949e+02	1.214899999999999949e+02	1.218569999999999993e+02	1.218799999999999955e+02	1.222459999999999951e+02	1.224060000000000059e+02	1.225660000000000025e+02	1.228870000000000005e+02	1.230699999999999932e+02	1.233900000000000006e+02	1.237109999999999985e+02	1.238940000000000055e+02	1.240310000000000059e+02	1.242369999999999948e+02	1.243970000000000056e+02	1.244659999999999940e+02	1.247409999999999997e+02	1.248780000000000001e+02	1.249470000000000027e+02	1.251749999999999972e+02	1.273040000000000020e+02	1.271209999999999951e+02	1.273040000000000020e+02	1.273269999999999982e+02	1.272579999999999956e+02	1.274639999999999986e+02	1.275100000000000051e+02	1.274189999999999969e+02	1.284939999999999998e+02	1.285629999999999882e+02	1.285169999999999959e+02	1.287230000000000132e+02	1.288830000000000098e+02	1.289290000000000020e+02	1.291349999999999909e+02	1.291810000000000116e+02	1.294329999999999927e+02	1.296390000000000100e+02	1.296839999999999975e+02	1.296620000000000061e+02	1.299590000000000032e+02	1.298679999999999950e+02	1.297990000000000066e+02	1.299819999999999993e+02	1.300509999999999877e+02	1.299819999999999993e+02	1.299819999999999993e+02	1.300279999999999916e+02	1.298449999999999989e+02	1.305080000000000098e+02	1.304399999999999977e+02	1.302800000000000011e+02	1.303249999999999886e+02	1.301649999999999920e+02	1.300740000000000123e+02	1.302110000000000127e+02	1.302800000000000011e+02	1.300049999999999955e+02	1.301419999999999959e+02	1.301649999999999920e+02	1.299590000000000032e+02	1.300279999999999916e+02	1.300740000000000123e+02	1.300049999999999955e+02	1.301189999999999998e+02	1.300049999999999955e+02	1.284939999999999998e+02	1.281970000000000027e+02	1.281510000000000105e+02	1.281049999999999898e+02	1.280360000000000014e+02	1.279680000000000035e+02	1.281970000000000027e+02	1.281740000000000066e+02	1.283799999999999955e+02	1.294559999999999889e+02	1.294099999999999966e+02	1.296620000000000061e+02	1.295240000000000009e+02	1.295240000000000009e+02	1.293180000000000121e+02	1.294099999999999966e+02	1.294559999999999889e+02	1.294099999999999966e+02	1.292270000000000039e+02	1.292500000000000000e+02	1.288600000000000136e+02	1.287920000000000016e+02	1.289979999999999905e+02	1.288149999999999977e+02	1.286539999999999964e+02	1.288149999999999977e+02	1.288379999999999939e+02	1.285629999999999882e+02	1.285399999999999920e+02	1.284710000000000036e+02	1.281740000000000066e+02	1.282880000000000109e+02	1.284480000000000075e+02	1.282649999999999864e+02	1.282880000000000109e+02
0.000000000000000000e+00	1.851200000000000045e+02	1.706769999999999925e+02	1.567379999999999995e+02	1.443329999999999984e+02	1.325449999999999875e+02	1.219710000000000036e+02	1.135250000000000057e+02	1.062240000000000038e+02	9.956399999999999295e+01	9.395600000000000307e+01	8.910399999999999920e+01	8.564799999999999613e+01	8.155100000000000193e+01	7.674399999999999977e+01	7.408899999999999864e+01	7.312800000000000011e+01	7.045000000000000284e+01	6.942000000000000171e+01	6.816100000000000136e+01	6.626099999999999568e+01	6.456799999999999784e+01	6.527700000000000102e+01	6.468200000000000216e+01	6.335399999999999920e+01	6.200399999999999778e+01	6.236999999999999744e+01	6.202700000000000102e+01	6.150099999999999767e+01	6.115699999999999648e+01	6.047099999999999653e+01	5.966899999999999693e+01	5.896000000000000085e+01	5.859400000000000119e+01	5.820499999999999829e+01	5.802199999999999847e+01	5.815899999999999892e+01	5.790699999999999648e+01	5.804399999999999693e+01	5.783800000000000097e+01	5.783800000000000097e+01	5.818200000000000216e+01	5.838799999999999812e+01	5.843399999999999750e+01	5.829599999999999937e+01	5.809000000000000341e+01	5.806700000000000017e+01	5.925800000000000267e+01	5.944100000000000250e+01	5.928000000000000114e+01	5.909700000000000131e+01	6.037899999999999778e+01	6.005899999999999750e+01	6.053900000000000148e+01	6.005899999999999750e+01	6.008100000000000307e+01	5.996699999999999875e+01	6.005899999999999750e+01	5.966899999999999693e+01	5.950900000000000034e+01	5.921200000000000330e+01	5.921200000000000330e+01	5.930299999999999727e+01	5.923499999999999943e+01	5.914300000000000068e+01	5.909700000000000131e+01	5.932600000000000051e+01	5.930299999999999727e+01	5.898299999999999699e+01	5.941799999999999926e+01	5.911999999999999744e+01	5.891400000000000148e+01	5.886800000000000210e+01	5.916599999999999682e+01	5.905199999999999960e+01	5.884599999999999653e+01	5.875399999999999778e+01	5.875399999999999778e+01	5.854800000000000182e+01	5.864000000000000057e+01	5.861699999999999733e+01	5.909700000000000131e+01	5.889099999999999824e+01	5.902900000000000347e+01	5.914300000000000068e+01	5.893699999999999761e+01	5.891400000000000148e+01	5.891400000000000148e+01	5.886800000000000210e+01	5.870799999999999841e+01	5.896000000000000085e+01	5.898299999999999699e+01	5.900600000000000023e+01	5.884599999999999653e+01	5.882300000000000040e+01	6.104299999999999926e+01	6.063100000000000023e+01	6.031000000000000227e+01	6.001299999999999812e+01	6.035600000000000165e+01	6.010399999999999920e+01	5.985300000000000153e+01	5.955499999999999972e+01	5.928000000000000114e+01	5.944100000000000250e+01	5.950900000000000034e+01	6.019599999999999795e+01	6.060799999999999699e+01	6.047099999999999653e+01	6.033299999999999841e+01	6.019599999999999795e+01	5.996699999999999875e+01	5.957800000000000296e+01	5.957800000000000296e+01	5.985300000000000153e+01	5.973799999999999955e+01	5.948599999999999710e+01	5.921200000000000330e+01	5.921200000000000330e+01	5.898299999999999699e+01	5.918900000000000006e+01	5.905199999999999960e+01	5.953199999999999648e+01	5.932600000000000051e+01	5.905199999999999960e+01	5.916599999999999682e+01	5.900600000000000023e+01	5.870799999999999841e+01	5.882300000000000040e+01	5.955499999999999972e+01	5.937199999999999989e+01	5.916599999999999682e+01	5.911999999999999744e+01	5.898299999999999699e+01	5.873100000000000165e+01	5.854800000000000182e+01	5.854800000000000182e+01	5.854800000000000182e+01	5.847899999999999920e+01	5.829599999999999937e+01	5.873100000000000165e+01	5.875399999999999778e+01	5.918900000000000006e+01	5.916599999999999682e+01	5.868500000000000227e+01	5.955499999999999972e+01	5.937199999999999989e+01	5.914300000000000068e+01	5.896000000000000085e+01	5.914300000000000068e+01	5.905199999999999960e+01	5.923499999999999943e+01	5.928000000000000114e+01	5.960099999999999909e+01	5.946399999999999864e+01	5.907399999999999807e+01	6.001299999999999812e+01	6.001299999999999812e+01	5.985300000000000153e+01	5.978399999999999892e+01	5.982999999999999829e+01	5.960099999999999909e+01	5.953199999999999648e+01	5.939500000000000313e+01	5.925800000000000267e+01	5.907399999999999807e+01	5.889099999999999824e+01	5.916599999999999682e+01	5.923499999999999943e+01	5.902900000000000347e+01	5.893699999999999761e+01	5.932600000000000051e+01	5.900600000000000023e+01	5.884599999999999653e+01	5.866199999999999903e+01	5.854800000000000182e+01	6.001299999999999812e+01	5.999000000000000199e+01	5.980700000000000216e+01	5.966899999999999693e+01	5.950900000000000034e+01	5.918900000000000006e+01	5.932600000000000051e+01	5.971500000000000341e+01	6.033299999999999841e+01	6.017300000000000182e+01	6.076800000000000068e+01	6.051599999999999824e+01	6.024199999999999733e+01	5.999000000000000199e+01
0.000000000000000000e+00	5.319210000000000491e+02	4.619979999999999905e+02	3.992610000000000241e+02	3.482889999999999873e+02	3.031080000000000041e+02	2.819599999999999795e+02	2.562099999999999795e+02	2.372589999999999861e+02	2.175749999999999886e+02	2.148509999999999991e+02	2.060850000000000080e+02	1.985780000000000030e+02	1.927189999999999941e+02	1.877980000000000018e+02	1.831279999999999859e+02	1.782299999999999898e+02	1.728060000000000116e+02	1.672210000000000036e+02	1.622769999999999868e+02	1.577450000000000045e+02	1.538309999999999889e+02	1.504209999999999923e+02	1.475140000000000100e+02	1.449509999999999934e+02	1.427079999999999984e+02	1.406250000000000000e+02	1.390000000000000000e+02	1.374660000000000082e+02	1.364590000000000032e+02	1.356579999999999870e+02	1.349950000000000045e+02	1.342390000000000043e+02	1.341020000000000039e+02	1.337359999999999900e+02	1.335749999999999886e+02	1.338499999999999943e+02	1.338729999999999905e+02	1.340099999999999909e+02	1.342390000000000043e+02	1.343990000000000009e+02	1.346049999999999898e+02	1.351779999999999973e+02	1.353609999999999900e+02	1.355900000000000034e+02	1.362079999999999984e+02	1.365279999999999916e+02	1.369170000000000016e+02	1.374209999999999923e+02	1.382899999999999920e+02	1.387019999999999982e+02	1.390459999999999923e+02	1.396179999999999950e+02	1.402589999999999861e+02	1.409449999999999932e+02	1.416550000000000011e+02	1.419979999999999905e+02	1.425250000000000057e+02	1.432340000000000089e+02	1.439209999999999923e+02	1.445389999999999873e+02	1.455229999999999961e+02	1.459120000000000061e+02	1.466450000000000102e+02	1.475600000000000023e+02	1.480639999999999930e+02	1.488420000000000130e+02	1.495509999999999877e+02	1.499859999999999900e+02	1.506040000000000134e+02	1.511759999999999877e+02	1.515660000000000025e+02	1.522750000000000057e+02	1.538770000000000095e+02	1.542659999999999911e+02	1.549300000000000068e+02	1.554110000000000014e+02	1.559600000000000080e+02	1.565550000000000068e+02	1.571959999999999980e+02	1.576310000000000002e+02	1.583859999999999957e+02	1.589579999999999984e+02	1.595759999999999934e+02	1.601719999999999970e+02	1.608580000000000041e+02	1.613160000000000025e+02	1.620029999999999859e+02	1.625749999999999886e+02	1.630780000000000030e+02	1.636730000000000018e+02	1.641310000000000002e+02	1.644970000000000141e+02	1.652760000000000105e+02	1.657789999999999964e+02	1.661680000000000064e+02	1.667860000000000014e+02	1.672210000000000036e+02	1.675420000000000016e+02	1.681140000000000043e+02	1.685490000000000066e+02	1.689379999999999882e+02	1.696239999999999952e+02	1.701970000000000027e+02	1.707460000000000093e+02	1.713410000000000082e+02	1.719360000000000070e+02	1.723710000000000093e+02	1.730120000000000005e+02	1.735380000000000109e+02	1.740190000000000055e+02	1.746829999999999927e+02	1.751860000000000070e+02	1.756899999999999977e+02	1.761469999999999914e+02	1.766740000000000066e+02	1.771999999999999886e+02	1.778640000000000043e+02	1.783679999999999950e+02	1.787110000000000127e+02	1.794430000000000121e+02	1.800380000000000109e+02	1.804960000000000093e+02	1.810000000000000000e+02	1.814579999999999984e+02	1.820300000000000011e+02	1.825790000000000077e+02	1.831049999999999898e+02	1.836779999999999973e+02	1.842270000000000039e+02	1.847309999999999945e+02	1.851200000000000045e+02	1.856459999999999866e+02	1.860349999999999966e+02	1.864010000000000105e+02	1.868360000000000127e+02	1.874540000000000077e+02	1.878890000000000100e+02	1.883700000000000045e+02	1.887820000000000107e+02	1.891250000000000000e+02	1.896740000000000066e+02	1.900629999999999882e+02	1.904749999999999943e+02	1.909559999999999889e+02	1.913679999999999950e+02	1.916889999999999930e+02	1.921690000000000111e+02	1.926730000000000018e+02	1.932220000000000084e+02	1.937259999999999991e+02	1.941380000000000052e+02	1.943660000000000139e+02	1.940459999999999923e+02	1.942290000000000134e+02	1.941599999999999966e+02	1.943439999999999941e+02	1.943439999999999941e+02	1.943890000000000100e+02	1.944579999999999984e+02	1.945269999999999868e+02	1.944809999999999945e+02	1.946179999999999950e+02	1.946870000000000118e+02	1.947100000000000080e+02	1.948930000000000007e+02	1.948930000000000007e+02	1.949159999999999968e+02	1.959230000000000018e+02	1.959230000000000018e+02	1.961059999999999945e+02	1.961750000000000114e+02	1.962889999999999873e+02	1.963120000000000118e+02	1.962659999999999911e+02	1.963810000000000002e+02	1.963810000000000002e+02	1.966320000000000050e+02	1.965639999999999930e+02	1.964259999999999877e+02	1.966779999999999973e+02	1.967239999999999895e+02	1.967930000000000064e+02	1.967930000000000064e+02	1.968149999999999977e+02	1.969070000000000107e+02	1.969759999999999991e+02	1.969989999999999952e+02	1.970670000000000073e+02	1.971129999999999995e+02
1.000000000000000000e+00	2.972259999999999991e+02	2.697139999999999986e+02	2.475360000000000014e+02	2.269590000000000032e+02	2.095869999999999891e+02	1.948240000000000123e+02	1.799010000000000105e+02	1.667860000000000014e+02	1.560970000000000084e+02	1.477659999999999911e+02	1.411289999999999907e+02	1.357729999999999961e+02	1.311719999999999970e+02	1.273040000000000020e+02	1.240540000000000020e+02	1.213070000000000022e+02	1.189039999999999964e+02	1.167759999999999962e+02	1.148299999999999983e+02	1.132740000000000009e+02	1.120150000000000006e+02	1.108930000000000007e+02	1.102069999999999936e+02	1.095660000000000025e+02	1.090849999999999937e+02	1.085819999999999936e+02	1.081700000000000017e+02	1.079180000000000064e+02	1.075289999999999964e+02	1.073679999999999950e+02	1.073679999999999950e+02	1.073910000000000053e+02	1.075060000000000002e+02	1.076659999999999968e+02	1.079180000000000064e+02	1.081700000000000017e+02	1.084440000000000026e+02	1.088329999999999984e+02	1.091539999999999964e+02	1.095199999999999960e+02	1.098400000000000034e+02	1.101380000000000052e+02	1.104129999999999967e+02	1.108700000000000045e+02	1.119459999999999980e+02	1.122439999999999998e+02	1.127240000000000038e+02	1.131359999999999957e+02	1.135939999999999941e+02	1.141430000000000007e+02	1.146009999999999991e+02	1.149899999999999949e+02	1.153559999999999945e+02	1.159060000000000059e+02	1.162950000000000017e+02	1.168439999999999941e+02	1.174620000000000033e+02	1.175769999999999982e+02	1.177369999999999948e+02	1.182399999999999949e+02	1.186069999999999993e+02	1.191329999999999956e+02	1.196590000000000060e+02	1.201400000000000006e+02	1.206440000000000055e+02	1.214219999999999970e+02	1.219710000000000036e+02	1.224519999999999982e+02	1.231839999999999975e+02	1.236189999999999998e+02	1.242139999999999986e+02	1.248089999999999975e+02	1.252439999999999998e+02	1.258160000000000025e+02	1.264569999999999936e+02	1.269150000000000063e+02	1.276020000000000039e+02	1.282199999999999989e+02	1.289749999999999943e+02	1.296390000000000100e+02	1.303019999999999925e+02	1.309430000000000121e+02	1.324770000000000039e+02	1.333689999999999998e+02	1.345140000000000100e+02	1.357500000000000000e+02	1.366879999999999882e+02	1.381069999999999993e+02	1.394579999999999984e+02	1.407390000000000043e+02	1.423420000000000130e+02	1.438979999999999961e+02	1.455000000000000000e+02	1.471020000000000039e+02	1.493000000000000114e+02	1.512450000000000045e+02	1.544039999999999964e+02	1.571500000000000057e+02	1.593700000000000045e+02	1.617740000000000009e+02	1.649550000000000125e+02	1.676790000000000020e+02	1.703799999999999955e+02	1.735149999999999864e+02	1.767880000000000109e+02	1.798100000000000023e+02	1.830370000000000061e+02	1.862179999999999893e+02	1.894230000000000018e+02	1.928100000000000023e+02	1.964039999999999964e+02	1.996539999999999964e+02	2.028580000000000041e+02	2.062680000000000007e+02	2.095180000000000007e+02	2.127690000000000055e+02	2.159269999999999925e+02	2.191769999999999925e+02	2.224269999999999925e+02	2.255169999999999959e+02	2.284929999999999950e+02	2.315600000000000023e+02	2.344890000000000043e+02	2.375790000000000077e+02	2.402570000000000050e+02	2.428209999999999980e+02	2.453379999999999939e+02	2.476730000000000018e+02	2.503739999999999952e+02	2.526630000000000109e+02	2.547230000000000132e+02	2.566909999999999741e+02	2.585679999999999836e+02	2.603530000000000086e+02	2.620009999999999764e+02	2.635799999999999841e+02	2.649990000000000236e+02	2.664639999999999986e+02	2.677690000000000055e+02	2.688670000000000186e+02	2.695769999999999982e+02	2.706299999999999955e+02	2.715679999999999836e+02	2.718890000000000100e+02	2.734220000000000255e+02	2.743149999999999977e+02	2.750699999999999932e+02	2.754359999999999786e+02	2.763290000000000077e+02	2.771530000000000200e+02	2.781829999999999927e+02	2.785029999999999859e+02	2.791669999999999732e+02	2.798539999999999850e+02	2.810899999999999750e+02	2.819599999999999795e+02	2.820740000000000123e+02	2.819139999999999873e+02	2.823720000000000141e+02	2.831270000000000095e+02	2.831039999999999850e+02	2.833100000000000023e+02	2.838820000000000050e+02	2.842939999999999827e+02	2.845230000000000246e+02	2.856220000000000141e+02	2.855070000000000050e+02	2.857359999999999900e+02	2.864230000000000018e+02	2.864909999999999854e+02	2.862169999999999845e+02	2.864460000000000264e+02	2.868349999999999795e+02	2.868120000000000118e+02	2.865600000000000023e+02	2.865369999999999777e+02	2.870860000000000127e+02	2.873380000000000223e+02	2.870860000000000127e+02	2.863539999999999850e+02	2.864909999999999854e+02	2.865600000000000023e+02	2.861019999999999754e+02	2.862850000000000250e+02	2.859879999999999995e+02	2.857359999999999900e+02	2.854390000000000214e+02	2.852099999999999795e+02	2.853240000000000123e+02
0.000000000000000000e+00	1.736069999999999993e+02	1.602170000000000130e+02	1.478580000000000041e+02	1.369859999999999900e+02	1.269839999999999947e+02	1.187210000000000036e+02	1.114879999999999995e+02	1.054920000000000044e+02	1.009140000000000015e+02	9.668000000000000682e+01	9.370399999999999352e+01	9.107200000000000273e+01	8.912699999999999534e+01	8.750199999999999534e+01	8.601399999999999579e+01	8.507500000000000284e+01	8.397700000000000387e+01	8.333599999999999852e+01	8.258100000000000307e+01	8.219100000000000250e+01	8.189400000000000546e+01	8.150499999999999545e+01	8.120699999999999363e+01	8.102400000000000091e+01	8.102400000000000091e+01	8.111599999999999966e+01	8.088700000000000045e+01	8.088700000000000045e+01	8.093300000000000693e+01	8.088700000000000045e+01	8.084099999999999397e+01	8.097799999999999443e+01	8.100100000000000477e+01	8.106999999999999318e+01	8.143600000000000705e+01	8.143600000000000705e+01	8.152800000000000580e+01	8.164199999999999591e+01	8.175700000000000500e+01	8.198499999999999943e+01	8.207699999999999818e+01	8.228300000000000125e+01	8.239700000000000557e+01	8.278700000000000614e+01	8.299299999999999500e+01	8.322100000000000364e+01	8.356499999999999773e+01	8.372499999999999432e+01	8.395399999999999352e+01	8.406799999999999784e+01	8.477800000000000580e+01	8.489199999999999591e+01	8.500700000000000500e+01	8.521299999999999386e+01	8.544199999999999307e+01	8.560200000000000387e+01	8.576200000000000045e+01	8.592199999999999704e+01	8.606000000000000227e+01	8.626600000000000534e+01	8.633400000000000318e+01	8.640300000000000580e+01	8.658599999999999852e+01	8.672299999999999898e+01	8.697499999999999432e+01	8.713500000000000512e+01	8.718099999999999739e+01	8.720399999999999352e+01	8.738700000000000045e+01	8.756999999999999318e+01	8.779900000000000659e+01	8.791400000000000148e+01	8.805100000000000193e+01	8.816500000000000625e+01	8.832599999999999341e+01	8.857699999999999818e+01	8.871500000000000341e+01	8.889799999999999613e+01	8.898900000000000432e+01	8.921800000000000352e+01	8.933299999999999841e+01	8.946999999999999886e+01	8.969899999999999807e+01	8.985899999999999466e+01	8.997299999999999898e+01	8.999599999999999511e+01	9.013400000000000034e+01	9.015699999999999648e+01	9.031699999999999307e+01	9.054600000000000648e+01	9.056900000000000261e+01	9.081999999999999318e+01	9.079699999999999704e+01	9.091200000000000614e+01	9.100300000000000011e+01	9.109499999999999886e+01	9.141500000000000625e+01	9.155299999999999727e+01	9.320099999999999341e+01	9.331499999999999773e+01	9.336100000000000421e+01	9.352100000000000080e+01	9.356699999999999307e+01	9.386400000000000432e+01	9.393300000000000693e+01	9.395600000000000307e+01	9.402500000000000568e+01	9.413899999999999579e+01	9.452800000000000580e+01	9.468800000000000239e+01	9.493999999999999773e+01	9.496299999999999386e+01	9.514600000000000080e+01	9.526099999999999568e+01	9.542100000000000648e+01	9.553499999999999659e+01	9.567300000000000182e+01	9.594700000000000273e+01	9.599299999999999500e+01	9.612999999999999545e+01	9.624500000000000455e+01	9.640500000000000114e+01	9.642799999999999727e+01	9.656499999999999773e+01	9.677100000000000080e+01	9.674800000000000466e+01	9.690900000000000603e+01	9.700000000000000000e+01	9.713700000000000045e+01	9.727500000000000568e+01	9.729800000000000182e+01	9.736599999999999966e+01	9.754900000000000659e+01	9.752700000000000102e+01	9.768699999999999761e+01	9.775499999999999545e+01	9.789300000000000068e+01	9.798399999999999466e+01	9.807599999999999341e+01	9.805299999999999727e+01	9.821299999999999386e+01	9.828199999999999648e+01	9.832800000000000296e+01	9.839600000000000080e+01	9.841899999999999693e+01	9.846500000000000341e+01	9.853400000000000603e+01	9.857899999999999352e+01	9.855700000000000216e+01	9.867100000000000648e+01	9.899099999999999966e+01	9.906000000000000227e+01	9.910599999999999454e+01	9.903700000000000614e+01	9.912900000000000489e+01	9.921999999999999886e+01	9.926600000000000534e+01	9.972400000000000375e+01	9.963200000000000500e+01	9.965500000000000114e+01	9.963200000000000500e+01	9.976999999999999602e+01	9.976999999999999602e+01	9.974699999999999989e+01	9.974699999999999989e+01	9.986100000000000421e+01	9.981499999999999773e+01	1.003419999999999987e+02	1.002960000000000065e+02	1.003419999999999987e+02	1.003649999999999949e+02	1.005250000000000057e+02	1.005019999999999953e+02	1.006159999999999997e+02	1.007540000000000049e+02	1.007540000000000049e+02	1.008449999999999989e+02	1.009140000000000015e+02	1.008220000000000027e+02	1.008910000000000053e+02	1.011430000000000007e+02	1.011659999999999968e+02	1.011430000000000007e+02	1.012339999999999947e+02	1.012570000000000050e+02	1.012120000000000033e+02	1.012339999999999947e+02	1.012800000000000011e+02	1.013719999999999999e+02
1.000000000000000000e+00	1.788019999999999925e+02	1.662369999999999948e+02	1.544269999999999925e+02	1.443329999999999984e+02	1.352690000000000055e+02	1.271899999999999977e+02	1.200939999999999941e+02	1.139830000000000041e+02	1.086269999999999953e+02	1.040499999999999972e+02	1.003649999999999949e+02	9.722899999999999920e+01	9.450499999999999545e+01	9.244499999999999318e+01	9.081999999999999318e+01	8.924099999999999966e+01	8.805100000000000193e+01	8.699800000000000466e+01	8.612800000000000011e+01	8.548699999999999477e+01	8.500700000000000500e+01	8.445699999999999363e+01	8.393099999999999739e+01	8.370199999999999818e+01	8.335899999999999466e+01	8.276399999999999579e+01	8.232899999999999352e+01	8.221399999999999864e+01	8.196299999999999386e+01	8.193999999999999773e+01	8.189400000000000546e+01	8.205400000000000205e+01	8.191700000000000159e+01	8.102400000000000091e+01	8.006300000000000239e+01	7.910200000000000387e+01	7.848399999999999466e+01	7.798000000000000398e+01	7.772799999999999443e+01	7.740800000000000125e+01	7.724800000000000466e+01	7.724800000000000466e+01	7.720199999999999818e+01	7.738500000000000512e+01	7.768200000000000216e+01	7.779699999999999704e+01	7.841500000000000625e+01	7.880400000000000205e+01	7.935299999999999443e+01	7.983400000000000318e+01	8.038299999999999557e+01	8.081799999999999784e+01	8.127599999999999625e+01	8.184799999999999898e+01	8.230599999999999739e+01	8.258100000000000307e+01	8.258100000000000307e+01	8.230599999999999739e+01	8.226000000000000512e+01	8.235200000000000387e+01	8.209999999999999432e+01	8.200799999999999557e+01	8.205400000000000205e+01	8.198499999999999943e+01	8.230599999999999739e+01	8.237500000000000000e+01	8.290099999999999625e+01	8.365600000000000591e+01	8.427400000000000091e+01	8.464100000000000534e+01	8.457200000000000273e+01	8.418300000000000693e+01	8.431999999999999318e+01	8.443500000000000227e+01	8.436599999999999966e+01	8.468600000000000705e+01	8.516700000000000159e+01	8.569299999999999784e+01	8.633400000000000318e+01	8.674599999999999511e+01	8.725000000000000000e+01	8.779900000000000659e+01	8.828000000000000114e+01	8.873699999999999477e+01	8.917199999999999704e+01	8.965300000000000580e+01	9.001900000000000546e+01	9.045399999999999352e+01	9.093500000000000227e+01	9.143800000000000239e+01	9.189600000000000080e+01	9.251399999999999579e+01	9.287999999999999545e+01	9.338400000000000034e+01	9.379600000000000648e+01	9.429900000000000659e+01	9.480299999999999727e+01	9.526099999999999568e+01	9.562699999999999534e+01	9.619899999999999807e+01	9.672499999999999432e+01	9.720600000000000307e+01	9.773300000000000409e+01	9.825900000000000034e+01	9.883100000000000307e+01	9.933499999999999375e+01	9.976999999999999602e+01	1.000900000000000034e+02	1.008449999999999989e+02	1.014180000000000064e+02	1.019440000000000026e+02	1.026539999999999964e+02	1.036149999999999949e+02	1.045529999999999973e+02	1.055600000000000023e+02	1.068880000000000052e+02	1.083979999999999961e+02	1.100690000000000026e+02	1.122210000000000036e+02	1.146009999999999991e+02	1.172560000000000002e+02	1.203229999999999933e+02	1.236189999999999998e+02	1.274410000000000025e+02	1.315610000000000070e+02	1.358410000000000082e+02	1.401899999999999977e+02	1.446990000000000123e+02	1.490020000000000095e+02	1.530989999999999895e+02	1.570819999999999936e+02	1.607439999999999998e+02	1.640850000000000080e+02	1.671980000000000075e+02	1.700130000000000052e+02	1.726910000000000025e+02	1.749799999999999898e+02	1.771769999999999925e+02	1.791459999999999866e+02	1.809540000000000077e+02	1.822359999999999900e+02	1.839070000000000107e+02	1.848220000000000027e+02	1.861040000000000134e+02	1.872940000000000111e+02	1.883470000000000084e+02	1.894679999999999893e+02	1.903149999999999977e+02	1.914370000000000118e+02	1.923069999999999879e+02	1.931759999999999877e+02	1.937709999999999866e+02	1.944350000000000023e+02	1.950529999999999973e+02	1.956479999999999961e+02	1.961980000000000075e+02	1.966320000000000050e+02	1.970900000000000034e+02	1.975480000000000018e+02	1.982350000000000136e+02	1.986469999999999914e+02	1.990360000000000014e+02	1.995620000000000118e+02	1.996539999999999964e+02	2.000889999999999986e+02	2.002030000000000030e+02	2.005459999999999923e+02	2.007980000000000018e+02	2.011409999999999911e+02	2.012789999999999964e+02	2.014850000000000136e+02	2.017589999999999861e+02	2.022170000000000130e+02	2.022860000000000014e+02	2.024689999999999941e+02	2.027439999999999998e+02	2.029269999999999925e+02	2.032700000000000102e+02	2.034070000000000107e+02	2.035900000000000034e+02	2.038420000000000130e+02	2.038189999999999884e+02	2.041169999999999902e+02	2.040480000000000018e+02	2.044830000000000041e+02	2.043909999999999911e+02	2.045060000000000002e+02	2.044370000000000118e+02	2.046659999999999968e+02
0.000000000000000000e+00	1.381529999999999916e+02	1.299130000000000109e+02	1.207579999999999956e+02	1.135480000000000018e+02	1.067049999999999983e+02	1.006620000000000061e+02	9.606199999999999761e+01	9.159900000000000375e+01	8.853100000000000591e+01	8.576200000000000045e+01	8.388500000000000512e+01	8.207699999999999818e+01	8.075000000000000000e+01	7.960500000000000398e+01	7.859799999999999898e+01	7.775100000000000477e+01	7.713299999999999557e+01	7.621800000000000352e+01	7.578300000000000125e+01	7.527899999999999636e+01	7.452400000000000091e+01	7.408899999999999864e+01	7.383700000000000330e+01	7.351699999999999591e+01	7.337999999999999545e+01	7.319599999999999795e+01	7.315099999999999625e+01	7.308199999999999363e+01	7.298999999999999488e+01	7.308199999999999363e+01	7.294499999999999318e+01	7.287600000000000477e+01	7.285299999999999443e+01	7.276200000000000045e+01	7.282999999999999829e+01	7.292199999999999704e+01	7.282999999999999829e+01	7.298999999999999488e+01	7.301300000000000523e+01	7.298999999999999488e+01	7.301300000000000523e+01	7.292199999999999704e+01	7.298999999999999488e+01	7.298999999999999488e+01	7.289900000000000091e+01	7.310500000000000398e+01	7.328799999999999670e+01	7.324200000000000443e+01	7.337999999999999545e+01	7.374599999999999511e+01	7.379200000000000159e+01	7.370000000000000284e+01	7.358599999999999852e+01	7.363100000000000023e+01	7.379200000000000159e+01	7.374599999999999511e+01	7.374599999999999511e+01	7.385999999999999943e+01	7.383700000000000330e+01	7.383700000000000330e+01	7.404300000000000637e+01	7.415800000000000125e+01	7.418099999999999739e+01	7.456999999999999318e+01	7.484399999999999409e+01	7.484399999999999409e+01	7.489000000000000057e+01	7.507299999999999329e+01	7.502700000000000102e+01	7.509600000000000364e+01	7.557699999999999818e+01	7.557699999999999818e+01	7.571399999999999864e+01	7.589700000000000557e+01	7.601200000000000045e+01	7.610299999999999443e+01	7.614900000000000091e+01	7.635500000000000398e+01	7.653799999999999670e+01	7.662999999999999545e+01	7.674399999999999977e+01	7.681300000000000239e+01	7.683599999999999852e+01	7.690399999999999636e+01	7.690399999999999636e+01	7.710999999999999943e+01	7.715600000000000591e+01	7.722499999999999432e+01	7.729300000000000637e+01	7.740800000000000125e+01	7.745399999999999352e+01	7.756799999999999784e+01	7.754500000000000171e+01	7.747700000000000387e+01	7.770499999999999829e+01	7.775100000000000477e+01	7.770499999999999829e+01	7.772799999999999443e+01	7.781999999999999318e+01	7.781999999999999318e+01	7.793399999999999750e+01	7.798000000000000398e+01	7.802599999999999625e+01	7.807200000000000273e+01	7.802599999999999625e+01	7.809399999999999409e+01	7.820900000000000318e+01	7.816299999999999670e+01	7.814000000000000057e+01	7.829999999999999716e+01	7.836899999999999977e+01	7.832299999999999329e+01	7.834600000000000364e+01	7.852899999999999636e+01	7.857500000000000284e+01	7.868999999999999773e+01	7.859799999999999898e+01	7.864400000000000546e+01	7.866700000000000159e+01	7.871200000000000330e+01	7.866700000000000159e+01	7.878100000000000591e+01	7.891800000000000637e+01	7.910200000000000387e+01	7.921599999999999397e+01	7.919299999999999784e+01	7.923900000000000432e+01	7.932999999999999829e+01	7.951399999999999579e+01	7.949099999999999966e+01	7.971999999999999886e+01	7.974200000000000443e+01	7.992600000000000193e+01	8.001699999999999591e+01	7.965099999999999625e+01	7.971999999999999886e+01	7.985699999999999932e+01	7.999399999999999977e+01	8.008599999999999852e+01	8.010899999999999466e+01	8.029200000000000159e+01	8.040600000000000591e+01	8.040600000000000591e+01	8.056600000000000250e+01	8.070399999999999352e+01	8.070399999999999352e+01	8.068099999999999739e+01	8.075000000000000000e+01	8.090999999999999659e+01	8.097799999999999443e+01	8.106999999999999318e+01	8.111599999999999966e+01	8.123000000000000398e+01	8.145900000000000318e+01	8.155100000000000193e+01	8.164199999999999591e+01	8.171099999999999852e+01	8.198499999999999943e+01	8.203100000000000591e+01	8.226000000000000512e+01	8.226000000000000512e+01	8.239700000000000557e+01	8.248900000000000432e+01	8.255800000000000693e+01	8.274099999999999966e+01	8.283199999999999363e+01	8.294700000000000273e+01	8.299299999999999500e+01	8.310699999999999932e+01	8.317600000000000193e+01	8.324399999999999977e+01	8.358799999999999386e+01	8.347299999999999898e+01	8.349599999999999511e+01	8.356499999999999773e+01	8.351900000000000546e+01	8.367900000000000205e+01	8.365600000000000591e+01	8.367900000000000205e+01	8.374800000000000466e+01	8.388500000000000512e+01	8.388500000000000512e+01	8.390800000000000125e+01	8.400000000000000000e+01	8.402299999999999613e+01	8.406799999999999784e+01	8.402299999999999613e+01	8.415999999999999659e+01	8.409099999999999397e+01
1.000000000000000000e+00	2.700810000000000173e+02	2.422489999999999952e+02	2.156980000000000075e+02	1.929470000000000027e+02	1.727369999999999948e+02	1.556399999999999864e+02	1.426850000000000023e+02	1.312179999999999893e+02	1.218110000000000070e+02	1.142349999999999994e+02	1.084210000000000065e+02	1.032030000000000030e+02	9.862500000000000000e+01	9.526099999999999568e+01	9.226200000000000045e+01	8.992799999999999727e+01	8.754699999999999704e+01	8.438899999999999579e+01	8.111599999999999966e+01	7.781999999999999318e+01	7.500499999999999545e+01	7.241800000000000637e+01	7.047299999999999898e+01	6.864199999999999591e+01	6.715399999999999636e+01	6.598699999999999477e+01	6.511700000000000443e+01	6.426999999999999602e+01	6.390400000000000347e+01	6.346900000000000119e+01	6.339999999999999858e+01	6.324000000000000199e+01	6.264500000000000313e+01	6.246200000000000330e+01	6.262199999999999989e+01	6.250800000000000267e+01	6.239300000000000068e+01	6.243900000000000006e+01	6.282800000000000296e+01	6.275900000000000034e+01	6.294299999999999784e+01	6.324000000000000199e+01	6.312599999999999767e+01	6.324000000000000199e+01	6.390400000000000347e+01	6.417799999999999727e+01	6.465900000000000603e+01	6.475100000000000477e+01	6.495699999999999363e+01	6.486499999999999488e+01	6.514000000000000057e+01	6.571200000000000330e+01	6.575799999999999557e+01	6.621599999999999397e+01	6.676500000000000057e+01	6.687900000000000489e+01	6.703900000000000148e+01	6.772599999999999909e+01	6.820699999999999363e+01	6.864199999999999591e+01	6.889300000000000068e+01	6.900799999999999557e+01	6.919100000000000250e+01	6.944299999999999784e+01	6.960299999999999443e+01	6.999200000000000443e+01	7.079300000000000637e+01	7.127400000000000091e+01	7.195999999999999375e+01	7.212099999999999511e+01	7.232699999999999818e+01	7.255599999999999739e+01	7.287600000000000477e+01	7.312800000000000011e+01	7.383700000000000330e+01	7.413500000000000512e+01	7.463800000000000523e+01	7.539400000000000546e+01	7.605700000000000216e+01	7.688100000000000023e+01	7.749899999999999523e+01	7.889600000000000080e+01	8.010899999999999466e+01	8.113899999999999579e+01	8.237500000000000000e+01	8.386199999999999477e+01	8.537300000000000466e+01	8.850900000000000034e+01	9.141500000000000625e+01	9.388700000000000045e+01	9.537500000000000000e+01	9.768699999999999761e+01	9.995300000000000296e+01	1.023329999999999984e+02	1.045300000000000011e+02	1.069339999999999975e+02	1.097950000000000017e+02	1.122669999999999959e+02	1.148990000000000009e+02	1.181029999999999944e+02	1.204830000000000041e+02	1.230469999999999970e+02	1.257480000000000047e+02	1.284029999999999916e+02	1.308290000000000077e+02	1.330720000000000027e+02	1.352230000000000132e+02	1.374209999999999923e+02	1.395260000000000105e+02	1.413799999999999955e+02	1.437379999999999995e+02	1.455459999999999923e+02	1.484300000000000068e+02	1.498029999999999973e+02	1.516570000000000107e+02	1.530759999999999934e+02	1.547930000000000064e+02	1.561889999999999930e+02	1.577220000000000084e+02	1.599879999999999995e+02	1.616129999999999995e+02	1.625289999999999964e+02	1.636730000000000018e+02	1.641539999999999964e+02	1.652980000000000018e+02	1.654130000000000109e+02	1.667400000000000091e+02	1.667400000000000091e+02	1.681370000000000005e+02	1.684799999999999898e+02	1.689379999999999882e+02	1.698300000000000125e+02	1.702419999999999902e+02	1.708830000000000098e+02	1.717069999999999936e+02	1.731719999999999970e+02	1.730800000000000125e+02	1.737439999999999998e+02	1.751630000000000109e+02	1.759869999999999948e+02	1.763530000000000086e+02	1.764910000000000139e+02	1.773830000000000098e+02	1.778410000000000082e+02	1.780929999999999893e+02	1.784819999999999993e+02	1.788480000000000132e+02	1.793979999999999961e+02	1.799699999999999989e+02	1.800840000000000032e+02	1.807249999999999943e+02	1.807940000000000111e+02	1.810680000000000121e+02	1.813429999999999893e+02	1.831740000000000066e+02	1.830600000000000023e+02	1.833340000000000032e+02	1.843640000000000043e+02	1.848679999999999950e+02	1.851879999999999882e+02	1.855550000000000068e+02	1.853489999999999895e+02	1.855089999999999861e+02	1.856690000000000111e+02	1.858520000000000039e+02	1.860579999999999927e+02	1.863100000000000023e+02	1.874770000000000039e+02	1.872019999999999982e+02	1.872479999999999905e+02	1.874540000000000077e+02	1.874770000000000039e+02	1.877290000000000134e+02	1.879120000000000061e+02	1.891020000000000039e+02	1.893079999999999927e+02	1.894449999999999932e+02	1.899029999999999916e+02	1.900860000000000127e+02	1.902239999999999895e+02	1.904070000000000107e+02	1.906129999999999995e+02	1.907959999999999923e+02	1.918950000000000102e+02	1.921009999999999991e+02	1.925349999999999966e+02	1.927189999999999941e+02	1.929929999999999950e+02	1.931759999999999877e+02
1.000000000000000000e+00	4.808349999999999795e+02	4.314420000000000073e+02	3.898319999999999936e+02	3.538740000000000236e+02	3.215790000000000077e+02	2.936549999999999727e+02	2.696689999999999827e+02	2.515180000000000007e+02	2.369610000000000127e+02	2.253569999999999993e+02	2.159039999999999964e+02	2.089000000000000057e+02	2.029499999999999886e+02	1.973189999999999884e+02	1.930620000000000118e+02	1.896289999999999907e+02	1.861949999999999932e+02	1.833569999999999993e+02	1.809079999999999870e+02	1.782299999999999898e+02	1.757350000000000136e+02	1.737210000000000036e+02	1.721189999999999998e+02	1.710660000000000025e+02	1.699219999999999970e+02	1.689149999999999920e+02	1.674499999999999886e+02	1.665120000000000005e+02	1.650469999999999970e+02	1.637649999999999864e+02	1.628269999999999982e+02	1.619339999999999975e+02	1.611330000000000098e+02	1.603779999999999859e+02	1.598739999999999952e+02	1.594850000000000136e+02	1.596680000000000064e+02	1.605380000000000109e+02	1.608580000000000041e+02	1.612239999999999895e+02	1.618650000000000091e+02	1.625980000000000132e+02	1.633530000000000086e+02	1.644739999999999895e+02	1.656879999999999882e+02	1.667400000000000091e+02	1.676560000000000059e+02	1.684799999999999898e+02	1.695790000000000077e+02	1.700130000000000052e+02	1.704939999999999998e+02	1.709290000000000020e+02	1.712040000000000077e+02	1.719590000000000032e+02	1.723480000000000132e+02	1.727599999999999909e+02	1.732410000000000139e+02	1.739960000000000093e+02	1.743160000000000025e+02	1.747740000000000009e+02	1.753460000000000036e+02	1.758499999999999943e+02	1.765140000000000100e+02	1.770399999999999920e+02	1.774749999999999943e+02	1.779329999999999927e+02	1.782069999999999936e+02	1.786879999999999882e+02	1.792139999999999986e+02	1.796260000000000048e+02	1.800380000000000109e+02	1.812290000000000134e+02	1.818700000000000045e+02	1.819840000000000089e+02	1.821440000000000055e+02	1.826479999999999961e+02	1.831970000000000027e+02	1.836779999999999973e+02	1.838609999999999900e+02	1.842040000000000077e+02	1.844790000000000134e+02	1.850049999999999955e+02	1.853259999999999934e+02	1.860120000000000005e+02	1.865159999999999911e+02	1.867220000000000084e+02	1.867450000000000045e+02	1.874540000000000077e+02	1.877520000000000095e+02	1.880949999999999989e+02	1.888499999999999943e+02	1.895829999999999984e+02	1.898350000000000080e+02	1.902239999999999895e+02	1.905209999999999866e+02	1.909329999999999927e+02	1.913449999999999989e+02	1.918950000000000102e+02	1.926040000000000134e+02	1.931990000000000123e+02	1.938859999999999957e+02	1.951680000000000064e+02	1.961519999999999868e+02	1.974790000000000134e+02	1.986920000000000073e+02	2.002259999999999991e+02	2.021709999999999923e+02	2.043460000000000036e+02	2.069550000000000125e+02	2.098160000000000025e+02	2.131579999999999870e+02	2.172319999999999993e+02	2.219919999999999902e+02	2.272570000000000050e+02	2.329559999999999889e+02	2.395250000000000057e+02	2.467350000000000136e+02	2.547230000000000132e+02	2.631680000000000064e+02	2.724150000000000205e+02	2.816159999999999854e+02	2.915040000000000191e+02	3.027420000000000186e+02	3.132479999999999905e+02	3.240969999999999800e+02	3.344649999999999750e+02	3.447649999999999864e+02	3.550869999999999891e+02	3.664630000000000223e+02	3.747019999999999982e+02	3.830339999999999918e+02	3.917540000000000191e+02	3.995590000000000259e+02	4.066999999999999886e+02	4.129710000000000036e+02	4.189449999999999932e+02	4.246899999999999977e+02	4.297710000000000150e+02	4.344859999999999900e+02	4.407350000000000136e+02	4.444660000000000082e+02	4.479680000000000177e+02	4.513319999999999936e+02	4.542389999999999759e+02	4.575579999999999927e+02	4.601899999999999977e+02	4.622959999999999923e+02	4.644700000000000273e+02	4.664839999999999804e+02	4.682690000000000055e+02	4.698940000000000055e+02	4.713360000000000127e+02	4.730299999999999727e+02	4.742429999999999950e+02	4.748380000000000223e+02	4.795070000000000050e+02	4.797359999999999900e+02	4.803539999999999850e+02	4.810640000000000214e+02	4.817730000000000246e+02	4.824830000000000041e+02	4.836270000000000095e+02	4.842450000000000045e+02	4.848179999999999836e+02	4.862139999999999986e+02	4.876329999999999814e+02	4.876560000000000059e+02	4.882740000000000009e+02	4.887540000000000191e+02	4.893039999999999736e+02	4.898070000000000164e+02	4.894870000000000232e+02	4.900819999999999936e+02	4.912719999999999914e+02	4.912490000000000236e+02	4.914549999999999841e+02	4.919820000000000277e+02	4.925079999999999814e+02	4.935380000000000109e+02	4.934689999999999941e+02	4.942019999999999982e+02	4.960330000000000155e+02	4.946370000000000005e+02	4.949110000000000014e+02	4.952090000000000032e+02	4.958039999999999736e+02	4.961700000000000159e+02	4.965129999999999768e+02	4.968340000000000032e+02
0.000000000000000000e+00	1.972050000000000125e+02	1.843180000000000121e+02	1.705860000000000127e+02	1.580430000000000064e+02	1.470569999999999879e+02	1.373750000000000000e+02	1.286769999999999925e+02	1.215819999999999936e+02	1.157000000000000028e+02	1.104360000000000070e+02	1.062240000000000038e+02	1.027219999999999942e+02	9.970099999999999341e+01	9.711499999999999488e+01	9.418500000000000227e+01	9.109499999999999886e+01	8.823399999999999466e+01	8.553300000000000125e+01	8.296999999999999886e+01	8.102400000000000091e+01	7.917000000000000171e+01	7.749899999999999523e+01	7.610299999999999443e+01	7.475300000000000011e+01	7.347100000000000364e+01	7.276200000000000045e+01	7.182299999999999329e+01	7.099899999999999523e+01	7.026699999999999591e+01	6.985500000000000398e+01	6.907699999999999818e+01	6.850400000000000489e+01	6.816100000000000136e+01	6.781799999999999784e+01	6.784099999999999397e+01	6.774899999999999523e+01	6.738299999999999557e+01	6.733700000000000330e+01	6.708499999999999375e+01	6.710800000000000409e+01	6.703900000000000148e+01	6.715399999999999636e+01	6.710800000000000409e+01	6.699399999999999977e+01	6.703900000000000148e+01	6.685599999999999454e+01	6.710800000000000409e+01	6.724500000000000455e+01	6.747400000000000375e+01	6.751999999999999602e+01	6.758899999999999864e+01	6.784099999999999397e+01	6.806900000000000261e+01	6.813800000000000523e+01	6.848099999999999454e+01	6.861899999999999977e+01	6.898499999999999943e+01	6.907699999999999818e+01	6.944299999999999784e+01	6.967199999999999704e+01	6.994599999999999795e+01	7.031199999999999761e+01	7.049599999999999511e+01	7.109099999999999397e+01	7.134199999999999875e+01	7.161700000000000443e+01	7.186899999999999977e+01	7.198300000000000409e+01	7.200600000000000023e+01	7.209799999999999898e+01	7.234999999999999432e+01	7.260099999999999909e+01	7.280700000000000216e+01	7.285299999999999443e+01	7.298999999999999488e+01	7.305899999999999750e+01	7.370000000000000284e+01	7.383700000000000330e+01	7.406600000000000250e+01	7.424899999999999523e+01	7.431799999999999784e+01	7.456999999999999318e+01	7.470699999999999363e+01	7.484399999999999409e+01	7.482099999999999795e+01	7.507299999999999329e+01	7.559999999999999432e+01	7.589700000000000557e+01	7.624099999999999966e+01	7.646899999999999409e+01	7.669799999999999329e+01	7.697299999999999898e+01	7.708700000000000330e+01	7.724800000000000466e+01	7.743099999999999739e+01	7.759099999999999397e+01	7.777400000000000091e+01	7.804900000000000659e+01	7.825499999999999545e+01	7.839199999999999591e+01	7.878100000000000591e+01	7.889600000000000080e+01	7.910200000000000387e+01	7.937600000000000477e+01	7.949099999999999966e+01	7.960500000000000398e+01	7.983400000000000318e+01	7.987999999999999545e+01	8.006300000000000239e+01	8.040600000000000591e+01	8.054399999999999693e+01	8.068099999999999739e+01	8.111599999999999966e+01	8.127599999999999625e+01	8.173399999999999466e+01	8.203100000000000591e+01	8.239700000000000557e+01	8.246599999999999397e+01	8.274099999999999966e+01	8.301500000000000057e+01	8.351900000000000546e+01	8.418300000000000693e+01	8.438899999999999579e+01	8.452599999999999625e+01	8.475499999999999545e+01	8.498399999999999466e+01	8.507500000000000284e+01	8.525799999999999557e+01	8.544199999999999307e+01	8.553300000000000125e+01	8.580800000000000693e+01	8.603700000000000614e+01	8.615099999999999625e+01	8.635699999999999932e+01	8.656300000000000239e+01	8.660899999999999466e+01	8.692900000000000205e+01	8.697499999999999432e+01	8.718099999999999739e+01	8.745600000000000307e+01	8.761599999999999966e+01	8.784499999999999886e+01	8.814199999999999591e+01	8.834799999999999898e+01	8.857699999999999818e+01	8.876000000000000512e+01	8.901200000000000045e+01	8.919499999999999318e+01	8.949299999999999500e+01	8.962999999999999545e+01	8.985899999999999466e+01	9.008799999999999386e+01	9.040800000000000125e+01	9.059099999999999397e+01	9.091200000000000614e+01	9.114100000000000534e+01	9.130100000000000193e+01	9.157599999999999341e+01	9.184999999999999432e+01	9.191899999999999693e+01	9.233100000000000307e+01	9.251399999999999579e+01	9.265099999999999625e+01	9.294899999999999807e+01	9.315500000000000114e+01	9.331499999999999773e+01	9.354399999999999693e+01	9.388700000000000045e+01	9.402500000000000568e+01	9.443699999999999761e+01	9.459699999999999420e+01	9.487199999999999989e+01	9.514600000000000080e+01	9.542100000000000648e+01	9.560399999999999920e+01	9.596999999999999886e+01	9.622199999999999420e+01	9.633599999999999852e+01	9.665699999999999648e+01	9.693099999999999739e+01	9.704600000000000648e+01	9.738899999999999579e+01	9.764100000000000534e+01	9.789300000000000068e+01	9.816700000000000159e+01	9.851099999999999568e+01	9.857899999999999352e+01	9.894599999999999795e+01	9.926600000000000534e+01
1.000000000000000000e+00	4.960779999999999745e+02	4.440079999999999814e+02	3.976820000000000164e+02	3.543550000000000182e+02	3.224259999999999877e+02	2.925799999999999841e+02	2.659839999999999804e+02	2.441479999999999961e+02	2.241899999999999977e+02	2.110749999999999886e+02	1.972500000000000000e+02	1.869739999999999895e+02	1.778180000000000121e+02	1.710430000000000064e+02	1.693040000000000020e+02	1.631699999999999875e+02	1.601490000000000009e+02	1.571500000000000057e+02	1.546550000000000011e+02	1.524809999999999945e+02	1.504670000000000130e+02	1.487500000000000000e+02	1.471479999999999961e+02	1.460720000000000027e+02	1.452030000000000030e+02	1.463240000000000123e+02	1.454089999999999918e+02	1.445850000000000080e+02	1.441730000000000018e+02	1.444470000000000027e+02	1.441500000000000057e+02	1.441500000000000057e+02	1.440120000000000005e+02	1.437150000000000034e+02	1.437379999999999995e+02	1.435089999999999861e+02	1.432800000000000011e+02	1.428679999999999950e+02	1.430049999999999955e+02	1.430509999999999877e+02	1.433940000000000055e+02	1.447909999999999968e+02	1.450200000000000102e+02	1.449509999999999934e+02	1.450879999999999939e+02	1.451339999999999861e+02	1.455000000000000000e+02	1.457290000000000134e+02	1.459120000000000061e+02	1.461409999999999911e+02	1.464610000000000127e+02	1.468050000000000068e+02	1.471709999999999923e+02	1.472630000000000052e+02	1.477429999999999950e+02	1.482239999999999895e+02	1.484759999999999991e+02	1.494370000000000118e+02	1.498720000000000141e+02	1.502609999999999957e+02	1.507189999999999941e+02	1.508100000000000023e+02	1.511539999999999964e+02	1.513139999999999930e+02	1.516570000000000107e+02	1.519550000000000125e+02	1.522520000000000095e+02	1.525730000000000075e+02	1.530759999999999934e+02	1.534420000000000073e+02	1.538089999999999975e+02	1.540600000000000023e+02	1.542659999999999911e+02	1.547470000000000141e+02	1.550670000000000073e+02	1.554110000000000014e+02	1.560519999999999925e+02	1.566469999999999914e+02	1.590500000000000114e+02	1.595310000000000059e+02	1.602860000000000014e+02	1.609039999999999964e+02	1.616819999999999879e+02	1.626430000000000007e+02	1.637880000000000109e+02	1.641539999999999964e+02	1.657789999999999964e+02	1.674269999999999925e+02	1.700589999999999975e+02	1.731490000000000009e+02	1.729890000000000043e+02	1.801299999999999955e+02	1.859439999999999884e+02	1.904300000000000068e+02	1.981430000000000007e+02	2.038189999999999884e+02	2.145540000000000020e+02	2.220149999999999864e+02	2.287669999999999959e+02	2.421109999999999900e+02	2.490229999999999961e+02	2.594150000000000205e+02	2.696909999999999741e+02	2.806779999999999973e+02	2.908399999999999750e+02	3.002470000000000141e+02	3.094710000000000036e+02	3.194049999999999727e+02	3.263170000000000073e+02	3.347400000000000091e+02	3.422470000000000141e+02	3.487699999999999818e+02	3.543550000000000182e+02	3.599399999999999977e+02	3.652040000000000077e+02	3.696209999999999809e+02	3.737869999999999777e+02	3.778149999999999977e+02	3.802869999999999777e+02	3.835140000000000100e+02	3.863530000000000086e+02	3.892590000000000146e+02	3.917769999999999868e+02	3.951190000000000282e+02	3.967210000000000036e+02	3.995360000000000014e+02	4.005659999999999741e+02	4.018709999999999809e+02	4.042049999999999841e+02	4.056019999999999754e+02	4.067690000000000055e+02	4.085079999999999814e+02	4.103849999999999909e+02	4.113460000000000036e+02	4.122850000000000250e+02	4.144590000000000032e+02	4.149399999999999977e+02	4.156720000000000255e+02	4.163820000000000050e+02	4.171370000000000005e+02	4.181209999999999809e+02	4.189220000000000255e+02	4.206390000000000100e+02	4.217610000000000241e+02	4.241410000000000196e+02	4.243700000000000045e+02	4.257660000000000196e+02	4.255140000000000100e+02	4.259259999999999877e+02	4.262699999999999818e+02	4.414440000000000168e+02	4.444660000000000082e+02	4.454039999999999964e+02	4.484479999999999791e+02	4.499820000000000277e+02	4.507139999999999986e+02	4.514010000000000105e+02	4.517900000000000205e+02	4.523849999999999909e+02	4.534610000000000127e+02	4.549710000000000036e+02	4.551539999999999964e+02	4.555659999999999741e+02	4.557719999999999914e+02	4.562069999999999936e+02	4.569169999999999732e+02	4.579010000000000105e+02	4.595950000000000273e+02	4.589309999999999832e+02	4.660489999999999782e+02	4.655000000000000000e+02	4.651569999999999823e+02	4.648589999999999804e+02	4.651789999999999736e+02	4.658890000000000100e+02	4.654769999999999754e+02	4.652939999999999827e+02	4.651340000000000146e+02	4.651340000000000146e+02	4.660950000000000273e+02	4.677200000000000273e+02	4.675830000000000268e+02	4.687040000000000077e+02	4.696659999999999968e+02	4.688419999999999845e+02	4.701229999999999905e+02	4.697799999999999727e+02	4.702610000000000241e+02	4.701920000000000073e+02
1.000000000000000000e+00	2.938609999999999900e+02	2.652280000000000086e+02	2.418820000000000050e+02	2.184219999999999970e+02	1.979139999999999873e+02	1.799240000000000066e+02	1.654360000000000070e+02	1.539000000000000057e+02	1.441730000000000018e+02	1.357270000000000039e+02	1.302340000000000089e+02	1.253810000000000002e+02	1.213760000000000048e+02	1.178970000000000056e+02	1.149219999999999970e+02	1.120829999999999984e+02	1.097489999999999952e+02	1.075289999999999964e+02	1.053539999999999992e+02	1.016460000000000008e+02	9.873999999999999488e+01	9.603900000000000148e+01	9.354399999999999693e+01	9.125499999999999545e+01	8.926399999999999579e+01	8.761599999999999966e+01	8.626600000000000534e+01	8.516700000000000159e+01	8.448000000000000398e+01	8.397700000000000387e+01	8.342700000000000671e+01	8.317600000000000193e+01	8.285500000000000398e+01	8.260299999999999443e+01	8.255800000000000693e+01	8.246599999999999397e+01	8.246599999999999397e+01	8.244299999999999784e+01	8.248900000000000432e+01	8.264900000000000091e+01	8.285500000000000398e+01	8.301500000000000057e+01	8.338200000000000500e+01	8.370199999999999818e+01	8.415999999999999659e+01	8.454900000000000659e+01	8.518999999999999773e+01	8.589900000000000091e+01	8.635699999999999932e+01	8.697499999999999432e+01	8.756999999999999318e+01	8.800499999999999545e+01	8.848600000000000421e+01	8.898900000000000432e+01	8.949299999999999500e+01	8.999599999999999511e+01	9.043099999999999739e+01	9.100300000000000011e+01	9.141500000000000625e+01	9.194199999999999307e+01	9.253700000000000614e+01	9.310899999999999466e+01	9.347499999999999432e+01	9.395600000000000307e+01	9.450499999999999545e+01	9.503199999999999648e+01	9.558100000000000307e+01	9.599299999999999500e+01	9.633599999999999852e+01	9.677100000000000080e+01	9.720600000000000307e+01	9.768699999999999761e+01	9.809900000000000375e+01	9.855700000000000216e+01	9.901399999999999579e+01	9.949500000000000455e+01	9.999800000000000466e+01	1.006389999999999958e+02	1.011200000000000045e+02	1.016919999999999931e+02	1.022189999999999941e+02	1.026080000000000041e+02	1.032030000000000030e+02	1.037519999999999953e+02	1.042789999999999964e+02	1.048970000000000056e+02	1.054000000000000057e+02	1.060870000000000033e+02	1.067279999999999944e+02	1.073679999999999950e+02	1.081919999999999931e+02	1.089020000000000010e+02	1.096800000000000068e+02	1.104129999999999967e+02	1.113509999999999991e+02	1.122439999999999998e+02	1.132049999999999983e+02	1.145319999999999965e+02	1.156539999999999964e+02	1.168670000000000044e+02	1.181490000000000009e+02	1.196590000000000060e+02	1.213529999999999944e+02	1.232069999999999936e+02	1.249470000000000027e+02	1.265259999999999962e+02	1.285629999999999882e+02	1.307369999999999948e+02	1.330490000000000066e+02	1.353839999999999861e+02	1.379699999999999989e+02	1.407170000000000130e+02	1.436229999999999905e+02	1.466450000000000102e+02	1.497119999999999891e+02	1.530759999999999934e+02	1.564410000000000025e+02	1.597820000000000107e+02	1.633530000000000086e+02	1.660999999999999943e+02	1.690980000000000132e+02	1.720500000000000114e+02	1.749569999999999936e+02	1.781390000000000100e+02	1.810680000000000121e+02	1.837920000000000016e+02	1.868129999999999882e+02	1.893079999999999927e+02	1.918489999999999895e+02	1.949840000000000089e+02	1.972500000000000000e+02	1.997220000000000084e+02	2.020800000000000125e+02	2.044830000000000041e+02	2.064970000000000141e+02	2.084660000000000082e+02	2.104339999999999975e+02	2.121730000000000018e+02	2.138209999999999980e+02	2.157899999999999920e+02	2.168199999999999932e+02	2.184910000000000139e+02	2.194060000000000059e+02	2.207789999999999964e+02	2.217179999999999893e+02	2.230680000000000121e+02	2.237090000000000032e+02	2.244869999999999948e+02	2.257690000000000055e+02	2.259979999999999905e+02	2.271189999999999998e+02	2.275769999999999982e+02	2.280120000000000005e+02	2.285159999999999911e+02	2.289509999999999934e+02	2.293170000000000073e+02	2.297740000000000009e+02	2.300949999999999989e+02	2.307359999999999900e+02	2.307359999999999900e+02	2.310099999999999909e+02	2.312390000000000043e+02	2.314449999999999932e+02	2.316740000000000066e+02	2.319029999999999916e+02	2.320860000000000127e+02	2.322920000000000016e+02	2.324519999999999982e+02	2.327040000000000077e+02	2.329099999999999966e+02	2.330699999999999932e+02	2.332079999999999984e+02	2.339399999999999977e+02	2.338710000000000093e+02	2.340550000000000068e+02	2.345120000000000005e+02	2.342379999999999995e+02	2.349240000000000066e+02	2.344209999999999923e+02	2.346500000000000057e+02	2.346270000000000095e+02	2.349010000000000105e+02	2.349010000000000105e+02	2.351299999999999955e+02	2.349929999999999950e+02	2.350850000000000080e+02	2.354509999999999934e+02	2.354970000000000141e+02	2.354509999999999934e+02
0.000000000000000000e+00	5.528179999999999836e+02	4.868999999999999773e+02	4.301829999999999927e+02	3.746340000000000146e+02	3.286510000000000105e+02	2.901990000000000123e+02	2.614750000000000227e+02	2.385639999999999930e+02	2.213750000000000000e+02	2.075960000000000036e+02	1.966550000000000011e+02	1.877750000000000057e+02	1.801529999999999916e+02	1.736980000000000075e+02	1.679989999999999952e+02	1.632160000000000082e+02	1.586839999999999975e+02	1.550449999999999875e+02	1.511310000000000002e+02	1.476750000000000114e+02	1.443329999999999984e+02	1.415409999999999968e+02	1.386800000000000068e+02	1.353839999999999861e+02	1.320420000000000016e+02	1.294559999999999889e+02	1.269839999999999947e+02	1.246719999999999970e+02	1.230010000000000048e+02	1.213760000000000048e+02	1.198430000000000035e+02	1.185379999999999967e+02	1.173250000000000028e+02	1.167069999999999936e+02	1.159290000000000020e+02	1.151959999999999980e+02	1.146239999999999952e+02	1.139599999999999937e+02	1.134569999999999936e+02	1.123119999999999976e+02	1.113970000000000056e+02	1.106869999999999976e+02	1.102069999999999936e+02	1.098629999999999995e+02	1.097720000000000056e+02	1.093829999999999956e+02	1.096119999999999948e+02	1.095889999999999986e+02	1.094509999999999934e+02	1.097259999999999991e+02	1.098629999999999995e+02	1.099779999999999944e+02	1.103209999999999980e+02	1.105040000000000049e+02	1.105960000000000036e+02	1.107560000000000002e+02	1.114200000000000017e+02	1.122890000000000015e+02	1.124950000000000045e+02	1.125870000000000033e+02	1.127009999999999934e+02	1.132740000000000009e+02	1.135030000000000001e+02	1.136400000000000006e+02	1.142579999999999956e+02	1.145100000000000051e+02	1.148990000000000009e+02	1.150819999999999936e+02	1.153340000000000032e+02	1.154249999999999972e+02	1.159740000000000038e+02	1.164320000000000022e+02	1.158829999999999956e+02	1.155619999999999976e+02	1.153110000000000070e+02	1.152650000000000006e+02	1.152650000000000006e+02	1.153340000000000032e+02	1.154939999999999998e+02	1.157909999999999968e+02	1.146929999999999978e+02	1.141659999999999968e+02	1.143490000000000038e+02	1.145550000000000068e+02	1.147379999999999995e+02	1.152650000000000006e+02	1.163409999999999940e+02	1.165699999999999932e+02	1.172330000000000041e+02	1.174849999999999994e+02	1.175769999999999982e+02	1.180340000000000060e+02	1.182860000000000014e+02	1.184009999999999962e+02	1.189959999999999951e+02	1.193160000000000025e+02	1.194759999999999991e+02	1.200490000000000066e+02	1.208269999999999982e+02	1.211700000000000017e+02	1.217879999999999967e+02	1.221770000000000067e+02	1.224060000000000059e+02	1.232300000000000040e+02	1.236880000000000024e+02	1.239849999999999994e+02	1.245570000000000022e+02	1.250379999999999967e+02	1.253810000000000002e+02	1.259539999999999935e+02	1.264110000000000014e+02	1.265030000000000001e+02	1.272579999999999956e+02	1.281510000000000105e+02	1.285860000000000127e+02	1.291349999999999909e+02	1.296390000000000100e+02	1.299590000000000032e+02	1.305310000000000059e+02	1.309890000000000043e+02	1.311040000000000134e+02	1.315380000000000109e+02	1.319050000000000011e+02	1.322249999999999943e+02	1.326370000000000005e+02	1.330029999999999859e+02	1.333240000000000123e+02	1.337359999999999900e+02	1.340560000000000116e+02	1.343990000000000009e+02	1.347199999999999989e+02	1.351090000000000089e+02	1.350399999999999920e+02	1.354979999999999905e+02	1.359099999999999966e+02	1.362299999999999898e+02	1.367800000000000011e+02	1.372599999999999909e+02	1.374890000000000043e+02	1.379240000000000066e+02	1.383820000000000050e+02	1.387249999999999943e+02	1.393199999999999932e+02	1.398009999999999877e+02	1.401899999999999977e+02	1.408079999999999927e+02	1.409449999999999932e+02	1.412889999999999873e+02	1.419300000000000068e+02	1.423650000000000091e+02	1.428220000000000027e+02	1.432110000000000127e+02	1.436920000000000073e+02	1.440579999999999927e+02	1.445159999999999911e+02	1.450879999999999939e+02	1.454089999999999918e+02	1.460039999999999907e+02	1.463930000000000007e+02	1.466450000000000102e+02	1.467129999999999939e+02	1.470790000000000077e+02	1.473309999999999889e+02	1.478810000000000002e+02	1.481550000000000011e+02	1.485670000000000073e+02	1.491850000000000023e+02	1.495740000000000123e+02	1.498489999999999895e+02	1.503520000000000039e+02	1.507419999999999902e+02	1.521839999999999975e+02	1.523439999999999941e+02	1.525269999999999868e+02	1.526179999999999950e+02	1.529619999999999891e+02	1.529389999999999930e+02	1.529159999999999968e+02	1.532820000000000107e+02	1.534650000000000034e+02	1.534650000000000034e+02	1.537170000000000130e+02	1.539459999999999980e+02	1.538309999999999889e+02	1.540370000000000061e+02	1.540600000000000023e+02	1.540149999999999864e+02	1.541289999999999907e+02	1.541289999999999907e+02
1.000000000000000000e+00	4.043199999999999932e+02	3.673100000000000023e+02	3.403929999999999723e+02	3.130190000000000055e+02	2.886200000000000045e+02	2.673340000000000032e+02	2.501220000000000141e+02	2.319029999999999916e+02	2.196579999999999870e+02	2.100449999999999875e+02	2.022400000000000091e+02	1.954190000000000111e+02	1.898799999999999955e+02	1.850049999999999955e+02	1.810680000000000121e+02	1.775889999999999986e+02	1.740420000000000016e+02	1.690749999999999886e+02	1.624830000000000041e+02	1.556169999999999902e+02	1.497800000000000011e+02	1.454089999999999918e+02	1.417470000000000141e+02	1.389079999999999870e+02	1.367340000000000089e+02	1.350860000000000127e+02	1.338040000000000020e+02	1.321790000000000020e+02	1.308979999999999961e+02	1.296160000000000139e+02	1.288149999999999977e+02	1.281970000000000027e+02	1.274869999999999948e+02	1.268229999999999933e+02	1.264339999999999975e+02	1.259309999999999974e+02	1.258160000000000025e+02	1.259989999999999952e+02	1.261830000000000069e+02	1.256099999999999994e+02	1.254270000000000067e+02	1.252210000000000036e+02	1.250840000000000032e+02	1.251749999999999972e+02	1.252210000000000036e+02	1.249009999999999962e+02	1.247860000000000014e+02	1.246260000000000048e+02	1.244200000000000017e+02	1.245570000000000022e+02	1.245570000000000022e+02	1.247180000000000035e+02	1.250610000000000070e+02	1.247630000000000052e+02	1.244659999999999940e+02	1.246490000000000009e+02	1.247409999999999997e+02	1.257480000000000047e+02	1.259770000000000039e+02	1.256790000000000020e+02	1.258619999999999948e+02	1.260679999999999978e+02	1.267549999999999955e+02	1.267780000000000058e+02	1.268919999999999959e+02	1.272579999999999956e+02	1.271899999999999977e+02	1.268689999999999998e+02	1.266860000000000070e+02	1.263199999999999932e+02	1.262740000000000009e+02	1.264800000000000040e+02	1.265030000000000001e+02	1.266860000000000070e+02	1.276250000000000000e+02	1.273960000000000008e+02	1.271670000000000016e+02	1.272810000000000059e+02	1.269839999999999947e+02	1.272810000000000059e+02	1.272579999999999956e+02	1.270520000000000067e+02	1.273499999999999943e+02	1.270289999999999964e+02	1.274639999999999986e+02	1.274869999999999948e+02	1.276470000000000056e+02	1.279680000000000035e+02	1.290440000000000111e+02	1.291349999999999909e+02	1.319050000000000011e+02	1.317210000000000036e+02	1.319960000000000093e+02	1.319269999999999925e+02	1.320190000000000055e+02	1.322249999999999943e+02	1.326370000000000005e+02	1.334379999999999882e+02	1.338040000000000020e+02	1.343990000000000009e+02	1.361850000000000023e+02	1.371920000000000073e+02	1.383360000000000127e+02	1.401899999999999977e+02	1.415629999999999882e+02	1.437609999999999957e+02	1.463470000000000084e+02	1.490250000000000057e+02	1.516339999999999861e+02	1.554790000000000134e+02	1.601939999999999884e+02	1.651839999999999975e+02	1.714319999999999879e+02	1.774060000000000059e+02	1.849590000000000032e+02	1.922839999999999918e+02	2.004550000000000125e+02	2.080080000000000098e+02	2.152860000000000014e+02	2.228619999999999948e+02	2.292940000000000111e+02	2.353820000000000050e+02	2.415159999999999911e+02	2.469639999999999986e+02	2.532580000000000098e+02	2.568969999999999914e+02	2.606050000000000182e+02	2.654110000000000014e+02	2.697599999999999909e+02	2.732160000000000082e+02	2.754820000000000277e+02	2.777250000000000227e+02	2.828519999999999754e+02	2.839049999999999727e+02	2.851639999999999873e+02	2.872470000000000141e+02	2.927629999999999768e+02	3.012540000000000191e+02	3.009800000000000182e+02	3.011859999999999786e+02	3.020319999999999823e+02	3.026730000000000018e+02	3.037490000000000236e+02	3.046879999999999882e+02	3.052830000000000155e+02	3.059230000000000018e+02	3.071589999999999918e+02	3.079150000000000205e+02	3.092189999999999941e+02	3.105240000000000009e+02	3.115539999999999736e+02	3.127669999999999959e+02	3.139569999999999936e+02	3.150790000000000077e+02	3.162459999999999809e+02	3.162459999999999809e+02	3.176190000000000282e+02	3.175280000000000200e+02	3.188319999999999936e+02	3.191990000000000123e+02	3.194499999999999886e+02	3.197019999999999982e+02	3.193589999999999804e+02	3.189700000000000273e+02	3.244169999999999732e+02	3.242799999999999727e+02	3.249889999999999759e+02	3.249209999999999923e+02	3.253779999999999859e+02	3.254239999999999782e+02	3.257679999999999723e+02	3.261340000000000146e+02	3.265230000000000246e+02	3.270260000000000105e+02	3.275760000000000218e+02	3.283770000000000095e+02	3.288799999999999955e+02	3.295899999999999750e+02	3.302540000000000191e+02	3.311920000000000073e+02	3.319239999999999782e+02	3.327939999999999827e+02	3.330000000000000000e+02	3.330919999999999845e+02	3.331600000000000250e+02	3.343279999999999745e+02	3.345570000000000164e+02	3.349230000000000018e+02	3.349909999999999854e+02
1.000000000000000000e+00	2.403720000000000141e+02	2.197489999999999952e+02	2.035680000000000121e+02	1.878199999999999932e+02	1.747740000000000009e+02	1.632160000000000082e+02	1.531450000000000102e+02	1.439209999999999923e+02	1.366200000000000045e+02	1.300049999999999955e+02	1.232300000000000040e+02	1.163409999999999940e+02	1.103670000000000044e+02	1.048739999999999952e+02	1.003649999999999949e+02	9.665699999999999648e+01	9.310899999999999466e+01	9.006499999999999773e+01	8.756999999999999318e+01	8.498399999999999466e+01	8.303799999999999670e+01	8.118399999999999750e+01	7.965099999999999625e+01	7.836899999999999977e+01	7.701900000000000546e+01	7.592000000000000171e+01	7.507299999999999329e+01	7.418099999999999739e+01	7.303600000000000136e+01	7.230400000000000205e+01	7.186899999999999977e+01	7.115900000000000603e+01	7.072400000000000375e+01	7.026699999999999591e+01	6.971699999999999875e+01	6.928300000000000125e+01	6.891599999999999682e+01	6.852700000000000102e+01	6.832099999999999795e+01	6.809199999999999875e+01	6.804699999999999704e+01	6.795499999999999829e+01	6.774899999999999523e+01	6.779500000000000171e+01	6.800100000000000477e+01	6.793200000000000216e+01	6.777200000000000557e+01	6.777200000000000557e+01	6.779500000000000171e+01	6.809199999999999875e+01	6.836700000000000443e+01	6.854999999999999716e+01	6.870999999999999375e+01	6.898499999999999943e+01	6.907699999999999818e+01	6.942000000000000171e+01	6.971699999999999875e+01	6.976300000000000523e+01	6.976300000000000523e+01	7.010699999999999932e+01	7.047299999999999898e+01	7.079300000000000637e+01	7.104500000000000171e+01	7.104500000000000171e+01	7.111400000000000432e+01	7.125100000000000477e+01	7.118200000000000216e+01	7.143399999999999750e+01	7.182299999999999329e+01	7.223499999999999943e+01	7.253300000000000125e+01	7.253300000000000125e+01	7.264700000000000557e+01	7.271599999999999397e+01	7.292199999999999704e+01	7.321899999999999409e+01	7.349399999999999977e+01	7.372299999999999898e+01	7.447799999999999443e+01	7.456999999999999318e+01	7.459300000000000352e+01	7.473000000000000398e+01	7.473000000000000398e+01	7.527899999999999636e+01	7.550799999999999557e+01	7.585099999999999909e+01	7.607999999999999829e+01	7.614900000000000091e+01	7.658400000000000318e+01	7.743099999999999739e+01	7.779699999999999704e+01	7.834600000000000364e+01	7.891800000000000637e+01	7.912399999999999523e+01	7.969700000000000273e+01	8.029200000000000159e+01	8.084099999999999397e+01	8.292400000000000659e+01	8.329000000000000625e+01	8.461799999999999500e+01	8.518999999999999773e+01	8.560200000000000387e+01	8.706699999999999307e+01	8.818800000000000239e+01	8.946999999999999886e+01	9.164400000000000546e+01	9.345199999999999818e+01	9.448199999999999932e+01	9.645099999999999341e+01	9.764100000000000534e+01	1.001359999999999957e+02	1.024249999999999972e+02	1.043010000000000019e+02	1.061099999999999994e+02	1.079410000000000025e+02	1.097720000000000056e+02	1.117399999999999949e+02	1.140750000000000028e+02	1.154710000000000036e+02	1.176219999999999999e+02	1.189039999999999964e+02	1.202549999999999955e+02	1.219020000000000010e+02	1.230930000000000035e+02	1.240540000000000020e+02	1.258389999999999986e+02	1.274189999999999969e+02	1.281049999999999898e+02	1.290209999999999866e+02	1.297760000000000105e+02	1.314470000000000027e+02	1.319960000000000093e+02	1.329799999999999898e+02	1.337359999999999900e+02	1.341930000000000121e+02	1.345370000000000061e+02	1.349950000000000045e+02	1.354060000000000059e+02	1.355900000000000034e+02	1.359559999999999889e+02	1.360699999999999932e+02	1.364590000000000032e+02	1.365279999999999916e+02	1.369399999999999977e+02	1.381299999999999955e+02	1.383820000000000050e+02	1.386570000000000107e+02	1.391829999999999927e+02	1.390689999999999884e+02	1.394809999999999945e+02	1.395949999999999989e+02	1.398930000000000007e+02	1.400070000000000050e+02	1.399610000000000127e+02	1.406709999999999923e+02	1.409910000000000139e+02	1.413799999999999955e+02	1.417239999999999895e+02	1.421589999999999918e+02	1.437379999999999995e+02	1.438290000000000077e+02	1.440809999999999889e+02	1.441270000000000095e+02	1.441500000000000057e+02	1.442179999999999893e+02	1.443100000000000023e+02	1.443100000000000023e+02	1.443789999999999907e+02	1.444929999999999950e+02	1.447220000000000084e+02	1.446529999999999916e+02	1.456599999999999966e+02	1.462330000000000041e+02	1.461179999999999950e+02	1.461409999999999911e+02	1.461870000000000118e+02	1.463930000000000007e+02	1.467129999999999939e+02	1.468959999999999866e+02	1.470569999999999879e+02	1.471020000000000039e+02	1.474910000000000139e+02	1.477429999999999950e+02	1.482700000000000102e+02	1.484530000000000030e+02	1.484530000000000030e+02	1.486359999999999957e+02	1.487729999999999961e+02	1.489110000000000014e+02
0.000000000000000000e+00	2.622300000000000182e+02	2.414470000000000027e+02	2.217410000000000139e+02	2.040250000000000057e+02	1.871109999999999900e+02	1.725310000000000059e+02	1.608580000000000041e+02	1.514970000000000141e+02	1.435999999999999943e+02	1.375809999999999889e+02	1.320420000000000016e+02	1.273960000000000008e+02	1.238250000000000028e+02	1.209639999999999986e+02	1.181719999999999970e+02	1.153340000000000032e+02	1.115340000000000060e+02	1.080090000000000003e+02	1.047360000000000042e+02	1.016009999999999991e+02	9.857899999999999352e+01	9.610699999999999932e+01	9.368099999999999739e+01	9.146099999999999852e+01	8.962999999999999545e+01	8.793600000000000705e+01	8.644899999999999807e+01	8.532699999999999818e+01	8.425100000000000477e+01	8.312999999999999545e+01	8.232899999999999352e+01	8.161899999999999977e+01	8.079500000000000171e+01	8.031499999999999773e+01	7.976500000000000057e+01	7.926200000000000045e+01	7.889600000000000080e+01	7.859799999999999898e+01	7.841500000000000625e+01	7.839199999999999591e+01	7.836899999999999977e+01	7.816299999999999670e+01	7.866700000000000159e+01	7.859799999999999898e+01	7.852899999999999636e+01	7.894100000000000250e+01	7.896399999999999864e+01	7.873499999999999943e+01	7.894100000000000250e+01	7.910200000000000387e+01	7.894100000000000250e+01	7.903300000000000125e+01	7.917000000000000171e+01	7.894100000000000250e+01	7.912399999999999523e+01	7.939900000000000091e+01	7.960500000000000398e+01	7.990300000000000580e+01	8.029200000000000159e+01	8.022299999999999898e+01	8.047499999999999432e+01	8.063500000000000512e+01	8.081799999999999784e+01	8.088700000000000045e+01	8.100100000000000477e+01	8.116100000000000136e+01	8.118399999999999750e+01	8.148199999999999932e+01	8.157299999999999329e+01	8.168800000000000239e+01	8.205400000000000205e+01	8.191700000000000159e+01	8.246599999999999397e+01	8.255800000000000693e+01	8.248900000000000432e+01	8.269499999999999318e+01	8.269499999999999318e+01	8.274099999999999966e+01	8.319899999999999807e+01	8.326699999999999591e+01	8.310699999999999932e+01	8.390800000000000125e+01	8.400000000000000000e+01	8.413700000000000045e+01	8.434300000000000352e+01	8.454900000000000659e+01	8.436599999999999966e+01	8.464100000000000534e+01	8.461799999999999500e+01	8.468600000000000705e+01	8.514400000000000546e+01	8.557899999999999352e+01	8.546399999999999864e+01	8.603700000000000614e+01	8.612800000000000011e+01	8.674599999999999511e+01	8.695199999999999818e+01	8.729600000000000648e+01	8.722700000000000387e+01	8.734099999999999397e+01	8.750199999999999534e+01	8.798199999999999932e+01	8.828000000000000114e+01	8.825700000000000500e+01	8.821099999999999852e+01	8.859999999999999432e+01	8.871500000000000341e+01	8.892100000000000648e+01	8.949299999999999500e+01	8.972199999999999420e+01	8.967600000000000193e+01	8.990500000000000114e+01	8.995099999999999341e+01	8.992799999999999727e+01	9.017900000000000205e+01	9.022499999999999432e+01	9.043099999999999739e+01	9.065999999999999659e+01	9.075199999999999534e+01	9.072899999999999920e+01	9.081999999999999318e+01	9.086599999999999966e+01	9.095799999999999841e+01	9.118699999999999761e+01	9.134699999999999420e+01	9.143800000000000239e+01	9.155299999999999727e+01	9.155299999999999727e+01	9.162099999999999511e+01	9.210200000000000387e+01	9.223900000000000432e+01	9.228499999999999659e+01	9.249099999999999966e+01	9.271999999999999886e+01	9.304000000000000625e+01	9.411599999999999966e+01	9.427599999999999625e+01	9.425400000000000489e+01	9.434499999999999886e+01	9.482599999999999341e+01	9.487199999999999989e+01	9.509999999999999432e+01	9.514600000000000080e+01	9.514600000000000080e+01	9.544400000000000261e+01	9.553499999999999659e+01	9.560399999999999920e+01	9.574099999999999966e+01	9.585599999999999454e+01	9.583299999999999841e+01	9.603900000000000148e+01	9.612999999999999545e+01	9.612999999999999545e+01	9.629099999999999682e+01	9.645099999999999341e+01	9.649699999999999989e+01	9.681699999999999307e+01	9.702299999999999613e+01	9.700000000000000000e+01	9.720600000000000307e+01	9.732099999999999795e+01	9.741200000000000614e+01	9.768699999999999761e+01	9.784699999999999420e+01	9.787000000000000455e+01	9.812199999999999989e+01	9.828199999999999648e+01	9.841899999999999693e+01	9.871699999999999875e+01	9.887699999999999534e+01	9.906000000000000227e+01	9.933499999999999375e+01	9.963200000000000500e+01	9.965500000000000114e+01	9.986100000000000421e+01	1.000669999999999931e+02	1.001129999999999995e+02	1.003419999999999987e+02	1.004789999999999992e+02	1.005250000000000057e+02	1.015090000000000003e+02	1.016460000000000008e+02	1.018520000000000039e+02	1.021039999999999992e+02	1.022870000000000061e+02	1.024479999999999933e+02	1.026310000000000002e+02	1.027909999999999968e+02	1.028820000000000050e+02
0.000000000000000000e+00	3.800129999999999768e+02	3.345570000000000164e+02	2.921220000000000141e+02	2.570339999999999918e+02	2.274859999999999900e+02	2.014619999999999891e+02	1.817549999999999955e+02	1.650469999999999970e+02	1.520920000000000130e+02	1.441959999999999980e+02	1.354749999999999943e+02	1.292949999999999875e+02	1.219249999999999972e+02	1.145550000000000068e+02	1.108700000000000045e+02	1.076200000000000045e+02	1.037519999999999953e+02	9.956399999999999295e+01	9.576399999999999579e+01	9.370399999999999352e+01	9.102599999999999625e+01	8.878300000000000125e+01	8.683799999999999386e+01	8.516700000000000159e+01	8.322100000000000364e+01	8.212300000000000466e+01	8.148199999999999932e+01	8.072700000000000387e+01	7.969700000000000273e+01	7.901000000000000512e+01	7.820900000000000318e+01	7.772799999999999443e+01	7.765999999999999659e+01	7.738500000000000512e+01	7.729300000000000637e+01	7.674399999999999977e+01	7.635500000000000398e+01	7.612600000000000477e+01	7.626300000000000523e+01	7.640099999999999625e+01	7.418099999999999739e+01	7.413500000000000512e+01	7.388299999999999557e+01	7.367700000000000671e+01	7.344799999999999329e+01	7.324200000000000443e+01	7.376900000000000546e+01	7.372299999999999898e+01	7.342499999999999716e+01	7.351699999999999591e+01	7.342499999999999716e+01	7.315099999999999625e+01	7.315099999999999625e+01	7.321899999999999409e+01	7.308199999999999363e+01	7.273900000000000432e+01	7.335699999999999932e+01	7.340200000000000102e+01	7.468399999999999750e+01	7.420300000000000296e+01	7.452400000000000091e+01	7.502700000000000102e+01	7.491299999999999670e+01	7.477599999999999625e+01	7.534799999999999898e+01	7.514199999999999591e+01	7.541700000000000159e+01	7.603499999999999659e+01	7.626300000000000523e+01	7.628600000000000136e+01	7.697299999999999898e+01	7.722499999999999432e+01	7.736199999999999477e+01	7.697299999999999898e+01	7.736199999999999477e+01	7.749899999999999523e+01	7.759099999999999397e+01	7.763700000000000045e+01	7.765999999999999659e+01	7.795699999999999363e+01	7.839199999999999591e+01	7.935299999999999443e+01	7.926200000000000045e+01	7.960500000000000398e+01	7.981100000000000705e+01	8.029200000000000159e+01	8.166500000000000625e+01	8.171099999999999852e+01	8.171099999999999852e+01	8.294700000000000273e+01	8.271800000000000352e+01	8.264900000000000091e+01	8.280899999999999750e+01	8.285500000000000398e+01	8.347299999999999898e+01	8.331300000000000239e+01	8.459499999999999886e+01	8.470900000000000318e+01	8.454900000000000659e+01	8.459499999999999886e+01	8.484600000000000364e+01	8.475499999999999545e+01	8.521299999999999386e+01	8.551000000000000512e+01	8.525799999999999557e+01	8.528100000000000591e+01	8.537300000000000466e+01	8.674599999999999511e+01	8.946999999999999886e+01	8.910399999999999920e+01	8.910399999999999920e+01	8.924099999999999966e+01	8.901200000000000045e+01	8.919499999999999318e+01	8.921800000000000352e+01	8.924099999999999966e+01	8.949299999999999500e+01	8.937800000000000011e+01	8.933299999999999841e+01	8.953900000000000148e+01	8.956100000000000705e+01	8.972199999999999420e+01	8.940099999999999625e+01	9.011100000000000421e+01	9.011100000000000421e+01	9.001900000000000546e+01	9.038500000000000512e+01	9.031699999999999307e+01	9.031699999999999307e+01	9.047700000000000387e+01	9.059099999999999397e+01	9.079699999999999704e+01	9.084300000000000352e+01	9.093500000000000227e+01	9.191899999999999693e+01	9.187300000000000466e+01	9.191899999999999693e+01	9.205599999999999739e+01	9.228499999999999659e+01	9.164400000000000546e+01	9.267400000000000659e+01	9.256000000000000227e+01	9.347499999999999432e+01	9.352100000000000080e+01	9.365800000000000125e+01	9.393300000000000693e+01	9.526099999999999568e+01	9.544400000000000261e+01	9.565000000000000568e+01	9.608499999999999375e+01	9.619899999999999807e+01	9.649699999999999989e+01	9.677100000000000080e+01	9.688599999999999568e+01	9.718300000000000693e+01	9.704600000000000648e+01	9.759499999999999886e+01	9.761799999999999500e+01	9.789300000000000068e+01	9.805299999999999727e+01	9.807599999999999341e+01	9.841899999999999693e+01	9.857899999999999352e+01	9.867100000000000648e+01	9.878499999999999659e+01	9.894599999999999795e+01	9.954099999999999682e+01	9.963200000000000500e+01	9.986100000000000421e+01	1.000669999999999931e+02	1.004099999999999966e+02	1.004789999999999992e+02	1.005709999999999980e+02	1.007999999999999972e+02	1.009599999999999937e+02	1.011200000000000045e+02	1.013029999999999973e+02	1.015319999999999965e+02	1.018070000000000022e+02	1.018979999999999961e+02	1.018979999999999961e+02	1.020810000000000031e+02	1.021959999999999980e+02	1.026080000000000041e+02	1.026539999999999964e+02	1.029279999999999973e+02	1.035460000000000065e+02	1.036149999999999949e+02	1.036380000000000052e+02
0.000000000000000000e+00	1.782069999999999936e+02	1.684799999999999898e+02	1.596910000000000025e+02	1.518170000000000073e+02	1.447220000000000084e+02	1.383590000000000089e+02	1.326599999999999966e+02	1.277620000000000005e+02	1.238709999999999951e+02	1.200259999999999962e+02	1.166610000000000014e+02	1.138689999999999998e+02	1.113509999999999991e+02	1.093139999999999930e+02	1.067960000000000065e+02	1.039350000000000023e+02	1.005709999999999980e+02	9.791599999999999682e+01	9.585599999999999454e+01	9.381900000000000261e+01	9.210200000000000387e+01	9.088899999999999579e+01	8.972199999999999420e+01	8.885200000000000387e+01	8.784499999999999886e+01	8.709000000000000341e+01	8.651699999999999591e+01	8.583100000000000307e+01	8.567000000000000171e+01	8.532699999999999818e+01	8.507500000000000284e+01	8.512099999999999511e+01	8.491500000000000625e+01	8.473199999999999932e+01	8.480100000000000193e+01	8.489199999999999591e+01	8.448000000000000398e+01	8.441200000000000614e+01	8.445699999999999363e+01	8.452599999999999625e+01	8.457200000000000273e+01	8.452599999999999625e+01	8.452599999999999625e+01	8.445699999999999363e+01	8.454900000000000659e+01	8.475499999999999545e+01	8.514400000000000546e+01	8.518999999999999773e+01	8.532699999999999818e+01	8.548699999999999477e+01	8.567000000000000171e+01	8.578499999999999659e+01	8.606000000000000227e+01	8.624299999999999500e+01	8.637999999999999545e+01	8.672299999999999898e+01	8.690600000000000591e+01	8.697499999999999432e+01	8.725000000000000000e+01	8.745600000000000307e+01	8.756999999999999318e+01	8.814199999999999591e+01	8.823399999999999466e+01	8.818800000000000239e+01	8.839400000000000546e+01	8.857699999999999818e+01	8.887500000000000000e+01	8.912699999999999534e+01	8.924099999999999966e+01	8.926399999999999579e+01	8.962999999999999545e+01	8.972199999999999420e+01	8.969899999999999807e+01	8.997299999999999898e+01	8.999599999999999511e+01	9.011100000000000421e+01	9.052299999999999613e+01	9.061400000000000432e+01	9.056900000000000261e+01	9.093500000000000227e+01	9.098099999999999454e+01	9.123199999999999932e+01	9.132399999999999807e+01	9.175900000000000034e+01	9.189600000000000080e+01	9.223900000000000432e+01	9.233100000000000307e+01	9.166700000000000159e+01	9.191899999999999693e+01	9.214799999999999613e+01	9.242199999999999704e+01	9.265099999999999625e+01	9.265099999999999625e+01	9.265099999999999625e+01	9.283400000000000318e+01	9.313200000000000500e+01	9.317799999999999727e+01	9.352100000000000080e+01	9.359000000000000341e+01	9.375000000000000000e+01	9.384199999999999875e+01	9.400199999999999534e+01	9.397899999999999920e+01	9.425400000000000489e+01	9.436799999999999500e+01	9.441400000000000148e+01	9.475700000000000500e+01	9.443699999999999761e+01	9.436799999999999500e+01	9.473399999999999466e+01	9.505500000000000682e+01	9.505500000000000682e+01	9.532899999999999352e+01	9.535200000000000387e+01	9.551200000000000045e+01	9.571800000000000352e+01	9.606199999999999761e+01	9.615300000000000580e+01	9.633599999999999852e+01	9.651900000000000546e+01	9.670300000000000296e+01	9.697700000000000387e+01	9.713700000000000045e+01	9.738899999999999579e+01	9.816700000000000159e+01	9.830500000000000682e+01	9.857899999999999352e+01	9.887699999999999534e+01	9.910599999999999454e+01	9.926600000000000534e+01	9.954099999999999682e+01	9.967799999999999727e+01	9.981499999999999773e+01	1.003419999999999987e+02	1.006850000000000023e+02	1.007540000000000049e+02	1.011889999999999930e+02	1.014399999999999977e+02	1.015550000000000068e+02	1.018979999999999961e+02	1.022189999999999941e+02	1.024699999999999989e+02	1.029509999999999934e+02	1.031569999999999965e+02	1.034549999999999983e+02	1.038889999999999958e+02	1.042099999999999937e+02	1.044389999999999930e+02	1.048970000000000056e+02	1.051029999999999944e+02	1.055370000000000061e+02	1.059489999999999981e+02	1.062469999999999999e+02	1.065669999999999931e+02	1.069339999999999975e+02	1.073679999999999950e+02	1.075739999999999981e+02	1.080780000000000030e+02	1.085819999999999936e+02	1.089020000000000010e+02	1.093370000000000033e+02	1.097259999999999991e+02	1.100460000000000065e+02	1.104579999999999984e+02	1.108930000000000007e+02	1.113280000000000030e+02	1.118319999999999936e+02	1.122210000000000036e+02	1.125639999999999930e+02	1.133190000000000026e+02	1.136400000000000006e+02	1.137309999999999945e+02	1.137999999999999972e+02	1.137770000000000010e+02	1.138229999999999933e+02	1.139830000000000041e+02	1.139599999999999937e+02	1.139830000000000041e+02	1.140289999999999964e+02	1.139599999999999937e+02	1.137309999999999945e+02	1.139599999999999937e+02	1.139369999999999976e+02	1.137309999999999945e+02	1.139369999999999976e+02	1.138919999999999959e+02	1.135939999999999941e+02	1.136629999999999967e+02	1.136629999999999967e+02
0.000000000000000000e+00	1.570819999999999936e+02	1.428220000000000027e+02	1.285399999999999920e+02	1.157229999999999990e+02	1.047819999999999965e+02	9.567300000000000182e+01	8.905800000000000693e+01	8.418300000000000693e+01	8.033799999999999386e+01	7.772799999999999443e+01	7.580599999999999739e+01	7.365399999999999636e+01	7.207500000000000284e+01	7.074699999999999989e+01	6.937399999999999523e+01	6.848099999999999454e+01	6.738299999999999557e+01	6.626099999999999568e+01	6.539199999999999591e+01	6.408700000000000330e+01	6.271399999999999864e+01	6.163799999999999812e+01	6.056199999999999761e+01	5.960099999999999909e+01	5.873100000000000165e+01	5.802199999999999847e+01	5.719800000000000040e+01	5.657999999999999829e+01	5.600699999999999790e+01	5.541199999999999903e+01	5.522899999999999920e+01	5.465699999999999648e+01	5.419899999999999807e+01	5.390200000000000102e+01	5.362700000000000244e+01	5.335199999999999676e+01	5.303199999999999648e+01	5.289500000000000313e+01	5.275699999999999790e+01	5.268900000000000006e+01	5.280299999999999727e+01	5.259700000000000131e+01	5.271099999999999852e+01	5.273400000000000176e+01	5.280299999999999727e+01	5.298599999999999710e+01	5.314600000000000080e+01	5.312299999999999756e+01	5.335199999999999676e+01	5.346699999999999875e+01	5.349000000000000199e+01	5.371900000000000119e+01	5.399300000000000210e+01	5.415299999999999869e+01	5.440500000000000114e+01	5.461099999999999710e+01	5.463400000000000034e+01	5.497699999999999676e+01	5.527499999999999858e+01	5.534400000000000119e+01	5.545799999999999841e+01	5.545799999999999841e+01	5.557300000000000040e+01	5.568699999999999761e+01	5.573299999999999699e+01	5.589300000000000068e+01	5.607600000000000051e+01	5.623599999999999710e+01	5.621300000000000097e+01	5.639600000000000080e+01	5.660199999999999676e+01	5.678600000000000136e+01	5.694599999999999795e+01	5.712899999999999778e+01	5.724300000000000210e+01	5.738100000000000023e+01	5.758700000000000330e+01	5.779299999999999926e+01	5.795300000000000296e+01	5.815899999999999892e+01	5.834199999999999875e+01	5.882300000000000040e+01	5.893699999999999761e+01	5.896000000000000085e+01	5.918900000000000006e+01	5.923499999999999943e+01	5.939500000000000313e+01	5.946399999999999864e+01	5.957800000000000296e+01	5.976100000000000279e+01	5.996699999999999875e+01	6.010399999999999920e+01	6.017300000000000182e+01	6.042499999999999716e+01	6.051599999999999824e+01	6.065400000000000347e+01	6.088300000000000267e+01	6.111099999999999710e+01	6.134000000000000341e+01	6.159199999999999875e+01	6.182099999999999795e+01	6.202700000000000102e+01	6.234700000000000131e+01	6.253099999999999881e+01	6.273700000000000188e+01	6.298799999999999955e+01	6.317099999999999937e+01	6.330899999999999750e+01	6.351500000000000057e+01	6.381199999999999761e+01	6.399499999999999744e+01	6.424699999999999989e+01	6.449899999999999523e+01	6.465900000000000603e+01	6.481900000000000261e+01	6.507099999999999795e+01	6.516299999999999670e+01	6.536899999999999977e+01	6.536899999999999977e+01	6.557500000000000284e+01	6.568899999999999295e+01	6.587199999999999989e+01	6.603199999999999648e+01	6.612399999999999523e+01	6.637600000000000477e+01	6.637600000000000477e+01	6.662800000000000011e+01	6.683299999999999841e+01	6.687900000000000489e+01	6.703900000000000148e+01	6.710800000000000409e+01	6.713100000000000023e+01	6.745099999999999341e+01	6.758899999999999864e+01	6.788599999999999568e+01	6.806900000000000261e+01	6.816100000000000136e+01	6.827500000000000568e+01	6.843600000000000705e+01	6.854999999999999716e+01	6.887099999999999511e+01	6.898499999999999943e+01	6.900799999999999557e+01	6.912199999999999989e+01	6.921399999999999864e+01	6.953400000000000603e+01	6.969499999999999318e+01	6.994599999999999795e+01	7.008400000000000318e+01	7.022100000000000364e+01	7.033499999999999375e+01	7.054099999999999682e+01	7.072400000000000375e+01	7.088500000000000512e+01	7.111400000000000432e+01	7.118200000000000216e+01	7.138800000000000523e+01	7.145699999999999363e+01	7.157099999999999795e+01	7.184600000000000364e+01	7.207500000000000284e+01	7.228100000000000591e+01	7.244100000000000250e+01	7.267000000000000171e+01	7.273900000000000432e+01	7.294499999999999318e+01	7.308199999999999363e+01	7.344799999999999329e+01	7.372299999999999898e+01	7.381399999999999295e+01	7.390600000000000591e+01	7.415800000000000125e+01	7.420300000000000296e+01	7.440900000000000603e+01	7.459300000000000352e+01	7.475300000000000011e+01	7.489000000000000057e+01	7.511899999999999977e+01	7.518800000000000239e+01	7.534799999999999898e+01	7.550799999999999557e+01	7.564499999999999602e+01	7.580599999999999739e+01	7.603499999999999659e+01	7.607999999999999829e+01	7.624099999999999966e+01	7.637800000000000011e+01	7.658400000000000318e+01	7.676699999999999591e+01
1.000000000000000000e+00	2.823489999999999895e+02	2.555469999999999970e+02	2.323379999999999939e+02	2.117609999999999957e+02	1.899720000000000084e+02	1.728739999999999952e+02	1.583629999999999995e+02	1.476750000000000114e+02	1.394350000000000023e+02	1.321790000000000020e+02	1.261830000000000069e+02	1.215589999999999975e+02	1.176910000000000025e+02	1.150589999999999975e+02	1.112139999999999986e+02	1.083760000000000048e+02	1.061329999999999956e+02	1.040270000000000010e+02	1.014860000000000042e+02	9.963200000000000500e+01	9.798399999999999466e+01	9.649699999999999989e+01	9.514600000000000080e+01	9.450499999999999545e+01	9.347499999999999432e+01	9.274299999999999500e+01	9.194199999999999307e+01	9.166700000000000159e+01	9.093500000000000227e+01	9.013400000000000034e+01	8.953900000000000148e+01	8.898900000000000432e+01	8.857699999999999818e+01	8.814199999999999591e+01	8.800499999999999545e+01	8.770799999999999841e+01	8.756999999999999318e+01	8.752400000000000091e+01	8.736400000000000432e+01	8.743300000000000693e+01	8.736400000000000432e+01	8.752400000000000091e+01	8.743300000000000693e+01	8.768500000000000227e+01	8.756999999999999318e+01	8.786799999999999500e+01	8.791400000000000148e+01	8.876000000000000512e+01	8.889799999999999613e+01	8.896599999999999397e+01	8.898900000000000432e+01	8.910399999999999920e+01	8.921800000000000352e+01	8.921800000000000352e+01	8.946999999999999886e+01	8.965300000000000580e+01	8.976699999999999591e+01	9.031699999999999307e+01	9.050000000000000000e+01	9.109499999999999886e+01	9.132399999999999807e+01	9.162099999999999511e+01	9.187300000000000466e+01	9.219400000000000261e+01	9.253700000000000614e+01	9.271999999999999886e+01	9.304000000000000625e+01	9.326900000000000546e+01	9.347499999999999432e+01	9.379600000000000648e+01	9.427599999999999625e+01	9.445999999999999375e+01	9.478000000000000114e+01	9.514600000000000080e+01	9.542100000000000648e+01	9.587900000000000489e+01	9.624500000000000455e+01	9.672499999999999432e+01	9.702299999999999613e+01	9.736599999999999966e+01	9.766400000000000148e+01	9.807599999999999341e+01	9.837300000000000466e+01	9.887699999999999534e+01	1.000669999999999931e+02	1.004330000000000069e+02	1.010739999999999981e+02	1.017609999999999957e+02	1.023329999999999984e+02	1.033400000000000034e+02	1.044159999999999968e+02	1.052399999999999949e+02	1.061099999999999994e+02	1.070939999999999941e+02	1.087879999999999967e+02	1.100690000000000026e+02	1.114200000000000017e+02	1.128850000000000051e+02	1.146929999999999978e+02	1.165699999999999932e+02	1.184920000000000044e+02	1.205750000000000028e+02	1.232990000000000066e+02	1.257930000000000064e+02	1.283110000000000070e+02	1.311040000000000134e+02	1.339190000000000111e+02	1.368940000000000055e+02	1.400070000000000050e+02	1.431430000000000007e+02	1.465529999999999973e+02	1.498720000000000141e+02	1.530080000000000098e+02	1.564869999999999948e+02	1.598509999999999991e+02	1.633069999999999879e+02	1.666490000000000009e+02	1.698760000000000048e+02	1.730349999999999966e+02	1.761020000000000039e+02	1.793060000000000116e+02	1.825099999999999909e+02	1.853940000000000055e+02	1.883700000000000045e+02	1.912769999999999868e+02	1.940459999999999923e+02	1.966550000000000011e+02	1.989670000000000130e+02	2.015759999999999934e+02	2.038420000000000130e+02	2.062680000000000007e+02	2.083509999999999991e+02	2.105029999999999859e+02	2.125169999999999959e+02	2.144170000000000016e+02	2.164079999999999870e+02	2.184910000000000139e+02	2.201390000000000100e+02	2.221980000000000075e+02	2.236860000000000070e+02	2.253569999999999993e+02	2.269819999999999993e+02	2.285159999999999911e+02	2.304149999999999920e+02	2.312849999999999966e+02	2.331620000000000061e+02	2.343520000000000039e+02	2.354970000000000141e+02	2.366409999999999911e+02	2.379230000000000018e+02	2.391129999999999995e+02	2.403029999999999973e+02	2.415850000000000080e+02	2.426380000000000052e+02	2.437589999999999861e+02	2.447429999999999950e+02	2.458880000000000052e+02	2.466430000000000007e+02	2.474439999999999884e+02	2.482680000000000007e+02	2.489319999999999879e+02	2.495039999999999907e+02	2.503050000000000068e+02	2.509000000000000057e+02	2.518389999999999986e+02	2.523420000000000130e+02	2.528919999999999959e+02	2.533040000000000020e+02	2.542880000000000109e+02	2.549970000000000141e+02	2.552259999999999991e+02	2.560729999999999791e+02	2.561419999999999959e+02	2.566220000000000141e+02	2.569200000000000159e+02	2.580409999999999968e+02	2.582019999999999982e+02	2.584759999999999991e+02	2.589800000000000182e+02	2.593000000000000114e+02	1.623000000000000114e+02	1.625289999999999964e+02	1.632390000000000043e+02	1.633069999999999879e+02	1.644739999999999895e+02	1.648410000000000082e+02	1.646800000000000068e+02	1.646800000000000068e+02	1.648410000000000082e+02
0.000000000000000000e+00	2.722549999999999955e+02	2.468950000000000102e+02	2.249219999999999970e+02	2.052839999999999918e+02	1.877980000000000018e+02	1.725080000000000098e+02	1.611330000000000098e+02	1.520689999999999884e+02	1.462779999999999916e+02	1.415409999999999968e+02	1.366200000000000045e+02	1.329350000000000023e+02	1.295010000000000048e+02	1.268689999999999998e+02	1.249009999999999962e+02	1.231380000000000052e+02	1.215360000000000014e+02	1.203689999999999998e+02	1.193389999999999986e+02	1.183550000000000040e+02	1.175769999999999982e+02	1.169129999999999967e+02	1.163409999999999940e+02	1.158829999999999956e+02	1.153559999999999945e+02	1.147840000000000060e+02	1.144180000000000064e+02	1.140750000000000028e+02	1.137999999999999972e+02	1.136170000000000044e+02	1.136400000000000006e+02	1.135030000000000001e+02	1.136629999999999967e+02	1.135709999999999980e+02	1.135939999999999941e+02	1.137999999999999972e+02	1.139369999999999976e+02	1.139830000000000041e+02	1.142579999999999956e+02	1.144180000000000064e+02	1.145550000000000068e+02	1.147840000000000060e+02	1.150589999999999975e+02	1.154020000000000010e+02	1.157000000000000028e+02	1.159740000000000038e+02	1.162720000000000056e+02	1.166149999999999949e+02	1.169590000000000032e+02	1.172099999999999937e+02	1.175769999999999982e+02	1.179200000000000017e+02	1.182860000000000014e+02	1.187210000000000036e+02	1.191099999999999994e+02	1.193850000000000051e+02	1.208040000000000020e+02	1.211239999999999952e+02	1.213760000000000048e+02	1.216509999999999962e+02	1.219710000000000036e+02	1.222229999999999990e+02	1.225430000000000064e+02	1.226809999999999974e+02	1.228870000000000005e+02	1.231610000000000014e+02	1.234819999999999993e+02	1.236419999999999959e+02	1.238250000000000028e+02	1.240999999999999943e+02	1.242600000000000051e+02	1.245349999999999966e+02	1.248550000000000040e+02	1.250610000000000070e+02	1.254039999999999964e+02	1.255870000000000033e+02	1.257930000000000064e+02	1.260679999999999978e+02	1.263889999999999958e+02	1.266860000000000070e+02	1.269609999999999985e+02	1.275330000000000013e+02	1.276700000000000017e+02	1.279449999999999932e+02	1.282199999999999989e+02	1.283340000000000032e+02	1.286539999999999964e+02	1.289290000000000020e+02	1.292040000000000077e+02	1.295469999999999970e+02	1.298899999999999864e+02	1.300509999999999877e+02	1.303710000000000093e+02	1.307139999999999986e+02	1.308520000000000039e+02	1.312179999999999893e+02	1.315380000000000109e+02	1.316990000000000123e+02	1.320420000000000016e+02	1.323170000000000073e+02	1.324540000000000077e+02	1.327290000000000134e+02	1.330260000000000105e+02	1.332319999999999993e+02	1.335980000000000132e+02	1.338729999999999905e+02	1.341020000000000039e+02	1.343990000000000009e+02	1.346510000000000105e+02	1.348340000000000032e+02	1.352920000000000016e+02	1.355670000000000073e+02	1.356810000000000116e+02	1.359099999999999966e+02	1.361390000000000100e+02	1.363449999999999989e+02	1.365740000000000123e+02	1.367570000000000050e+02	1.368710000000000093e+02	1.371229999999999905e+02	1.372829999999999870e+02	1.374209999999999923e+02	1.376500000000000057e+02	1.378779999999999859e+02	1.379929999999999950e+02	1.382220000000000084e+02	1.384739999999999895e+02	1.385879999999999939e+02	1.385420000000000016e+02	1.385420000000000016e+02	1.387940000000000111e+02	1.389540000000000077e+02	1.390689999999999884e+02	1.391829999999999927e+02	1.393660000000000139e+02	1.395260000000000105e+02	1.395949999999999989e+02	1.399149999999999920e+02	1.401210000000000093e+02	1.401210000000000093e+02	1.403959999999999866e+02	1.404650000000000034e+02	1.405560000000000116e+02	1.406479999999999961e+02	1.408079999999999927e+02	1.408540000000000134e+02	1.410370000000000061e+02	1.411289999999999907e+02	1.411510000000000105e+02	1.413799999999999955e+02	1.414490000000000123e+02	1.414950000000000045e+02	1.417009999999999934e+02	1.417239999999999895e+02	1.418609999999999900e+02	1.420440000000000111e+02	1.421129999999999995e+02	1.421359999999999957e+02	1.423189999999999884e+02	1.424329999999999927e+02	1.424329999999999927e+02	1.426160000000000139e+02	1.427079999999999984e+02	1.427309999999999945e+02	1.427760000000000105e+02	1.429139999999999873e+02	1.428909999999999911e+02	1.430740000000000123e+02	1.432800000000000011e+02	1.432570000000000050e+02	1.433940000000000055e+02	1.436459999999999866e+02	1.436229999999999905e+02	1.438520000000000039e+02	1.438520000000000039e+02	1.438060000000000116e+02	1.440120000000000005e+02	1.440120000000000005e+02	1.441270000000000095e+02	1.442640000000000100e+02	1.442179999999999893e+02	1.443100000000000023e+02	1.444929999999999950e+02	1.446080000000000041e+02	1.445620000000000118e+02	1.447450000000000045e+02	1.447680000000000007e+02	1.447220000000000084e+02	1.449739999999999895e+02
1.000000000000000000e+00	4.375310000000000059e+02	3.796009999999999991e+02	3.312379999999999995e+02	2.925570000000000164e+02	2.615889999999999986e+02	2.353129999999999882e+02	2.143710000000000093e+02	1.994929999999999950e+02	1.855999999999999943e+02	1.759869999999999948e+02	1.683199999999999932e+02	1.620250000000000057e+02	1.561430000000000007e+02	1.515200000000000102e+02	1.479720000000000084e+02	1.450200000000000102e+02	1.426390000000000100e+02	1.405109999999999957e+02	1.379240000000000066e+02	1.345829999999999984e+02	1.314470000000000027e+02	1.282649999999999864e+02	1.253359999999999985e+02	1.228640000000000043e+02	1.206889999999999930e+02	1.192249999999999943e+02	1.184920000000000044e+02	1.174620000000000033e+02	1.160889999999999986e+02	1.157459999999999951e+02	1.157000000000000028e+02	1.153340000000000032e+02	1.148990000000000009e+02	1.144869999999999948e+02	1.145780000000000030e+02	1.143719999999999999e+02	1.144410000000000025e+02	1.146009999999999991e+02	1.147379999999999995e+02	1.148760000000000048e+02	1.151280000000000001e+02	1.154710000000000036e+02	1.156310000000000002e+02	1.158829999999999956e+02	1.162259999999999991e+02	1.164320000000000022e+02	1.168209999999999980e+02	1.172560000000000002e+02	1.175540000000000020e+02	1.183319999999999936e+02	1.189270000000000067e+02	1.190870000000000033e+02	1.192930000000000064e+02	1.196370000000000005e+02	1.198649999999999949e+02	1.200939999999999941e+02	1.203689999999999998e+02	1.208040000000000020e+02	1.213070000000000022e+02	1.221080000000000041e+02	1.226580000000000013e+02	1.228179999999999978e+02	1.232759999999999962e+02	1.236189999999999998e+02	1.241230000000000047e+02	1.243739999999999952e+02	1.249689999999999941e+02	1.253359999999999985e+02	1.258619999999999948e+02	1.259989999999999952e+02	1.264339999999999975e+02	1.271209999999999951e+02	1.276700000000000017e+02	1.281279999999999859e+02	1.286769999999999925e+02	1.291349999999999909e+02	1.297990000000000066e+02	1.303019999999999925e+02	1.305999999999999943e+02	1.311490000000000009e+02	1.314699999999999989e+02	1.319269999999999925e+02	1.322479999999999905e+02	1.333009999999999877e+02	1.337810000000000059e+02	1.347889999999999873e+02	1.353609999999999900e+02	1.358640000000000043e+02	1.361160000000000139e+02	1.365049999999999955e+02	1.367570000000000050e+02	1.372150000000000034e+02	1.378559999999999945e+02	1.382899999999999920e+02	1.386570000000000107e+02	1.390689999999999884e+02	1.394350000000000023e+02	1.399149999999999920e+02	1.404420000000000073e+02	1.408770000000000095e+02	1.414259999999999877e+02	1.419300000000000068e+02	1.425480000000000018e+02	1.432340000000000089e+02	1.438060000000000116e+02	1.447220000000000084e+02	1.455000000000000000e+02	1.471250000000000000e+02	1.483379999999999939e+02	1.499399999999999977e+02	1.522059999999999889e+02	1.544720000000000084e+02	1.574710000000000036e+02	1.608810000000000002e+02	1.649319999999999879e+02	1.706090000000000089e+02	1.758729999999999905e+02	1.826479999999999961e+02	1.903379999999999939e+02	1.987150000000000034e+02	2.078480000000000132e+02	2.172779999999999916e+02	2.270509999999999877e+02	2.365720000000000027e+02	2.459339999999999975e+02	2.546310000000000002e+02	2.626190000000000282e+02	2.703550000000000182e+02	2.771990000000000123e+02	2.834929999999999950e+02	2.891009999999999991e+02	2.940899999999999750e+02	3.003389999999999986e+02	3.040240000000000009e+02	3.073879999999999768e+02	3.107760000000000105e+02	3.138199999999999932e+02	3.163600000000000136e+02	3.189700000000000273e+02	3.216019999999999754e+02	3.237989999999999782e+02	3.259510000000000218e+02	3.281250000000000000e+02	3.295210000000000150e+02	3.316499999999999773e+02	3.332520000000000095e+02	3.346940000000000168e+02	3.362269999999999754e+02	3.374180000000000064e+02	3.411480000000000246e+02	3.436659999999999968e+02	3.440319999999999823e+02	3.444669999999999845e+02	3.451999999999999886e+02	3.460690000000000168e+02	3.469850000000000136e+02	3.479689999999999941e+02	3.488159999999999741e+02	3.495249999999999773e+02	3.504180000000000064e+02	3.511960000000000264e+02	3.520889999999999986e+02	3.528210000000000264e+02	3.534159999999999968e+02	3.546299999999999955e+02	3.551329999999999814e+02	3.558430000000000177e+02	3.560939999999999941e+02	3.567350000000000136e+02	3.577189999999999941e+02	3.584060000000000059e+02	3.587269999999999754e+02	3.600079999999999814e+02	3.605579999999999927e+02	3.612210000000000036e+02	3.616100000000000136e+02	3.621370000000000005e+02	3.630980000000000132e+02	3.634870000000000232e+02	3.640140000000000100e+02	3.645629999999999882e+02	3.651809999999999832e+02	3.658220000000000027e+02	3.672640000000000100e+02	3.676530000000000200e+02	3.681789999999999736e+02	3.685230000000000246e+02	3.687289999999999850e+02	3.689580000000000268e+02
0.000000000000000000e+00	1.804960000000000093e+02	1.668089999999999975e+02	1.536939999999999884e+02	1.414720000000000084e+02	1.309199999999999875e+02	1.217879999999999967e+02	1.152650000000000006e+02	1.091770000000000067e+02	9.745799999999999841e+01	9.372700000000000387e+01	9.143800000000000239e+01	8.974500000000000455e+01	8.832599999999999341e+01	8.713500000000000512e+01	8.624299999999999500e+01	8.603700000000000614e+01	8.528100000000000591e+01	8.599099999999999966e+01	8.843999999999999773e+01	8.470900000000000318e+01	8.434300000000000352e+01	8.390800000000000125e+01	8.363299999999999557e+01	8.354200000000000159e+01	8.317600000000000193e+01	8.301500000000000057e+01	8.310699999999999932e+01	8.301500000000000057e+01	8.301500000000000057e+01	8.306100000000000705e+01	8.312999999999999545e+01	8.319899999999999807e+01	8.335899999999999466e+01	8.347299999999999898e+01	8.351900000000000546e+01	8.367900000000000205e+01	8.400000000000000000e+01	8.406799999999999784e+01	8.438899999999999579e+01	8.457200000000000273e+01	8.473199999999999932e+01	8.496099999999999852e+01	8.518999999999999773e+01	8.539600000000000080e+01	8.569299999999999784e+01	8.594499999999999318e+01	8.601399999999999579e+01	8.635699999999999932e+01	8.665500000000000114e+01	8.686100000000000421e+01	8.720399999999999352e+01	8.745600000000000307e+01	8.761599999999999966e+01	8.795900000000000318e+01	8.809699999999999420e+01	8.828000000000000114e+01	8.871500000000000341e+01	8.887500000000000000e+01	8.903499999999999659e+01	8.956100000000000705e+01	8.967600000000000193e+01	8.981300000000000239e+01	9.013400000000000034e+01	9.027100000000000080e+01	9.043099999999999739e+01	9.068300000000000693e+01	9.091200000000000614e+01	9.102599999999999625e+01	9.125499999999999545e+01	9.139300000000000068e+01	9.155299999999999727e+01	9.184999999999999432e+01	9.198799999999999955e+01	9.217100000000000648e+01	9.230800000000000693e+01	9.253700000000000614e+01	9.260599999999999454e+01	9.287999999999999545e+01	9.304000000000000625e+01	9.317799999999999727e+01	9.338400000000000034e+01	9.361299999999999955e+01	9.368099999999999739e+01	9.393300000000000693e+01	9.418500000000000227e+01	9.425400000000000489e+01	9.450499999999999545e+01	9.480299999999999727e+01	9.478000000000000114e+01	9.507800000000000296e+01	9.516899999999999693e+01	9.528400000000000603e+01	9.546699999999999875e+01	9.560399999999999920e+01	9.567300000000000182e+01	9.585599999999999454e+01	9.606199999999999761e+01	9.610699999999999932e+01	9.619899999999999807e+01	9.635899999999999466e+01	9.645099999999999341e+01	9.658799999999999386e+01	9.663400000000000034e+01	9.672499999999999432e+01	9.695399999999999352e+01	9.729800000000000182e+01	9.722899999999999920e+01	9.738899999999999579e+01	9.757200000000000273e+01	9.752700000000000102e+01	9.766400000000000148e+01	9.773300000000000409e+01	9.777800000000000580e+01	9.805299999999999727e+01	9.803000000000000114e+01	9.803000000000000114e+01	9.823600000000000421e+01	9.832800000000000296e+01	9.832800000000000296e+01	9.848799999999999955e+01	9.853400000000000603e+01	9.851099999999999568e+01	9.878499999999999659e+01	9.880800000000000693e+01	9.880800000000000693e+01	9.876300000000000523e+01	9.899099999999999966e+01	9.896899999999999409e+01	9.896899999999999409e+01	9.908299999999999841e+01	9.894599999999999795e+01	9.921999999999999886e+01	9.928900000000000148e+01	9.931199999999999761e+01	9.940300000000000580e+01	9.937999999999999545e+01	9.944899999999999807e+01	9.951800000000000068e+01	9.956399999999999295e+01	9.954099999999999682e+01	9.965500000000000114e+01	9.970099999999999341e+01	9.970099999999999341e+01	9.979200000000000159e+01	9.981499999999999773e+01	9.979200000000000159e+01	9.983799999999999386e+01	9.995300000000000296e+01	9.983799999999999386e+01	9.997599999999999909e+01	9.993000000000000682e+01	9.997599999999999909e+01	1.001129999999999995e+02	1.001359999999999957e+02	1.000210000000000008e+02	1.000900000000000034e+02	1.001820000000000022e+02	1.000439999999999969e+02	1.002039999999999935e+02	1.002270000000000039e+02	1.002039999999999935e+02	1.003649999999999949e+02	1.002729999999999961e+02	1.002500000000000000e+02	1.004330000000000069e+02	1.003419999999999987e+02	1.003190000000000026e+02	1.004099999999999966e+02	1.003649999999999949e+02	1.004560000000000031e+02	1.004330000000000069e+02	1.004789999999999992e+02	1.004560000000000031e+02	1.005019999999999953e+02	1.005250000000000057e+02	1.004789999999999992e+02	1.005709999999999980e+02	1.006620000000000061e+02	1.005709999999999980e+02	1.005709999999999980e+02	1.006159999999999997e+02	1.005480000000000018e+02	1.007540000000000049e+02	1.007540000000000049e+02	1.006620000000000061e+02	1.007999999999999972e+02	1.007999999999999972e+02	1.007540000000000049e+02	1.009369999999999976e+02
1.000000000000000000e+00	3.303450000000000273e+02	3.013919999999999959e+02	2.765120000000000005e+02	2.544250000000000114e+02	2.362290000000000134e+02	2.189029999999999916e+02	2.078480000000000132e+02	2.010500000000000114e+02	1.906589999999999918e+02	1.800380000000000109e+02	1.712489999999999952e+02	1.641769999999999925e+02	1.587299999999999898e+02	1.532139999999999986e+02	1.485209999999999866e+02	1.436920000000000073e+02	1.390229999999999961e+02	1.339869999999999948e+02	1.288379999999999939e+02	1.241910000000000025e+02	1.199569999999999936e+02	1.163859999999999957e+02	1.134569999999999936e+02	1.109849999999999994e+02	1.089479999999999933e+02	1.075739999999999981e+02	1.063379999999999939e+02	1.054000000000000057e+02	1.048509999999999991e+02	1.040729999999999933e+02	1.035919999999999987e+02	1.034549999999999983e+02	1.034090000000000060e+02	1.035229999999999961e+02	1.038439999999999941e+02	1.040499999999999972e+02	1.043700000000000045e+02	1.046910000000000025e+02	1.052860000000000014e+02	1.059260000000000019e+02	1.066129999999999995e+02	1.071620000000000061e+02	1.078259999999999934e+02	1.084899999999999949e+02	1.092000000000000028e+02	1.100240000000000009e+02	1.105960000000000036e+02	1.115799999999999983e+02	1.123580000000000041e+02	1.131820000000000022e+02	1.141200000000000045e+02	1.151500000000000057e+02	1.160889999999999986e+02	1.168439999999999941e+02	1.161800000000000068e+02	1.152650000000000006e+02	1.146470000000000056e+02	1.145319999999999965e+02	1.139830000000000041e+02	1.139369999999999976e+02	1.141200000000000045e+02	1.143490000000000038e+02	1.147609999999999957e+02	1.154020000000000010e+02	1.160430000000000064e+02	1.171880000000000024e+02	1.179890000000000043e+02	1.186749999999999972e+02	1.194759999999999991e+02	1.202319999999999993e+02	1.213529999999999944e+02	1.219939999999999998e+02	1.230699999999999932e+02	1.237560000000000002e+02	1.244429999999999978e+02	1.251760000000000019e+02	1.259080000000000013e+02	1.265259999999999962e+02	1.271209999999999951e+02	1.279909999999999997e+02	1.288830000000000098e+02	1.297529999999999859e+02	1.305310000000000059e+02	1.312410000000000139e+02	1.322019999999999982e+02	1.333470000000000084e+02	1.333009999999999877e+02	1.341250000000000000e+02	1.347659999999999911e+02	1.355900000000000034e+02	1.363220000000000027e+02	1.371229999999999905e+02	1.376040000000000134e+02	1.380159999999999911e+02	1.384739999999999895e+02	1.391599999999999966e+02	1.398470000000000084e+02	1.406250000000000000e+02	1.414259999999999877e+02	1.427079999999999984e+02	1.434399999999999977e+02	1.442640000000000100e+02	1.449279999999999973e+02	1.457059999999999889e+02	1.463930000000000007e+02	1.471709999999999923e+02	1.479950000000000045e+02	1.488189999999999884e+02	1.496200000000000045e+02	1.504670000000000130e+02	1.513820000000000050e+02	1.526870000000000118e+02	1.536030000000000086e+02	1.546100000000000136e+02	1.557309999999999945e+02	1.568979999999999961e+02	1.581570000000000107e+02	1.596220000000000141e+02	1.612930000000000064e+02	1.632609999999999957e+02	1.655500000000000114e+02	1.682740000000000009e+02	1.712949999999999875e+02	1.749339999999999975e+02	1.792369999999999948e+02	1.840440000000000111e+02	1.896519999999999868e+02	1.960370000000000061e+02	2.031560000000000059e+02	2.110289999999999964e+02	2.195889999999999986e+02	2.287899999999999920e+02	2.384720000000000084e+02	2.487949999999999875e+02	2.588419999999999845e+02	2.688679999999999950e+02	2.787780000000000200e+02	2.882309999999999945e+02	2.972490000000000236e+02	3.059239999999999782e+02	3.140720000000000027e+02	3.214870000000000232e+02	3.285600000000000023e+02	3.348770000000000095e+02	3.406909999999999741e+02	3.460919999999999845e+02	3.507839999999999918e+02	3.551560000000000059e+02	3.592069999999999936e+02	3.640140000000000100e+02	3.671720000000000255e+02	3.703770000000000095e+02	3.730769999999999982e+02	3.756179999999999950e+02	3.778840000000000146e+02	3.801499999999999773e+02	3.820720000000000027e+02	3.836059999999999945e+02	3.852769999999999868e+02	3.867640000000000100e+02	3.880000000000000000e+02	3.894420000000000073e+02	3.904039999999999964e+02	3.913650000000000091e+02	3.922119999999999891e+02	3.931960000000000264e+02	3.938369999999999891e+02	3.947749999999999773e+02	3.955539999999999736e+02	3.963779999999999859e+02	3.971329999999999814e+02	3.975450000000000159e+02	3.987119999999999891e+02	3.991240000000000236e+02	3.996739999999999782e+02	4.000629999999999882e+02	4.004289999999999736e+02	4.008639999999999759e+02	4.018940000000000055e+02	4.019850000000000136e+02	4.022830000000000155e+02	4.027400000000000091e+02	4.026949999999999932e+02	4.029239999999999782e+02	4.030840000000000032e+02	4.031519999999999868e+02	4.034959999999999809e+02	4.037019999999999982e+02	4.038849999999999909e+02
0.000000000000000000e+00	2.047580000000000098e+02	1.882779999999999916e+02	1.737210000000000036e+02	1.609730000000000132e+02	1.500780000000000030e+02	1.404190000000000111e+02	1.313100000000000023e+02	1.237339999999999947e+02	1.170270000000000010e+02	1.120379999999999967e+02	1.074830000000000041e+02	1.032259999999999991e+02	1.000439999999999969e+02	9.773300000000000409e+01	9.560399999999999920e+01	9.365800000000000125e+01	9.207899999999999352e+01	9.086599999999999966e+01	8.983599999999999852e+01	8.892100000000000648e+01	8.807399999999999807e+01	8.734099999999999397e+01	8.670000000000000284e+01	8.608199999999999363e+01	8.594499999999999318e+01	8.562500000000000000e+01	8.534999999999999432e+01	8.523600000000000421e+01	8.503000000000000114e+01	8.493800000000000239e+01	8.498399999999999466e+01	8.507500000000000284e+01	8.516700000000000159e+01	8.525799999999999557e+01	8.539600000000000080e+01	8.551000000000000512e+01	8.551000000000000512e+01	8.557899999999999352e+01	8.569299999999999784e+01	8.592199999999999704e+01	8.610500000000000398e+01	8.626600000000000534e+01	8.647199999999999420e+01	8.672299999999999898e+01	8.697499999999999432e+01	8.722700000000000387e+01	8.745600000000000307e+01	8.763899999999999579e+01	8.795900000000000318e+01	8.805100000000000193e+01	8.830299999999999727e+01	8.848600000000000421e+01	8.871500000000000341e+01	8.901200000000000045e+01	8.924099999999999966e+01	8.946999999999999886e+01	8.969899999999999807e+01	8.981300000000000239e+01	8.999599999999999511e+01	9.027100000000000080e+01	9.043099999999999739e+01	9.052299999999999613e+01	9.075199999999999534e+01	9.130100000000000193e+01	9.141500000000000625e+01	9.162099999999999511e+01	9.201000000000000512e+01	9.230800000000000693e+01	9.253700000000000614e+01	9.278900000000000148e+01	9.310899999999999466e+01	9.326900000000000546e+01	9.333799999999999386e+01	9.359000000000000341e+01	9.368099999999999739e+01	9.388700000000000045e+01	9.406999999999999318e+01	9.432200000000000273e+01	9.459699999999999420e+01	9.468800000000000239e+01	9.491700000000000159e+01	9.537500000000000000e+01	9.537500000000000000e+01	9.558100000000000307e+01	9.576399999999999579e+01	9.581000000000000227e+01	9.599299999999999500e+01	9.615300000000000580e+01	9.626800000000000068e+01	9.633599999999999852e+01	9.640500000000000114e+01	9.668000000000000682e+01	9.693099999999999739e+01	9.704600000000000648e+01	9.722899999999999920e+01	9.748099999999999454e+01	9.757200000000000273e+01	9.764100000000000534e+01	9.789300000000000068e+01	9.796099999999999852e+01	9.798399999999999466e+01	9.809900000000000375e+01	9.807599999999999341e+01	9.816700000000000159e+01	9.818999999999999773e+01	9.825900000000000034e+01	9.837300000000000466e+01	9.855700000000000216e+01	9.864799999999999613e+01	9.880800000000000693e+01	9.876300000000000523e+01	9.890000000000000568e+01	9.899099999999999966e+01	9.899099999999999966e+01	9.908299999999999841e+01	9.912900000000000489e+01	9.924299999999999500e+01	9.940300000000000580e+01	9.947199999999999420e+01	9.956399999999999295e+01	9.981499999999999773e+01	1.001359999999999957e+02	1.001820000000000022e+02	1.003649999999999949e+02	1.003190000000000026e+02	1.002960000000000065e+02	1.003880000000000052e+02	1.005019999999999953e+02	1.005480000000000018e+02	1.008220000000000027e+02	1.008220000000000027e+02	1.011200000000000045e+02	1.010969999999999942e+02	1.010969999999999942e+02	1.012570000000000050e+02	1.012339999999999947e+02	1.013259999999999934e+02	1.012570000000000050e+02	1.013029999999999973e+02	1.013259999999999934e+02	1.012339999999999947e+02	1.012570000000000050e+02	1.013949999999999960e+02	1.014629999999999939e+02	1.014180000000000064e+02	1.014180000000000064e+02	1.014860000000000042e+02	1.014629999999999939e+02	1.015090000000000003e+02	1.016460000000000008e+02	1.016919999999999931e+02	1.017840000000000060e+02	1.017379999999999995e+02	1.016919999999999931e+02	1.017609999999999957e+02	1.021959999999999980e+02	1.021500000000000057e+02	1.021039999999999992e+02	1.021730000000000018e+02	1.021269999999999953e+02	1.021500000000000057e+02	1.022639999999999958e+02	1.022420000000000044e+02	1.022420000000000044e+02	1.021039999999999992e+02	1.021500000000000057e+02	1.021959999999999980e+02	1.021500000000000057e+02	1.022639999999999958e+02	1.021959999999999980e+02	1.021500000000000057e+02	1.021959999999999980e+02	1.021730000000000018e+02	1.022639999999999958e+02	1.022420000000000044e+02	1.022189999999999941e+02	1.022420000000000044e+02	1.021959999999999980e+02	1.020810000000000031e+02	1.021269999999999953e+02	1.020810000000000031e+02	1.020580000000000069e+02	1.020580000000000069e+02	1.021269999999999953e+02	1.020580000000000069e+02	1.022870000000000061e+02	1.022189999999999941e+02	1.022420000000000044e+02	1.023790000000000049e+02
1.000000000000000000e+00	2.692570000000000050e+02	2.490229999999999961e+02	2.299579999999999984e+02	2.120819999999999936e+02	1.957170000000000130e+02	1.811370000000000005e+02	1.693950000000000102e+02	1.600800000000000125e+02	1.528240000000000123e+02	1.470790000000000077e+02	1.426620000000000061e+02	1.355209999999999866e+02	1.352460000000000093e+02	1.324540000000000077e+02	1.300740000000000123e+02	1.281970000000000027e+02	1.265030000000000001e+02	1.250150000000000006e+02	1.238940000000000055e+02	1.226119999999999948e+02	1.216280000000000001e+02	1.209869999999999948e+02	1.201629999999999967e+02	1.191099999999999994e+02	1.175769999999999982e+02	1.160199999999999960e+02	1.146239999999999952e+02	1.134339999999999975e+02	1.120829999999999984e+02	1.108250000000000028e+02	1.098629999999999995e+02	1.087420000000000044e+02	1.079639999999999986e+02	1.071400000000000006e+02	1.064530000000000030e+02	1.057890000000000015e+02	1.054459999999999980e+02	1.050109999999999957e+02	1.046449999999999960e+02	1.043930000000000007e+02	1.042099999999999937e+02	1.041410000000000053e+02	1.041179999999999950e+02	1.041410000000000053e+02	1.038889999999999958e+02	1.040270000000000010e+02	1.041640000000000015e+02	1.041410000000000053e+02	1.045990000000000038e+02	1.048509999999999991e+02	1.051710000000000065e+02	1.054689999999999941e+02	1.055600000000000023e+02	1.055150000000000006e+02	1.056520000000000010e+02	1.059270000000000067e+02	1.062469999999999999e+02	1.067729999999999961e+02	1.071170000000000044e+02	1.075289999999999964e+02	1.080090000000000003e+02	1.080319999999999965e+02	1.083299999999999983e+02	1.086959999999999980e+02	1.088559999999999945e+02	1.090619999999999976e+02	1.093370000000000033e+02	1.093829999999999956e+02	1.095199999999999960e+02	1.097259999999999991e+02	1.098859999999999957e+02	1.100919999999999987e+02	1.103670000000000044e+02	1.105040000000000049e+02	1.108020000000000067e+02	1.112369999999999948e+02	1.114200000000000017e+02	1.119230000000000018e+02	1.124039999999999964e+02	1.126099999999999994e+02	1.128160000000000025e+02	1.130679999999999978e+02	1.133880000000000052e+02	1.140520000000000067e+02	1.142120000000000033e+02	1.142579999999999956e+02	1.146470000000000056e+02	1.148070000000000022e+02	1.149669999999999987e+02	1.153110000000000070e+02	1.155400000000000063e+02	1.158139999999999930e+02	1.159290000000000020e+02	1.161580000000000013e+02	1.164779999999999944e+02	1.166380000000000052e+02	1.170270000000000010e+02	1.171189999999999998e+02	1.184920000000000044e+02	1.188349999999999937e+02	1.191790000000000020e+02	1.194080000000000013e+02	1.199800000000000040e+02	1.204609999999999985e+02	1.208719999999999999e+02	1.215360000000000014e+02	1.231839999999999975e+02	1.239620000000000033e+02	1.248550000000000040e+02	1.261830000000000069e+02	1.272810000000000059e+02	1.313779999999999859e+02	1.328890000000000100e+02	1.346970000000000027e+02	1.373520000000000039e+02	1.396639999999999873e+02	1.422500000000000000e+02	1.450649999999999977e+02	1.487050000000000125e+02	1.522750000000000057e+02	1.559600000000000080e+02	1.598739999999999952e+02	1.635819999999999936e+02	1.681140000000000043e+02	1.719130000000000109e+02	1.755519999999999925e+02	1.791459999999999866e+02	1.827849999999999966e+02	1.860579999999999927e+02	1.890109999999999957e+02	1.927189999999999941e+02	1.956020000000000039e+02	1.981889999999999930e+02	2.004550000000000125e+02	2.027889999999999873e+02	2.050550000000000068e+02	2.070469999999999970e+02	2.088089999999999975e+02	2.105939999999999941e+02	2.122649999999999864e+02	2.138439999999999941e+02	2.153779999999999859e+02	2.168660000000000139e+02	2.180329999999999870e+02	2.198410000000000082e+02	2.209629999999999939e+02	2.220149999999999864e+02	2.229770000000000039e+02	2.233660000000000139e+02	2.237090000000000032e+02	2.244190000000000111e+02	2.249679999999999893e+02	2.254259999999999877e+02	2.258830000000000098e+02	2.261579999999999870e+02	2.263180000000000121e+02	2.263870000000000005e+02	2.264099999999999966e+02	2.260889999999999986e+02	2.251279999999999859e+02	2.235260000000000105e+02	2.231370000000000005e+02	2.234120000000000061e+02	2.236860000000000070e+02	2.241440000000000055e+02	2.243729999999999905e+02	2.249219999999999970e+02	2.254029999999999916e+02	2.257460000000000093e+02	2.261579999999999870e+02	2.266620000000000061e+02	2.301409999999999911e+02	2.304149999999999920e+02	2.305759999999999934e+02	2.310560000000000116e+02	2.315600000000000023e+02	2.320180000000000007e+02	2.326349999999999909e+02	2.332309999999999945e+02	2.335740000000000123e+02	2.341459999999999866e+02	2.348100000000000023e+02	2.351529999999999916e+02	2.357249999999999943e+02	2.362290000000000134e+02	2.496639999999999873e+02	2.498930000000000007e+02	2.503280000000000030e+02	2.506030000000000086e+02
0.000000000000000000e+00	2.675169999999999959e+02	2.462309999999999945e+02	2.251049999999999898e+02	2.052379999999999995e+02	1.858979999999999961e+02	1.706999999999999886e+02	1.584550000000000125e+02	1.487050000000000125e+02	1.404879999999999995e+02	1.345370000000000061e+02	1.297069999999999936e+02	1.259080000000000013e+02	1.227950000000000017e+02	1.199800000000000040e+02	1.180570000000000022e+02	1.162950000000000017e+02	1.146239999999999952e+02	1.130909999999999940e+02	1.120150000000000006e+02	1.109389999999999930e+02	1.100229999999999961e+02	1.093370000000000033e+02	1.084899999999999949e+02	1.076889999999999930e+02	1.072079999999999984e+02	1.066359999999999957e+02	1.059719999999999942e+02	1.054230000000000018e+02	1.049189999999999969e+02	1.045990000000000038e+02	1.042330000000000041e+02	1.039809999999999945e+02	1.036380000000000052e+02	1.035460000000000065e+02	1.035229999999999961e+02	1.033859999999999957e+02	1.035460000000000065e+02	1.035000000000000000e+02	1.035000000000000000e+02	1.036149999999999949e+02	1.037289999999999992e+02	1.038670000000000044e+02	1.039579999999999984e+02	1.042330000000000041e+02	1.043469999999999942e+02	1.045990000000000038e+02	1.047590000000000003e+02	1.050570000000000022e+02	1.053089999999999975e+02	1.055150000000000006e+02	1.056290000000000049e+02	1.059039999999999964e+02	1.062240000000000038e+02	1.063610000000000042e+02	1.067500000000000000e+02	1.070480000000000018e+02	1.071400000000000006e+02	1.074599999999999937e+02	1.077120000000000033e+02	1.078259999999999934e+02	1.081239999999999952e+02	1.089939999999999998e+02	1.091310000000000002e+02	1.093829999999999956e+02	1.095889999999999986e+02	1.098179999999999978e+02	1.100460000000000065e+02	1.102519999999999953e+02	1.102980000000000018e+02	1.107789999999999964e+02	1.110079999999999956e+02	1.113509999999999991e+02	1.116710000000000065e+02	1.117860000000000014e+02	1.119689999999999941e+02	1.121749999999999972e+02	1.123810000000000002e+02	1.125180000000000007e+02	1.127699999999999960e+02	1.130450000000000017e+02	1.131129999999999995e+02	1.133649999999999949e+02	1.136629999999999967e+02	1.138229999999999933e+02	1.140060000000000002e+02	1.142579999999999956e+02	1.143949999999999960e+02	1.146239999999999952e+02	1.148070000000000022e+02	1.149669999999999987e+02	1.152879999999999967e+02	1.155169999999999959e+02	1.156080000000000041e+02	1.158370000000000033e+02	1.160199999999999960e+02	1.160430000000000064e+02	1.161800000000000068e+02	1.164779999999999944e+02	1.165919999999999987e+02	1.168209999999999980e+02	1.170499999999999972e+02	1.170040000000000049e+02	1.174159999999999968e+02	1.175769999999999982e+02	1.176449999999999960e+02	1.180340000000000060e+02	1.181029999999999944e+02	1.181949999999999932e+02	1.184920000000000044e+02	1.187669999999999959e+02	1.188349999999999937e+02	1.190639999999999930e+02	1.192019999999999982e+02	1.193389999999999986e+02	1.196140000000000043e+02	1.197969999999999970e+02	1.197969999999999970e+02	1.200939999999999941e+02	1.201860000000000070e+02	1.202319999999999993e+02	1.204609999999999985e+02	1.205979999999999990e+02	1.207349999999999994e+02	1.209639999999999986e+02	1.210780000000000030e+02	1.212159999999999940e+02	1.214219999999999970e+02	1.216050000000000040e+02	1.217420000000000044e+02	1.219939999999999998e+02	1.221770000000000067e+02	1.222229999999999990e+02	1.224749999999999943e+02	1.224749999999999943e+02	1.222920000000000016e+02	1.224980000000000047e+02	1.226350000000000051e+02	1.226119999999999948e+02	1.228409999999999940e+02	1.229779999999999944e+02	1.229779999999999944e+02	1.232069999999999936e+02	1.233900000000000006e+02	1.234129999999999967e+02	1.235049999999999955e+02	1.235049999999999955e+02	1.236650000000000063e+02	1.237560000000000002e+02	1.238250000000000028e+02	1.237789999999999964e+02	1.238940000000000055e+02	1.241230000000000047e+02	1.240999999999999943e+02	1.242830000000000013e+02	1.242830000000000013e+02	1.243289999999999935e+02	1.245349999999999966e+02	1.244890000000000043e+02	1.245120000000000005e+02	1.246719999999999970e+02	1.246490000000000009e+02	1.248319999999999936e+02	1.249240000000000066e+02	1.249009999999999962e+02	1.249689999999999941e+02	1.250610000000000070e+02	1.251749999999999972e+02	1.252210000000000036e+02	1.252439999999999998e+02	1.253589999999999947e+02	1.252900000000000063e+02	1.253359999999999985e+02	1.253810000000000002e+02	1.253130000000000024e+02	1.254959999999999951e+02	1.255420000000000016e+02	1.255190000000000055e+02	1.256329999999999956e+02	1.257480000000000047e+02	1.257019999999999982e+02	1.258850000000000051e+02	1.259309999999999974e+02	1.259080000000000013e+02	1.260679999999999978e+02	1.262969999999999970e+02	1.262740000000000009e+02	1.263659999999999997e+02	1.265030000000000001e+02	1.265030000000000001e+02
1.000000000000000000e+00	3.296580000000000155e+02	2.969510000000000218e+02	2.663269999999999982e+02	2.378079999999999927e+02	2.129519999999999982e+02	1.937709999999999866e+02	1.786419999999999959e+02	1.646800000000000068e+02	1.536260000000000048e+02	1.450879999999999939e+02	1.368480000000000132e+02	1.306690000000000111e+02	1.265030000000000001e+02	1.227039999999999935e+02	1.194080000000000013e+02	1.169129999999999967e+02	1.146700000000000017e+02	1.128619999999999948e+02	1.112369999999999948e+02	1.101380000000000052e+02	1.090390000000000015e+02	1.083760000000000048e+02	1.073910000000000053e+02	1.071170000000000044e+02	1.066129999999999995e+02	1.060639999999999930e+02	1.054459999999999980e+02	1.051710000000000065e+02	1.049189999999999969e+02	1.046910000000000025e+02	1.044159999999999968e+02	1.041640000000000015e+02	1.040270000000000010e+02	1.040729999999999933e+02	1.039350000000000023e+02	1.038209999999999980e+02	1.038670000000000044e+02	1.036839999999999975e+02	1.035690000000000026e+02	1.034779999999999944e+02	1.029969999999999999e+02	1.026539999999999964e+02	1.025849999999999937e+02	1.025619999999999976e+02	1.025619999999999976e+02	1.026760000000000019e+02	1.028139999999999930e+02	1.029279999999999973e+02	1.032720000000000056e+02	1.037060000000000031e+02	1.041640000000000015e+02	1.047819999999999965e+02	1.054230000000000018e+02	1.060870000000000033e+02	1.069560000000000031e+02	1.077579999999999956e+02	1.085589999999999975e+02	1.091310000000000002e+02	1.096800000000000068e+02	1.101839999999999975e+02	1.106640000000000015e+02	1.109389999999999930e+02	1.113050000000000068e+02	1.117860000000000014e+02	1.121979999999999933e+02	1.121290000000000049e+02	1.125180000000000007e+02	1.128840000000000003e+02	1.130450000000000017e+02	1.134339999999999975e+02	1.136629999999999967e+02	1.138919999999999959e+02	1.143259999999999934e+02	1.146009999999999991e+02	1.148529999999999944e+02	1.151730000000000018e+02	1.153110000000000070e+02	1.156539999999999964e+02	1.160889999999999986e+02	1.164090000000000060e+02	1.167069999999999936e+02	1.171650000000000063e+02	1.175079999999999956e+02	1.178059999999999974e+02	1.182630000000000052e+02	1.189270000000000067e+02	1.193389999999999986e+02	1.200259999999999962e+02	1.204830000000000041e+02	1.209410000000000025e+02	1.215360000000000014e+02	1.220859999999999985e+02	1.226350000000000051e+02	1.234590000000000032e+02	1.242369999999999948e+02	1.251069999999999993e+02	1.261599999999999966e+02	1.272349999999999994e+02	1.283340000000000032e+02	1.296160000000000139e+02	1.309199999999999875e+02	1.323400000000000034e+02	1.341699999999999875e+02	1.357729999999999961e+02	1.375349999999999966e+02	1.395949999999999989e+02	1.416320000000000050e+02	1.438520000000000039e+02	1.463470000000000084e+02	1.489099999999999966e+02	1.516570000000000107e+02	1.545869999999999891e+02	1.574019999999999868e+02	1.603779999999999859e+02	1.634219999999999970e+02	1.664890000000000043e+02	1.695329999999999870e+02	1.726459999999999866e+02	1.756899999999999977e+02	1.787800000000000011e+02	1.817779999999999916e+02	1.844790000000000134e+02	1.875920000000000130e+02	1.903839999999999861e+02	1.910020000000000095e+02	1.934279999999999973e+02	1.955109999999999957e+02	1.988750000000000000e+02	2.005920000000000130e+02	2.023319999999999936e+02	2.039110000000000014e+02	2.055130000000000052e+02	2.069550000000000125e+02	2.080080000000000098e+02	2.091059999999999945e+02	2.100449999999999875e+02	2.114180000000000064e+02	2.122649999999999864e+02	2.131800000000000068e+02	2.138439999999999941e+02	2.145540000000000020e+02	2.154240000000000066e+02	2.157439999999999998e+02	2.164540000000000077e+02	2.170029999999999859e+02	2.173919999999999959e+02	2.176210000000000093e+02	2.192230000000000132e+02	2.196349999999999909e+02	2.193830000000000098e+02	2.194749999999999943e+02	2.194290000000000020e+02	2.193830000000000098e+02	2.197270000000000039e+02	2.202529999999999859e+02	2.202299999999999898e+02	2.206419999999999959e+02	2.207560000000000002e+02	2.205960000000000036e+02	2.208249999999999886e+02	2.206879999999999882e+02	2.206649999999999920e+02	2.208249999999999886e+02	2.205730000000000075e+02	2.207110000000000127e+02	2.208480000000000132e+02	2.209850000000000136e+02	2.214430000000000121e+02	2.213739999999999952e+02	2.212369999999999948e+02	2.213739999999999952e+02	2.213520000000000039e+02	2.213739999999999952e+02	2.221529999999999916e+02	2.218549999999999898e+02	2.215349999999999966e+02	2.212139999999999986e+02	2.212829999999999870e+02	2.213060000000000116e+02	2.213969999999999914e+02	2.216030000000000086e+02	2.214890000000000043e+02	2.214430000000000121e+02	2.214890000000000043e+02	2.216490000000000009e+02	2.218549999999999898e+02	2.215120000000000005e+02	2.212369999999999948e+02	2.214199999999999875e+02
1.000000000000000000e+00	2.624130000000000109e+02	2.379459999999999980e+02	2.145540000000000020e+02	1.933139999999999930e+02	1.749569999999999936e+02	1.592330000000000041e+02	1.454089999999999918e+02	1.348340000000000032e+02	1.265259999999999962e+02	1.198199999999999932e+02	1.140979999999999990e+02	1.088559999999999945e+02	1.052169999999999987e+02	1.014399999999999977e+02	9.754900000000000659e+01	9.345199999999999818e+01	8.898900000000000432e+01	8.528100000000000591e+01	8.212300000000000466e+01	7.921599999999999397e+01	7.662999999999999545e+01	7.466100000000000136e+01	7.296800000000000352e+01	7.161700000000000443e+01	7.031199999999999761e+01	6.937399999999999523e+01	6.870999999999999375e+01	6.770300000000000296e+01	6.710800000000000409e+01	6.665000000000000568e+01	6.628400000000000603e+01	6.591800000000000637e+01	6.571200000000000330e+01	6.520799999999999841e+01	6.507099999999999795e+01	6.514000000000000057e+01	6.500199999999999534e+01	6.498000000000000398e+01	6.491100000000000136e+01	6.486499999999999488e+01	6.470499999999999829e+01	6.491100000000000136e+01	6.495699999999999363e+01	6.486499999999999488e+01	6.493399999999999750e+01	6.529999999999999716e+01	6.541400000000000148e+01	6.545999999999999375e+01	6.591800000000000637e+01	6.568899999999999295e+01	6.596399999999999864e+01	6.642199999999999704e+01	6.626099999999999568e+01	6.660500000000000398e+01	6.662800000000000011e+01	6.699399999999999977e+01	6.681100000000000705e+01	6.731399999999999295e+01	6.729099999999999682e+01	6.735999999999999943e+01	6.751999999999999602e+01	6.806900000000000261e+01	6.790900000000000603e+01	6.774899999999999523e+01	6.843600000000000705e+01	6.868699999999999761e+01	6.942000000000000171e+01	7.026699999999999591e+01	7.058700000000000330e+01	7.079300000000000637e+01	7.170900000000000318e+01	7.168600000000000705e+01	7.182299999999999329e+01	7.218899999999999295e+01	7.216599999999999682e+01	7.292199999999999704e+01	7.278400000000000603e+01	7.282999999999999829e+01	7.296800000000000352e+01	7.303600000000000136e+01	7.312800000000000011e+01	7.370000000000000284e+01	7.392900000000000205e+01	7.395199999999999818e+01	7.404300000000000637e+01	7.404300000000000637e+01	7.511899999999999977e+01	7.523300000000000409e+01	7.534799999999999898e+01	7.573699999999999477e+01	7.624099999999999966e+01	7.635500000000000398e+01	7.637800000000000011e+01	7.651500000000000057e+01	7.669799999999999329e+01	7.669799999999999329e+01	7.692700000000000671e+01	7.717900000000000205e+01	7.745399999999999352e+01	7.749899999999999523e+01	7.768200000000000216e+01	7.802599999999999625e+01	7.809399999999999409e+01	7.862099999999999511e+01	7.859799999999999898e+01	7.905599999999999739e+01	7.907899999999999352e+01	7.942199999999999704e+01	8.058899999999999864e+01	8.088700000000000045e+01	8.090999999999999659e+01	8.104699999999999704e+01	8.116100000000000136e+01	8.145900000000000318e+01	8.150499999999999545e+01	8.219100000000000250e+01	8.223699999999999477e+01	8.239700000000000557e+01	8.262600000000000477e+01	8.287800000000000011e+01	8.340500000000000114e+01	8.370199999999999818e+01	8.411400000000000432e+01	8.470900000000000318e+01	8.532699999999999818e+01	8.564799999999999613e+01	8.599099999999999966e+01	8.642600000000000193e+01	8.676900000000000546e+01	8.722700000000000387e+01	8.779900000000000659e+01	8.855400000000000205e+01	8.928700000000000614e+01	8.990500000000000114e+01	9.111799999999999500e+01	9.166700000000000159e+01	9.260599999999999454e+01	9.356699999999999307e+01	9.468800000000000239e+01	9.592400000000000659e+01	9.718300000000000693e+01	9.839600000000000080e+01	1.001359999999999957e+02	1.017150000000000034e+02	1.033400000000000034e+02	1.047590000000000003e+02	1.063840000000000003e+02	1.081919999999999931e+02	1.100010000000000048e+02	1.116490000000000009e+02	1.136629999999999967e+02	1.154710000000000036e+02	1.174849999999999994e+02	1.194989999999999952e+02	1.216509999999999962e+02	1.235960000000000036e+02	1.253589999999999947e+02	1.272579999999999956e+02	1.289290000000000020e+02	1.306229999999999905e+02	1.322249999999999943e+02	1.336670000000000016e+02	1.352690000000000055e+02	1.368259999999999934e+02	1.380159999999999911e+02	1.395260000000000105e+02	1.405560000000000116e+02	1.424559999999999889e+02	1.434859999999999900e+02	1.444019999999999868e+02	1.456380000000000052e+02	1.465989999999999895e+02	1.473079999999999927e+02	1.480869999999999891e+02	1.491850000000000023e+02	1.499180000000000064e+02	1.507189999999999941e+02	1.534420000000000073e+02	1.539230000000000018e+02	1.551129999999999995e+02	1.554790000000000134e+02	1.563720000000000141e+02	1.566930000000000121e+02	1.571959999999999980e+02	1.576769999999999925e+02	1.579970000000000141e+02	1.583629999999999995e+02	1.589130000000000109e+02	1.619799999999999898e+02
0.000000000000000000e+00	1.763530000000000086e+02	1.601030000000000086e+02	1.470790000000000077e+02	1.326370000000000005e+02	1.213760000000000048e+02	1.105040000000000049e+02	1.020810000000000031e+02	9.498600000000000421e+01	8.960699999999999932e+01	8.548699999999999477e+01	8.219100000000000250e+01	7.955899999999999750e+01	7.727100000000000080e+01	7.537099999999999511e+01	7.374599999999999511e+01	7.221200000000000330e+01	6.955700000000000216e+01	6.706199999999999761e+01	6.486499999999999488e+01	6.271399999999999864e+01	6.085999999999999943e+01	5.909700000000000131e+01	5.772399999999999665e+01	5.641899999999999693e+01	5.532099999999999795e+01	5.433700000000000330e+01	5.364999999999999858e+01	5.282600000000000051e+01	5.218500000000000227e+01	5.161299999999999955e+01	5.110900000000000176e+01	5.092600000000000193e+01	5.060600000000000165e+01	5.024000000000000199e+01	5.014800000000000324e+01	5.001100000000000279e+01	4.975900000000000034e+01	4.959899999999999665e+01	4.957600000000000051e+01	4.943800000000000239e+01	4.916400000000000148e+01	4.923199999999999932e+01	4.909499999999999886e+01	4.914099999999999824e+01	4.914099999999999824e+01	4.916400000000000148e+01	4.925500000000000256e+01	4.943800000000000239e+01	4.943800000000000239e+01	4.971300000000000097e+01	4.978199999999999648e+01	4.987299999999999756e+01	4.989600000000000080e+01	4.982800000000000296e+01	5.010199999999999676e+01	5.019400000000000261e+01	5.037700000000000244e+01	5.046800000000000352e+01	5.037700000000000244e+01	5.088000000000000256e+01	5.097200000000000131e+01	5.106400000000000006e+01	5.097200000000000131e+01	5.140699999999999648e+01	5.147599999999999909e+01	5.163600000000000279e+01	5.186500000000000199e+01	5.175000000000000000e+01	5.211599999999999966e+01	5.280299999999999727e+01	5.296300000000000097e+01	5.326100000000000279e+01	5.364999999999999858e+01	5.346699999999999875e+01	5.401599999999999824e+01	5.401599999999999824e+01	5.410799999999999699e+01	5.424499999999999744e+01	5.488600000000000279e+01	5.497699999999999676e+01	5.502300000000000324e+01	5.513799999999999812e+01	5.520600000000000307e+01	5.529800000000000182e+01	5.575600000000000023e+01	5.754099999999999682e+01	5.763199999999999790e+01	5.758700000000000330e+01	5.765500000000000114e+01	5.770100000000000051e+01	5.781600000000000250e+01	5.795300000000000296e+01	5.795300000000000296e+01	5.806700000000000017e+01	5.813600000000000279e+01	5.815899999999999892e+01	5.825000000000000000e+01	5.836500000000000199e+01	5.838799999999999812e+01	5.859400000000000119e+01	5.886800000000000210e+01	5.916599999999999682e+01	5.944100000000000250e+01	5.957800000000000296e+01	5.971500000000000341e+01	5.973799999999999955e+01	6.047099999999999653e+01	6.060799999999999699e+01	6.076800000000000068e+01	6.085999999999999943e+01	6.095100000000000051e+01	6.108899999999999864e+01	6.136299999999999955e+01	6.147800000000000153e+01	6.161500000000000199e+01	6.177499999999999858e+01	6.200399999999999778e+01	6.221000000000000085e+01	6.269100000000000250e+01	6.294299999999999784e+01	6.303399999999999892e+01	6.310300000000000153e+01	6.328600000000000136e+01	6.328600000000000136e+01	6.342300000000000182e+01	6.360600000000000165e+01	6.367499999999999716e+01	6.362899999999999778e+01	6.374399999999999977e+01	6.397200000000000131e+01	6.406399999999999295e+01	6.426999999999999602e+01	6.438400000000000034e+01	6.456799999999999784e+01	6.468200000000000216e+01	6.481900000000000261e+01	6.495699999999999363e+01	6.518600000000000705e+01	6.518600000000000705e+01	6.532299999999999329e+01	6.545999999999999375e+01	6.562000000000000455e+01	6.562000000000000455e+01	6.575799999999999557e+01	6.582599999999999341e+01	6.603199999999999648e+01	6.614700000000000557e+01	6.621599999999999397e+01	6.639900000000000091e+01	6.644400000000000261e+01	6.653600000000000136e+01	6.658199999999999363e+01	6.678799999999999670e+01	6.690200000000000102e+01	6.706199999999999761e+01	6.715399999999999636e+01	6.722299999999999898e+01	6.742900000000000205e+01	6.758899999999999864e+01	6.777200000000000557e+01	6.786299999999999955e+01	6.793200000000000216e+01	6.802400000000000091e+01	6.816100000000000136e+01	6.823000000000000398e+01	6.834399999999999409e+01	6.845900000000000318e+01	6.857299999999999329e+01	6.864199999999999591e+01	6.870999999999999375e+01	6.889300000000000068e+01	6.898499999999999943e+01	6.905400000000000205e+01	6.914499999999999602e+01	6.928300000000000125e+01	6.948900000000000432e+01	6.955700000000000216e+01	6.967199999999999704e+01	6.980899999999999750e+01	6.990099999999999625e+01	7.001500000000000057e+01	7.019799999999999329e+01	7.026699999999999591e+01	7.040399999999999636e+01	7.058700000000000330e+01	7.058700000000000330e+01	7.065600000000000591e+01	7.079300000000000637e+01	7.113599999999999568e+01
1.000000000000000000e+00	4.717250000000000227e+02	4.340289999999999964e+02	3.972019999999999982e+02	3.665310000000000059e+02	3.382420000000000186e+02	3.143229999999999791e+02	2.938609999999999900e+02	2.764660000000000082e+02	2.616349999999999909e+02	2.492980000000000018e+02	2.397769999999999868e+02	2.345349999999999966e+02	2.297520000000000095e+02	2.218779999999999859e+02	2.190399999999999920e+02	2.142330000000000041e+02	2.095869999999999891e+02	2.042079999999999984e+02	1.992870000000000061e+02	1.927189999999999941e+02	1.878199999999999932e+02	1.820980000000000132e+02	1.770169999999999959e+02	1.733089999999999975e+02	1.701049999999999898e+02	1.669919999999999902e+02	1.666949999999999932e+02	1.662599999999999909e+02	1.640169999999999959e+02	1.621399999999999864e+02	1.599430000000000121e+02	1.597599999999999909e+02	1.610869999999999891e+02	1.604230000000000018e+02	1.594619999999999891e+02	1.589579999999999984e+02	1.587750000000000057e+02	1.584550000000000125e+02	1.583629999999999995e+02	1.585689999999999884e+02	1.585010000000000048e+02	1.586150000000000091e+02	1.588669999999999902e+02	1.588209999999999980e+02	1.591419999999999959e+02	1.606519999999999868e+02	1.599430000000000121e+02	1.601260000000000048e+02	1.604230000000000018e+02	1.604919999999999902e+02	1.609499999999999886e+02	1.652980000000000018e+02	1.655730000000000075e+02	1.720049999999999955e+02	1.728520000000000039e+02	1.735380000000000109e+02	1.748199999999999932e+02	1.762620000000000005e+02	1.769939999999999998e+02	1.774979999999999905e+02	1.779790000000000134e+02	1.787570000000000050e+02	1.796719999999999970e+02	1.807249999999999943e+02	1.813429999999999893e+02	1.823959999999999866e+02	1.834029999999999916e+02	1.844099999999999966e+02	1.853029999999999973e+02	1.863329999999999984e+02	1.872479999999999905e+02	1.882549999999999955e+02	1.892849999999999966e+02	1.902009999999999934e+02	1.914600000000000080e+02	1.928789999999999907e+02	1.939770000000000039e+02	1.952359999999999900e+02	1.965639999999999930e+02	1.979370000000000118e+02	1.997680000000000007e+02	2.011179999999999950e+02	2.024919999999999902e+02	2.037510000000000048e+02	2.053530000000000086e+02	2.066800000000000068e+02	2.081220000000000141e+02	2.096330000000000098e+02	2.107769999999999868e+02	2.122189999999999941e+02	2.137529999999999859e+02	2.149660000000000082e+02	2.173230000000000075e+02	2.188799999999999955e+02	2.201839999999999975e+02	2.213969999999999914e+02	2.232740000000000009e+02	2.247390000000000043e+02	2.262949999999999875e+02	2.276229999999999905e+02	2.289509999999999934e+02	2.305070000000000050e+02	2.311939999999999884e+02	2.319720000000000084e+02	2.325900000000000034e+02	2.330020000000000095e+02	2.332309999999999945e+02	2.336200000000000045e+02	2.348329999999999984e+02	2.350389999999999873e+02	2.349699999999999989e+02	2.351759999999999877e+02	2.352450000000000045e+02	2.351759999999999877e+02	2.352909999999999968e+02	2.354050000000000011e+02	2.356800000000000068e+02	2.357479999999999905e+02	2.360459999999999923e+02	2.360000000000000000e+02	2.360000000000000000e+02	2.362980000000000018e+02	2.363429999999999893e+02	2.364350000000000023e+02	2.365039999999999907e+02	2.369379999999999882e+02	2.371899999999999977e+02	2.374420000000000073e+02	2.374879999999999995e+02	2.374879999999999995e+02	2.374879999999999995e+02	2.379910000000000139e+02	2.378309999999999889e+02	2.377849999999999966e+02	2.377620000000000005e+02	2.380829999999999984e+02	2.381740000000000066e+02	2.382659999999999911e+02	2.385180000000000007e+02	2.385860000000000127e+02	2.389300000000000068e+02	2.389759999999999991e+02	2.392270000000000039e+02	2.391129999999999995e+02	2.393880000000000052e+02	2.393420000000000130e+02	2.393420000000000130e+02	2.395020000000000095e+02	2.395480000000000018e+02	2.395939999999999941e+02	2.400740000000000123e+02	2.400279999999999916e+02	2.400049999999999955e+02	2.398220000000000027e+02	2.397769999999999868e+02	2.397079999999999984e+02	2.396850000000000023e+02	2.397769999999999868e+02	2.397309999999999945e+02	2.401200000000000045e+02	2.402800000000000011e+02	2.403259999999999934e+02	2.403489999999999895e+02	2.404399999999999977e+02	2.404399999999999977e+02	2.405320000000000107e+02	2.404859999999999900e+02	2.404170000000000016e+02	2.404629999999999939e+02	2.404399999999999977e+02	2.404629999999999939e+02	2.404859999999999900e+02	2.404399999999999977e+02	2.406009999999999991e+02	2.406229999999999905e+02	2.409900000000000091e+02	2.412189999999999941e+02	2.410809999999999889e+02	2.410579999999999927e+02	2.413329999999999984e+02	2.412189999999999941e+02	2.411500000000000057e+02	2.411959999999999980e+02	2.410809999999999889e+02	2.411500000000000057e+02	2.422709999999999866e+02	2.423629999999999995e+02	2.422940000000000111e+02	2.423400000000000034e+02
1.000000000000000000e+00	2.609940000000000282e+02	2.407150000000000034e+02	2.222899999999999920e+02	2.053760000000000048e+02	1.919629999999999939e+02	1.792369999999999948e+02	1.675869999999999891e+02	1.574019999999999868e+02	1.487729999999999961e+02	1.412199999999999989e+02	1.349029999999999916e+02	1.294329999999999927e+02	1.254500000000000028e+02	1.219249999999999972e+02	1.190870000000000033e+02	1.165919999999999987e+02	1.147840000000000060e+02	1.129069999999999965e+02	1.115570000000000022e+02	1.101610000000000014e+02	1.094509999999999934e+02	1.087189999999999941e+02	1.081239999999999952e+02	1.078719999999999999e+02	1.075289999999999964e+02	1.072540000000000049e+02	1.074140000000000015e+02	1.072309999999999945e+02	1.074140000000000015e+02	1.074140000000000015e+02	1.075739999999999981e+02	1.078029999999999973e+02	1.076430000000000007e+02	1.079180000000000064e+02	1.081700000000000017e+02	1.093139999999999930e+02	1.095889999999999986e+02	1.097720000000000056e+02	1.102289999999999992e+02	1.106410000000000053e+02	1.112590000000000003e+02	1.115799999999999983e+02	1.121520000000000010e+02	1.127240000000000038e+02	1.129759999999999991e+02	1.136860000000000070e+02	1.141200000000000045e+02	1.143949999999999960e+02	1.148529999999999944e+02	1.154020000000000010e+02	1.160199999999999960e+02	1.166149999999999949e+02	1.170499999999999972e+02	1.176219999999999999e+02	1.184920000000000044e+02	1.187669999999999959e+02	1.195220000000000056e+02	1.199800000000000040e+02	1.206440000000000055e+02	1.212390000000000043e+02	1.221770000000000067e+02	1.226580000000000013e+02	1.236189999999999998e+02	1.244429999999999978e+02	1.252439999999999998e+02	1.262969999999999970e+02	1.273269999999999982e+02	1.284259999999999877e+02	1.296620000000000061e+02	1.308979999999999961e+02	1.323619999999999948e+02	1.337810000000000059e+02	1.354060000000000059e+02	1.370089999999999861e+02	1.385649999999999977e+02	1.403499999999999943e+02	1.422040000000000077e+02	1.442870000000000061e+02	1.463700000000000045e+02	1.485900000000000034e+02	1.509929999999999950e+02	1.533509999999999991e+02	1.559139999999999873e+02	1.585920000000000130e+02	1.622769999999999868e+02	1.651150000000000091e+02	1.680910000000000082e+02	1.712489999999999952e+02	1.744079999999999870e+02	1.777500000000000000e+02	1.810910000000000082e+02	1.846620000000000061e+02	1.880039999999999907e+02	1.915279999999999916e+02	1.952820000000000107e+02	1.991959999999999980e+02	2.025149999999999864e+02	2.060850000000000080e+02	2.096330000000000098e+02	2.130889999999999986e+02	2.165910000000000082e+02	2.197270000000000039e+02	2.230449999999999875e+02	2.260670000000000073e+02	2.291790000000000020e+02	2.319259999999999877e+02	2.345579999999999927e+02	2.373280000000000030e+02	2.398449999999999989e+02	2.423400000000000034e+02	2.446059999999999945e+02	2.468489999999999895e+02	2.488859999999999957e+02	2.507170000000000130e+02	2.526860000000000070e+02	2.543329999999999984e+02	2.561870000000000118e+02	2.577440000000000282e+02	2.592540000000000191e+02	2.606739999999999782e+02	2.620009999999999764e+02	2.633290000000000077e+02	2.643129999999999882e+02	2.656170000000000186e+02	2.668990000000000009e+02	2.682040000000000077e+02	2.689590000000000032e+02	2.701030000000000086e+02	2.701490000000000009e+02	2.713170000000000073e+02	2.728960000000000150e+02	2.730330000000000155e+02	2.765120000000000005e+02	2.785260000000000105e+02	2.789379999999999882e+02	2.845919999999999845e+02	2.847749999999999773e+02	2.850489999999999782e+02	2.857590000000000146e+02	2.867660000000000196e+02	2.868799999999999955e+02	2.872699999999999818e+02	2.870409999999999968e+02	2.881850000000000023e+02	2.882309999999999945e+02	2.923279999999999745e+02	2.924189999999999827e+02	2.936549999999999727e+02	2.937470000000000141e+02	2.931750000000000114e+02	2.928770000000000095e+02	2.940670000000000073e+02	2.935640000000000214e+02	2.948460000000000036e+02	2.947309999999999945e+02	2.944340000000000259e+02	2.945480000000000018e+02	2.941360000000000241e+02	2.940439999999999827e+02	2.949139999999999873e+02	2.947540000000000191e+02	2.949139999999999873e+02	2.951200000000000045e+02	2.947540000000000191e+02	2.948679999999999950e+02	2.944340000000000259e+02	2.934270000000000209e+02	2.934490000000000123e+02	2.946170000000000186e+02	2.936779999999999973e+02	2.951429999999999723e+02	2.925570000000000164e+02	2.926030000000000086e+02	2.953029999999999973e+02	2.951429999999999723e+02	2.940219999999999914e+02	2.948000000000000114e+02	2.940439999999999827e+02	2.931519999999999868e+02	2.920989999999999895e+02	2.931750000000000114e+02	2.940899999999999750e+02	2.923050000000000068e+02	2.917789999999999964e+02	2.918240000000000123e+02	2.933120000000000118e+02	2.910230000000000246e+02	2.909320000000000164e+02	2.910230000000000246e+02
1.000000000000000000e+00	3.152160000000000082e+02	2.818910000000000196e+02	2.526860000000000070e+02	2.259060000000000059e+02	2.025380000000000109e+02	1.816860000000000070e+02	1.636730000000000018e+02	1.487959999999999923e+02	1.349950000000000045e+02	1.244200000000000017e+02	1.154939999999999998e+02	1.083979999999999961e+02	1.008449999999999989e+02	9.558100000000000307e+01	9.027100000000000080e+01	8.503000000000000114e+01	8.029200000000000159e+01	7.619499999999999318e+01	7.298999999999999488e+01	6.994599999999999795e+01	6.726800000000000068e+01	6.514000000000000057e+01	6.346900000000000119e+01	6.161500000000000199e+01	6.037899999999999778e+01	5.948599999999999710e+01	5.834199999999999875e+01	5.758700000000000330e+01	5.667099999999999937e+01	5.614500000000000313e+01	5.575600000000000023e+01	5.536699999999999733e+01	5.458800000000000097e+01	5.477100000000000080e+01	5.474900000000000233e+01	5.470300000000000296e+01	5.438199999999999790e+01	5.435900000000000176e+01	5.449699999999999989e+01	5.452000000000000313e+01	5.401599999999999824e+01	5.435900000000000176e+01	5.392499999999999716e+01	5.394700000000000273e+01	5.431400000000000006e+01	5.440500000000000114e+01	5.470300000000000296e+01	5.474900000000000233e+01	5.474900000000000233e+01	5.509199999999999875e+01	5.532099999999999795e+01	5.511500000000000199e+01	5.582399999999999807e+01	5.600699999999999790e+01	5.692300000000000182e+01	5.689999999999999858e+01	5.708299999999999841e+01	5.728900000000000148e+01	5.760999999999999943e+01	5.774699999999999989e+01	5.825000000000000000e+01	5.877700000000000102e+01	5.980700000000000216e+01	5.976100000000000279e+01	6.037899999999999778e+01	6.051599999999999824e+01	6.053900000000000148e+01	6.127199999999999847e+01	6.147800000000000153e+01	6.172899999999999920e+01	6.264500000000000313e+01	6.287400000000000233e+01	6.369800000000000040e+01	6.367499999999999716e+01	6.422400000000000375e+01	6.463599999999999568e+01	6.472799999999999443e+01	6.552899999999999636e+01	6.612399999999999523e+01	6.667300000000000182e+01	6.655899999999999750e+01	6.745099999999999341e+01	6.765699999999999648e+01	6.763500000000000512e+01	6.823000000000000398e+01	6.829800000000000182e+01	6.841299999999999670e+01	6.955700000000000216e+01	7.026699999999999591e+01	7.040399999999999636e+01	7.079300000000000637e+01	7.063299999999999557e+01	7.115900000000000603e+01	7.164000000000000057e+01	7.212099999999999511e+01	7.237199999999999989e+01	7.298999999999999488e+01	7.287600000000000477e+01	7.308199999999999363e+01	7.303600000000000136e+01	7.324200000000000443e+01	7.438700000000000045e+01	7.477599999999999625e+01	7.543899999999999295e+01	7.640099999999999625e+01	7.706499999999999773e+01	7.713299999999999557e+01	7.807200000000000273e+01	7.859799999999999898e+01	7.992600000000000193e+01	8.029200000000000159e+01	8.086400000000000432e+01	8.143600000000000705e+01	8.033799999999999386e+01	8.081799999999999784e+01	8.145900000000000318e+01	8.175700000000000500e+01	8.244299999999999784e+01	8.322100000000000364e+01	8.386199999999999477e+01	8.425100000000000477e+01	8.461799999999999500e+01	8.498399999999999466e+01	8.583100000000000307e+01	8.894299999999999784e+01	8.974500000000000455e+01	9.013400000000000034e+01	9.077500000000000568e+01	9.162099999999999511e+01	9.290300000000000580e+01	9.397899999999999920e+01	9.516899999999999693e+01	9.624500000000000455e+01	9.775499999999999545e+01	9.912900000000000489e+01	1.006159999999999997e+02	1.025619999999999976e+02	1.041640000000000015e+02	1.056749999999999972e+02	1.075289999999999964e+02	1.094509999999999934e+02	1.114879999999999995e+02	1.135939999999999941e+02	1.148760000000000048e+02	1.178280000000000030e+02	1.201860000000000070e+02	1.225660000000000025e+02	1.246949999999999932e+02	1.269150000000000063e+02	1.291349999999999909e+02	1.314010000000000105e+02	1.335980000000000132e+02	1.371229999999999905e+02	1.391829999999999927e+02	1.417920000000000016e+02	1.439209999999999923e+02	1.457290000000000134e+02	1.486589999999999918e+02	1.503520000000000039e+02	1.522750000000000057e+02	1.541519999999999868e+02	1.557079999999999984e+02	1.573559999999999945e+02	1.586610000000000014e+02	1.600109999999999957e+02	1.615219999999999914e+02	1.628269999999999982e+02	1.642230000000000132e+02	1.657330000000000041e+02	1.669240000000000066e+02	1.677930000000000064e+02	1.693729999999999905e+02	1.704029999999999916e+02	1.716160000000000139e+02	1.723710000000000093e+02	1.762390000000000043e+02	1.780010000000000048e+02	1.790999999999999943e+02	1.801990000000000123e+02	1.807019999999999982e+02	1.812740000000000009e+02	1.820759999999999934e+02	1.836779999999999973e+02	1.846850000000000023e+02	1.852340000000000089e+02	1.858060000000000116e+02	1.864699999999999989e+02	1.870649999999999977e+02	1.876140000000000043e+02
1.000000000000000000e+00	2.491150000000000091e+02	2.285610000000000070e+02	2.097930000000000064e+02	1.923979999999999961e+02	1.771320000000000050e+02	1.637880000000000109e+02	1.541289999999999907e+02	1.476289999999999907e+02	1.419979999999999905e+02	1.374890000000000043e+02	1.338040000000000020e+02	1.305310000000000059e+02	1.279909999999999997e+02	1.258389999999999986e+02	1.240540000000000020e+02	1.224749999999999943e+02	1.210780000000000030e+02	1.200030000000000001e+02	1.192249999999999943e+02	1.184689999999999941e+02	1.179200000000000017e+02	1.173020000000000067e+02	1.170040000000000049e+02	1.165469999999999970e+02	1.162030000000000030e+02	1.157000000000000028e+02	1.151959999999999980e+02	1.146700000000000017e+02	1.140979999999999990e+02	1.132740000000000009e+02	1.124729999999999990e+02	1.119000000000000057e+02	1.114429999999999978e+02	1.109159999999999968e+02	1.106189999999999998e+02	1.105270000000000010e+02	1.104129999999999967e+02	1.104809999999999945e+02	1.105499999999999972e+02	1.106869999999999976e+02	1.108930000000000007e+02	1.110529999999999973e+02	1.113509999999999991e+02	1.116940000000000026e+02	1.121290000000000049e+02	1.124729999999999990e+02	1.128850000000000051e+02	1.132969999999999970e+02	1.138460000000000036e+02	1.144410000000000025e+02	1.149899999999999949e+02	1.155849999999999937e+02	1.162489999999999952e+02	1.168900000000000006e+02	1.176219999999999999e+02	1.183319999999999936e+02	1.190409999999999968e+02	1.197740000000000009e+02	1.205289999999999964e+02	1.212159999999999940e+02	1.217879999999999967e+02	1.223829999999999956e+02	1.228409999999999940e+02	1.232300000000000040e+02	1.235499999999999972e+02	1.239170000000000016e+02	1.242139999999999986e+02	1.245349999999999966e+02	1.248550000000000040e+02	1.251069999999999993e+02	1.254500000000000028e+02	1.257249999999999943e+02	1.260679999999999978e+02	1.262279999999999944e+02	1.265720000000000027e+02	1.269380000000000024e+02	1.271440000000000055e+02	1.273730000000000047e+02	1.276700000000000017e+02	1.278310000000000031e+02	1.280819999999999936e+02	1.281510000000000105e+02	1.284259999999999877e+02	1.286320000000000050e+02	1.286769999999999925e+02	1.288149999999999977e+02	1.289290000000000020e+02	1.290660000000000025e+02	1.292719999999999914e+02	1.293180000000000121e+02	1.294329999999999927e+02	1.296160000000000139e+02	1.297990000000000066e+02	1.299590000000000032e+02	1.301649999999999920e+02	1.302570000000000050e+02	1.303710000000000093e+02	1.305540000000000020e+02	1.306920000000000073e+02	1.308060000000000116e+02	1.309430000000000121e+02	1.311490000000000009e+02	1.312870000000000061e+02	1.316069999999999993e+02	1.316759999999999877e+02	1.319050000000000011e+02	1.322249999999999943e+02	1.325229999999999961e+02	1.326599999999999966e+02	1.330260000000000105e+02	1.334149999999999920e+02	1.338040000000000020e+02	1.342849999999999966e+02	1.348799999999999955e+02	1.354979999999999905e+02	1.362760000000000105e+02	1.373060000000000116e+02	1.385190000000000055e+02	1.400070000000000050e+02	1.417690000000000055e+02	1.437609999999999957e+02	1.463009999999999877e+02	1.490939999999999941e+02	1.523209999999999980e+02	1.559600000000000080e+02	1.598509999999999991e+02	1.640850000000000080e+02	1.685939999999999941e+02	1.733549999999999898e+02	1.779790000000000134e+02	1.826250000000000000e+02	1.870879999999999939e+02	1.914830000000000041e+02	1.955569999999999879e+02	1.993559999999999945e+02	2.028350000000000080e+02	2.061080000000000041e+02	2.092899999999999920e+02	2.120360000000000014e+02	2.145540000000000020e+02	2.170260000000000105e+02	2.192460000000000093e+02	2.210080000000000098e+02	2.229310000000000116e+02	2.247390000000000043e+02	2.262949999999999875e+02	2.279890000000000043e+02	2.293400000000000034e+02	2.306899999999999977e+02	2.322460000000000093e+02	2.331850000000000023e+02	2.342609999999999957e+02	2.354509999999999934e+02	2.360459999999999923e+02	2.370300000000000011e+02	2.377170000000000130e+02	2.384950000000000045e+02	2.390900000000000034e+02	2.399370000000000118e+02	2.405550000000000068e+02	2.411730000000000018e+02	2.417680000000000007e+02	2.421800000000000068e+02	2.428669999999999902e+02	2.434389999999999930e+02	2.439650000000000034e+02	2.443540000000000134e+02	2.449039999999999964e+02	2.453839999999999861e+02	2.457050000000000125e+02	2.463460000000000036e+02	2.466430000000000007e+02	2.473979999999999961e+02	2.478559999999999945e+02	2.481310000000000002e+02	2.486109999999999900e+02	2.487030000000000030e+02	2.490459999999999923e+02	2.493209999999999980e+02	2.492980000000000018e+02	2.495500000000000114e+02	2.498700000000000045e+02	2.501680000000000064e+02	2.503739999999999952e+02	2.507630000000000052e+02	2.509459999999999980e+02	2.512210000000000036e+02	2.513350000000000080e+02	2.517239999999999895e+02
0.000000000000000000e+00	3.401639999999999873e+02	2.977520000000000095e+02	2.614750000000000227e+02	2.370759999999999934e+02	2.131119999999999948e+02	1.895370000000000061e+02	1.737669999999999959e+02	1.631009999999999991e+02	1.542429999999999950e+02	1.477659999999999911e+02	1.426850000000000023e+02	1.391140000000000043e+02	1.360929999999999893e+02	1.335529999999999973e+02	1.310579999999999927e+02	1.288600000000000136e+02	1.268229999999999933e+02	1.252439999999999998e+02	1.236880000000000024e+02	1.224749999999999943e+02	1.213760000000000048e+02	1.206889999999999930e+02	1.199800000000000040e+02	1.192699999999999960e+02	1.187439999999999998e+02	1.183550000000000040e+02	1.179429999999999978e+02	1.177600000000000051e+02	1.175079999999999956e+02	1.172789999999999964e+02	1.174389999999999930e+02	1.174159999999999968e+02	1.172560000000000002e+02	1.171189999999999998e+02	1.170960000000000036e+02	1.170729999999999933e+02	1.172330000000000041e+02	1.172560000000000002e+02	1.173479999999999990e+02	1.174159999999999968e+02	1.177600000000000051e+02	1.178739999999999952e+02	1.180570000000000022e+02	1.183780000000000001e+02	1.186069999999999993e+02	1.188130000000000024e+02	1.189500000000000028e+02	1.191099999999999994e+02	1.194080000000000013e+02	1.195220000000000056e+02	1.196820000000000022e+02	1.199339999999999975e+02	1.203460000000000036e+02	1.204830000000000041e+02	1.208949999999999960e+02	1.211929999999999978e+02	1.213070000000000022e+02	1.214449999999999932e+02	1.216740000000000066e+02	1.217879999999999967e+02	1.220859999999999985e+02	1.224060000000000059e+02	1.225660000000000025e+02	1.228179999999999978e+02	1.230930000000000035e+02	1.232069999999999936e+02	1.235280000000000058e+02	1.236650000000000063e+02	1.238709999999999951e+02	1.240769999999999982e+02	1.244200000000000017e+02	1.244659999999999940e+02	1.247180000000000035e+02	1.249240000000000066e+02	1.251530000000000058e+02	1.253130000000000024e+02	1.255649999999999977e+02	1.257480000000000047e+02	1.258619999999999948e+02	1.259539999999999935e+02	1.261140000000000043e+02	1.263430000000000035e+02	1.264339999999999975e+02	1.265490000000000066e+02	1.268010000000000019e+02	1.270750000000000028e+02	1.271899999999999977e+02	1.273040000000000020e+02	1.275559999999999974e+02	1.280819999999999936e+02	1.282880000000000109e+02	1.285860000000000127e+02	1.287460000000000093e+02	1.288149999999999977e+02	1.291349999999999909e+02	1.292949999999999875e+02	1.294329999999999927e+02	1.296839999999999975e+02	1.298220000000000027e+02	1.300049999999999955e+02	1.302340000000000089e+02	1.305540000000000020e+02	1.307599999999999909e+02	1.310809999999999889e+02	1.312870000000000061e+02	1.315840000000000032e+02	1.317439999999999998e+02	1.319269999999999925e+02	1.320649999999999977e+02	1.322940000000000111e+02	1.325000000000000000e+02	1.328429999999999893e+02	1.330949999999999989e+02	1.331860000000000070e+02	1.334610000000000127e+02	1.336440000000000055e+02	1.338269999999999982e+02	1.340099999999999909e+02	1.346279999999999859e+02	1.347659999999999911e+02	1.350629999999999882e+02	1.353839999999999861e+02	1.356810000000000116e+02	1.359559999999999889e+02	1.362529999999999859e+02	1.365279999999999916e+02	1.371459999999999866e+02	1.372829999999999870e+02	1.373979999999999961e+02	1.377870000000000061e+02	1.380389999999999873e+02	1.381529999999999916e+02	1.385190000000000055e+02	1.387019999999999982e+02	1.388849999999999909e+02	1.391599999999999966e+02	1.393199999999999932e+02	1.394579999999999984e+02	1.395949999999999989e+02	1.397090000000000032e+02	1.398240000000000123e+02	1.399840000000000089e+02	1.400300000000000011e+02	1.400070000000000050e+02	1.400759999999999934e+02	1.402129999999999939e+02	1.401899999999999977e+02	1.403050000000000068e+02	1.405109999999999957e+02	1.405329999999999870e+02	1.407390000000000043e+02	1.409000000000000057e+02	1.409910000000000139e+02	1.411059999999999945e+02	1.411059999999999945e+02	1.410829999999999984e+02	1.412429999999999950e+02	1.413799999999999955e+02	1.413350000000000080e+02	1.414720000000000084e+02	1.415409999999999968e+02	1.414720000000000084e+02	1.415409999999999968e+02	1.416550000000000011e+02	1.417920000000000016e+02	1.419530000000000030e+02	1.420209999999999866e+02	1.419749999999999943e+02	1.419070000000000107e+02	1.419530000000000030e+02	1.419300000000000068e+02	1.419749999999999943e+02	1.419300000000000068e+02	1.419300000000000068e+02	1.421359999999999957e+02	1.421810000000000116e+02	1.422270000000000039e+02	1.423650000000000091e+02	1.424329999999999927e+02	1.425250000000000057e+02	1.425699999999999932e+02	1.425699999999999932e+02	1.426160000000000139e+02	1.426390000000000100e+02	1.426390000000000100e+02	1.426390000000000100e+02	1.427079999999999984e+02	1.427760000000000105e+02	1.428449999999999989e+02
1.000000000000000000e+00	2.728269999999999982e+02	2.489550000000000125e+02	2.263180000000000121e+02	2.050780000000000030e+02	1.864470000000000027e+02	1.698530000000000086e+02	1.563489999999999895e+02	1.468959999999999866e+02	1.394350000000000023e+02	1.339190000000000111e+02	1.288379999999999939e+02	1.247860000000000014e+02	1.216050000000000040e+02	1.189500000000000028e+02	1.169129999999999967e+02	1.152879999999999967e+02	1.137309999999999945e+02	1.126560000000000059e+02	1.116029999999999944e+02	1.107789999999999964e+02	1.101610000000000014e+02	1.094740000000000038e+02	1.086730000000000018e+02	1.081470000000000056e+02	1.075060000000000002e+02	1.070250000000000057e+02	1.066359999999999957e+02	1.061779999999999973e+02	1.056749999999999972e+02	1.054230000000000018e+02	1.049419999999999931e+02	1.044159999999999968e+02	1.036380000000000052e+02	1.031569999999999965e+02	1.024929999999999950e+02	1.022189999999999941e+02	1.018299999999999983e+02	1.015780000000000030e+02	1.015090000000000003e+02	1.012800000000000011e+02	1.013259999999999934e+02	1.013259999999999934e+02	1.013949999999999960e+02	1.010739999999999981e+02	1.014180000000000064e+02	1.013490000000000038e+02	1.012339999999999947e+02	1.013719999999999999e+02	1.012800000000000011e+02	1.014399999999999977e+02	1.016689999999999969e+02	1.018070000000000022e+02	1.019440000000000026e+02	1.023100000000000023e+02	1.025390000000000015e+02	1.027909999999999968e+02	1.031569999999999965e+02	1.033859999999999957e+02	1.037980000000000018e+02	1.043930000000000007e+02	1.048280000000000030e+02	1.051250000000000000e+02	1.056749999999999972e+02	1.060639999999999930e+02	1.064759999999999991e+02	1.069789999999999992e+02	1.074369999999999976e+02	1.079639999999999986e+02	1.088559999999999945e+02	1.093370000000000033e+02	1.098179999999999978e+02	1.105270000000000010e+02	1.112139999999999986e+02	1.118319999999999936e+02	1.125409999999999968e+02	1.130679999999999978e+02	1.133649999999999949e+02	1.137999999999999972e+02	1.141889999999999930e+02	1.143719999999999999e+02	1.146009999999999991e+02	1.147609999999999957e+02	1.148990000000000009e+02	1.151959999999999980e+02	1.155400000000000063e+02	1.155849999999999937e+02	1.157459999999999951e+02	1.158370000000000033e+02	1.158599999999999994e+02	1.161350000000000051e+02	1.163640000000000043e+02	1.163640000000000043e+02	1.167069999999999936e+02	1.169129999999999967e+02	1.170270000000000010e+02	1.173250000000000028e+02	1.176219999999999999e+02	1.177369999999999948e+02	1.181029999999999944e+02	1.185840000000000032e+02	1.189729999999999990e+02	1.194989999999999952e+02	1.199339999999999975e+02	1.204609999999999985e+02	1.212620000000000005e+02	1.220400000000000063e+02	1.227489999999999952e+02	1.240079999999999956e+02	1.251299999999999955e+02	1.266170000000000044e+02	1.284939999999999998e+02	1.303710000000000093e+02	1.323170000000000073e+02	1.348799999999999955e+02	1.374439999999999884e+02	1.400989999999999895e+02	1.432570000000000050e+02	1.465759999999999934e+02	1.500550000000000068e+02	1.537400000000000091e+02	1.574939999999999998e+02	1.612470000000000141e+02	1.653899999999999864e+02	1.692580000000000098e+02	1.731719999999999970e+02	1.770399999999999920e+02	1.807940000000000111e+02	1.844790000000000134e+02	1.881409999999999911e+02	1.917800000000000011e+02	1.949619999999999891e+02	1.982350000000000136e+02	2.010269999999999868e+02	2.036589999999999918e+02	2.062230000000000132e+02	2.086260000000000048e+02	2.108919999999999959e+02	2.128369999999999891e+02	2.144619999999999891e+02	2.160190000000000055e+02	2.177350000000000136e+02	2.190399999999999920e+02	2.203220000000000027e+02	2.220610000000000070e+02	2.230000000000000000e+02	2.240300000000000011e+02	2.251049999999999898e+02	2.260209999999999866e+02	2.266620000000000061e+02	2.274170000000000016e+02	2.281270000000000095e+02	2.301639999999999873e+02	2.307359999999999900e+02	2.317889999999999873e+02	2.320860000000000127e+02	2.325209999999999866e+02	2.329559999999999889e+02	2.333220000000000027e+02	2.337800000000000011e+02	2.341229999999999905e+02	2.343979999999999961e+02	2.361150000000000091e+02	2.370070000000000050e+02	2.368930000000000007e+02	2.372359999999999900e+02	2.374879999999999995e+02	2.376479999999999961e+02	2.379459999999999980e+02	2.382199999999999989e+02	2.384720000000000084e+02	2.386090000000000089e+02	2.388609999999999900e+02	2.393650000000000091e+02	2.397309999999999945e+02	2.400970000000000084e+02	2.400279999999999916e+02	2.403720000000000141e+02	2.407839999999999918e+02	2.411270000000000095e+02	2.412870000000000061e+02	2.423859999999999957e+02	2.423859999999999957e+02	2.423629999999999995e+02	2.424089999999999918e+02	2.424089999999999918e+02	2.423859999999999957e+02	2.424089999999999918e+02	2.424319999999999879e+02	2.425459999999999923e+02
0.000000000000000000e+00	1.520689999999999884e+02	1.382450000000000045e+02	1.256790000000000020e+02	1.150819999999999936e+02	1.046219999999999999e+02	9.585599999999999454e+01	8.878300000000000125e+01	8.237500000000000000e+01	7.731600000000000250e+01	7.347100000000000364e+01	6.987800000000000011e+01	6.768000000000000682e+01	6.507099999999999795e+01	6.269100000000000250e+01	6.037899999999999778e+01	5.877700000000000102e+01	5.694599999999999795e+01	5.671699999999999875e+01	5.522899999999999920e+01	5.408500000000000085e+01	5.289500000000000313e+01	5.202499999999999858e+01	5.136099999999999710e+01	5.060600000000000165e+01	5.001100000000000279e+01	4.927799999999999869e+01	4.891199999999999903e+01	4.856900000000000261e+01	4.811099999999999710e+01	4.781300000000000239e+01	4.753900000000000148e+01	4.742399999999999949e+01	4.705799999999999983e+01	4.698899999999999721e+01	4.678300000000000125e+01	4.671500000000000341e+01	4.660000000000000142e+01	4.664600000000000080e+01	4.673799999999999955e+01	4.646300000000000097e+01	4.625699999999999790e+01	4.634899999999999665e+01	4.643999999999999773e+01	4.618800000000000239e+01	4.618800000000000239e+01	4.611999999999999744e+01	4.595900000000000318e+01	4.568500000000000227e+01	4.589099999999999824e+01	4.568500000000000227e+01	4.566199999999999903e+01	4.593699999999999761e+01	4.582200000000000273e+01	4.586800000000000210e+01	4.579899999999999949e+01	4.577600000000000335e+01	4.577600000000000335e+01	4.563900000000000290e+01	4.577600000000000335e+01	4.568500000000000227e+01	4.593699999999999761e+01	4.579899999999999949e+01	4.566199999999999903e+01	4.600500000000000256e+01	4.611999999999999744e+01	4.595900000000000318e+01	4.600500000000000256e+01	4.586800000000000210e+01	4.582200000000000273e+01	4.566199999999999903e+01	4.552499999999999858e+01	4.547899999999999920e+01	4.552499999999999858e+01	4.570799999999999841e+01	4.598199999999999932e+01	4.607399999999999807e+01	4.584499999999999886e+01	4.570799999999999841e+01	4.568500000000000227e+01	4.591400000000000148e+01	4.579899999999999949e+01	4.554699999999999704e+01	4.559300000000000352e+01	4.527300000000000324e+01	4.515800000000000125e+01	4.584499999999999886e+01	4.639399999999999835e+01	4.634899999999999665e+01	4.639399999999999835e+01	4.639399999999999835e+01	4.630299999999999727e+01	4.646300000000000097e+01	4.641700000000000159e+01	4.602799999999999869e+01	4.614300000000000068e+01	4.611999999999999744e+01	4.607399999999999807e+01	4.655499999999999972e+01	4.685199999999999676e+01	4.673799999999999955e+01	4.660000000000000142e+01	4.634899999999999665e+01	4.628000000000000114e+01	4.625699999999999790e+01	4.607399999999999807e+01	4.607399999999999807e+01	4.591400000000000148e+01	4.598199999999999932e+01	4.605100000000000193e+01	4.593699999999999761e+01	4.568500000000000227e+01	4.557000000000000028e+01	4.575300000000000011e+01	4.559300000000000352e+01	4.573100000000000165e+01	4.575300000000000011e+01	4.552499999999999858e+01	4.582200000000000273e+01	4.579899999999999949e+01	4.570799999999999841e+01	4.554699999999999704e+01	4.568500000000000227e+01	4.552499999999999858e+01	4.554699999999999704e+01	4.545600000000000307e+01	4.575300000000000011e+01	4.584499999999999886e+01	4.589099999999999824e+01	4.550200000000000244e+01	4.625699999999999790e+01	4.621099999999999852e+01	4.614300000000000068e+01	4.591400000000000148e+01	4.584499999999999886e+01	4.868299999999999983e+01	4.865999999999999659e+01	4.829399999999999693e+01	4.792799999999999727e+01	4.872899999999999920e+01	4.850000000000000000e+01	4.829399999999999693e+01	4.838600000000000279e+01	4.831700000000000017e+01	4.827100000000000080e+01	4.817999999999999972e+01	4.797399999999999665e+01	4.797399999999999665e+01	4.811099999999999710e+01	4.808800000000000097e+01	4.799699999999999989e+01	4.797399999999999665e+01	4.790500000000000114e+01	4.790500000000000114e+01	4.774499999999999744e+01	4.785900000000000176e+01	4.781300000000000239e+01	4.790500000000000114e+01	4.774499999999999744e+01	4.790500000000000114e+01	4.797399999999999665e+01	4.811099999999999710e+01	4.806499999999999773e+01	4.799699999999999989e+01	4.831700000000000017e+01	4.840899999999999892e+01	4.829399999999999693e+01	4.817999999999999972e+01	4.824799999999999756e+01	4.827100000000000080e+01	4.836299999999999955e+01	4.822500000000000142e+01	4.817999999999999972e+01	4.808800000000000097e+01	4.836299999999999955e+01	4.829399999999999693e+01	4.845400000000000063e+01	4.854599999999999937e+01	4.861500000000000199e+01	4.850000000000000000e+01	4.863700000000000045e+01	4.863700000000000045e+01	4.854599999999999937e+01	4.918699999999999761e+01	4.911800000000000210e+01	4.898100000000000165e+01	4.902600000000000335e+01	4.909499999999999886e+01	4.916400000000000148e+01	4.911800000000000210e+01
0.000000000000000000e+00	4.844739999999999895e+02	4.247590000000000146e+02	3.796920000000000073e+02	3.357470000000000141e+02	2.988509999999999991e+02	2.673799999999999955e+02	2.406690000000000111e+02	2.189939999999999998e+02	2.002719999999999914e+02	1.864699999999999989e+02	1.757580000000000098e+02	1.659159999999999968e+02	1.584319999999999879e+02	1.513820000000000050e+02	1.464389999999999930e+02	1.421589999999999918e+02	1.382220000000000084e+02	1.348569999999999993e+02	1.318820000000000050e+02	1.273040000000000020e+02	1.225430000000000064e+02	1.179890000000000043e+02	1.138689999999999998e+02	1.109159999999999968e+02	1.078949999999999960e+02	1.053769999999999953e+02	1.030649999999999977e+02	1.013719999999999999e+02	9.981499999999999773e+01	9.846500000000000341e+01	9.722899999999999920e+01	9.619899999999999807e+01	9.514600000000000080e+01	9.425400000000000489e+01	9.347499999999999432e+01	9.233100000000000307e+01	9.201000000000000512e+01	9.164400000000000546e+01	9.088899999999999579e+01	9.088899999999999579e+01	9.063700000000000045e+01	9.059099999999999397e+01	9.031699999999999307e+01	9.001900000000000546e+01	9.011100000000000421e+01	9.034000000000000341e+01	9.029399999999999693e+01	9.056900000000000261e+01	9.086599999999999966e+01	9.077500000000000568e+01	9.153000000000000114e+01	9.162099999999999511e+01	9.164400000000000546e+01	9.203300000000000125e+01	9.249099999999999966e+01	9.260599999999999454e+01	9.292600000000000193e+01	9.324599999999999511e+01	9.384199999999999875e+01	9.377299999999999613e+01	9.404800000000000182e+01	9.390999999999999659e+01	9.427599999999999625e+01	9.542100000000000648e+01	9.548999999999999488e+01	9.576399999999999579e+01	9.645099999999999341e+01	9.727500000000000568e+01	9.722899999999999920e+01	9.722899999999999920e+01	9.736599999999999966e+01	9.899099999999999966e+01	9.887699999999999534e+01	1.004560000000000031e+02	1.005939999999999941e+02	1.007079999999999984e+02	1.010280000000000058e+02	1.012339999999999947e+02	1.013949999999999960e+02	1.016460000000000008e+02	1.021730000000000018e+02	1.024020000000000010e+02	1.029509999999999934e+02	1.034770000000000039e+02	1.043700000000000045e+02	1.045529999999999973e+02	1.049650000000000034e+02	1.056059999999999945e+02	1.057660000000000053e+02	1.059950000000000045e+02	1.064300000000000068e+02	1.070939999999999941e+02	1.074830000000000041e+02	1.082379999999999995e+02	1.087420000000000044e+02	1.089020000000000010e+02	1.092219999999999942e+02	1.103900000000000006e+02	1.098400000000000034e+02	1.113280000000000030e+02	1.117630000000000052e+02	1.121749999999999972e+02	1.114650000000000034e+02	1.124039999999999964e+02	1.125180000000000007e+02	1.127469999999999999e+02	1.135250000000000057e+02	1.139140000000000015e+02	1.143490000000000038e+02	1.161800000000000068e+02	1.167300000000000040e+02	1.167300000000000040e+02	1.172789999999999964e+02	1.177139999999999986e+02	1.183780000000000001e+02	1.196590000000000060e+02	1.203229999999999933e+02	1.210559999999999974e+02	1.212390000000000043e+02	1.216050000000000040e+02	1.221539999999999964e+02	1.220400000000000063e+02	1.224749999999999943e+02	1.232300000000000040e+02	1.235280000000000058e+02	1.245570000000000022e+02	1.248089999999999975e+02	1.256329999999999956e+02	1.265490000000000066e+02	1.268460000000000036e+02	1.270520000000000067e+02	1.277849999999999966e+02	1.281049999999999898e+02	1.285399999999999920e+02	1.291579999999999870e+02	1.295010000000000048e+02	1.300279999999999916e+02	1.305080000000000098e+02	1.309430000000000121e+02	1.315159999999999911e+02	1.320879999999999939e+02	1.325449999999999875e+02	1.332090000000000032e+02	1.338959999999999866e+02	1.345370000000000061e+02	1.355900000000000034e+02	1.369399999999999977e+02	1.374209999999999923e+02	1.376040000000000134e+02	1.379010000000000105e+02	1.383590000000000089e+02	1.388629999999999995e+02	1.394120000000000061e+02	1.399149999999999920e+02	1.402359999999999900e+02	1.416090000000000089e+02	1.418609999999999900e+02	1.421359999999999957e+02	1.425250000000000057e+02	1.429819999999999993e+02	1.433489999999999895e+02	1.436459999999999866e+02	1.442179999999999893e+02	1.446990000000000123e+02	1.451109999999999900e+02	1.457290000000000134e+02	1.462779999999999916e+02	1.464840000000000089e+02	1.470569999999999879e+02	1.477199999999999989e+02	1.485209999999999866e+02	1.489559999999999889e+02	1.494600000000000080e+02	1.496430000000000007e+02	1.495289999999999964e+02	1.495740000000000123e+02	1.494370000000000118e+02	1.495740000000000123e+02	1.496200000000000045e+02	1.495509999999999877e+02	1.496430000000000007e+02	1.495060000000000002e+02	1.497119999999999891e+02	1.496430000000000007e+02	1.495740000000000123e+02	1.512450000000000045e+02	1.508559999999999945e+02	1.506959999999999980e+02	1.506040000000000134e+02
1.000000000000000000e+00	2.879100000000000250e+02	2.568509999999999991e+02	2.270740000000000123e+02	2.006610000000000014e+02	1.771090000000000089e+02	1.598509999999999991e+02	1.459350000000000023e+02	1.354749999999999943e+02	1.273499999999999943e+02	1.205289999999999964e+02	1.149899999999999949e+02	1.105729999999999933e+02	1.070939999999999941e+02	1.043469999999999942e+02	1.022420000000000044e+02	1.004099999999999966e+02	9.894599999999999795e+01	9.759499999999999886e+01	9.645099999999999341e+01	9.539799999999999613e+01	9.459699999999999420e+01	9.377299999999999613e+01	9.306300000000000239e+01	9.249099999999999966e+01	9.203300000000000125e+01	9.168999999999999773e+01	9.137000000000000455e+01	9.130100000000000193e+01	9.118699999999999761e+01	9.095799999999999841e+01	9.079699999999999704e+01	9.056900000000000261e+01	9.022499999999999432e+01	9.031699999999999307e+01	9.040800000000000125e+01	9.040800000000000125e+01	9.059099999999999397e+01	9.070600000000000307e+01	9.086599999999999966e+01	9.107200000000000273e+01	9.127800000000000580e+01	9.150700000000000500e+01	9.173600000000000421e+01	9.194199999999999307e+01	9.233100000000000307e+01	9.251399999999999579e+01	9.276600000000000534e+01	9.306300000000000239e+01	9.324599999999999511e+01	9.359000000000000341e+01	9.381900000000000261e+01	9.404800000000000182e+01	9.432200000000000273e+01	9.459699999999999420e+01	9.491700000000000159e+01	9.516899999999999693e+01	9.555800000000000693e+01	9.578700000000000614e+01	9.601600000000000534e+01	9.647400000000000375e+01	9.670300000000000296e+01	9.702299999999999613e+01	9.734300000000000352e+01	9.761799999999999500e+01	9.789300000000000068e+01	9.818999999999999773e+01	9.855700000000000216e+01	9.887699999999999534e+01	9.915200000000000102e+01	9.951800000000000068e+01	9.967799999999999727e+01	1.000439999999999969e+02	1.003880000000000052e+02	1.007540000000000049e+02	1.012339999999999947e+02	1.015319999999999965e+02	1.019440000000000026e+02	1.024699999999999989e+02	1.029509999999999934e+02	1.035000000000000000e+02	1.041640000000000015e+02	1.048050000000000068e+02	1.056059999999999945e+02	1.064759999999999991e+02	1.073679999999999950e+02	1.081919999999999931e+02	1.092909999999999968e+02	1.103900000000000006e+02	1.117399999999999949e+02	1.132279999999999944e+02	1.148299999999999983e+02	1.166149999999999949e+02	1.185840000000000032e+02	1.208040000000000020e+02	1.230930000000000035e+02	1.257019999999999982e+02	1.284710000000000036e+02	1.313319999999999936e+02	1.344219999999999970e+02	1.376270000000000095e+02	1.409230000000000018e+02	1.445620000000000118e+02	1.480409999999999968e+02	1.515430000000000064e+02	1.552729999999999961e+02	1.590269999999999868e+02	1.627119999999999891e+02	1.674499999999999886e+02	1.709519999999999982e+02	1.743619999999999948e+02	1.777949999999999875e+02	1.812059999999999889e+02	1.842040000000000077e+02	1.871339999999999861e+02	1.898569999999999993e+02	1.923290000000000077e+02	1.948240000000000123e+02	1.970900000000000034e+02	1.991040000000000134e+02	2.011179999999999950e+02	2.026980000000000075e+02	2.045289999999999964e+02	2.058110000000000070e+02	2.071839999999999975e+02	2.084199999999999875e+02	2.097930000000000064e+02	2.114639999999999986e+02	2.121959999999999980e+02	2.135469999999999970e+02	2.142110000000000127e+02	2.149890000000000043e+02	2.159499999999999886e+02	2.166599999999999966e+02	2.174149999999999920e+02	2.181469999999999914e+02	2.188340000000000032e+02	2.192690000000000055e+02	2.197719999999999914e+02	2.202529999999999859e+02	2.205960000000000036e+02	2.210310000000000059e+02	2.214890000000000043e+02	2.220380000000000109e+02	2.230219999999999914e+02	2.231829999999999927e+02	2.233429999999999893e+02	2.235949999999999989e+02	2.238009999999999877e+02	2.240070000000000050e+02	2.243269999999999982e+02	2.245099999999999909e+02	2.245329999999999870e+02	2.250819999999999936e+02	2.254259999999999877e+02	2.261810000000000116e+02	2.263640000000000043e+02	2.262270000000000039e+02	2.268220000000000027e+02	2.267529999999999859e+02	2.272570000000000050e+02	2.269819999999999993e+02	2.271879999999999882e+02	2.273029999999999973e+02	2.273029999999999973e+02	2.274170000000000016e+02	2.275089999999999861e+02	2.274859999999999900e+02	2.274859999999999900e+02	2.275540000000000020e+02	2.277369999999999948e+02	2.278290000000000077e+02	2.278979999999999961e+02	2.278750000000000000e+02	2.284010000000000105e+02	2.284240000000000066e+02	2.283100000000000023e+02	2.284010000000000105e+02	2.285610000000000070e+02	2.285159999999999911e+02	2.290190000000000055e+02	2.287669999999999959e+02	2.286759999999999877e+02	2.288360000000000127e+02	2.288820000000000050e+02	2.287450000000000045e+02	2.288129999999999882e+02	2.289279999999999973e+02	2.287899999999999920e+02	2.287899999999999920e+02
1.000000000000000000e+00	1.669010000000000105e+02	1.508100000000000023e+02	1.362990000000000066e+02	1.231839999999999975e+02	1.108250000000000028e+02	1.007999999999999972e+02	9.265099999999999625e+01	8.612800000000000011e+01	8.157299999999999329e+01	7.786599999999999966e+01	7.516500000000000625e+01	7.264700000000000557e+01	7.045000000000000284e+01	6.884799999999999898e+01	6.742900000000000205e+01	6.628400000000000603e+01	6.514000000000000057e+01	6.388100000000000023e+01	6.189000000000000057e+01	5.971500000000000341e+01	5.779299999999999926e+01	5.596200000000000330e+01	5.458800000000000097e+01	5.337500000000000000e+01	5.234499999999999886e+01	5.154399999999999693e+01	5.117799999999999727e+01	5.076599999999999824e+01	5.021699999999999875e+01	5.001100000000000279e+01	4.985000000000000142e+01	4.953000000000000114e+01	4.953000000000000114e+01	4.930100000000000193e+01	4.923199999999999932e+01	4.907200000000000273e+01	4.900399999999999778e+01	4.907200000000000273e+01	4.923199999999999932e+01	4.930100000000000193e+01	4.925500000000000256e+01	4.921000000000000085e+01	4.923199999999999932e+01	4.911800000000000210e+01	4.930100000000000193e+01	4.902600000000000335e+01	4.923199999999999932e+01	4.941599999999999682e+01	4.943800000000000239e+01	4.955299999999999727e+01	4.959899999999999665e+01	4.975900000000000034e+01	4.991899999999999693e+01	4.989600000000000080e+01	5.005599999999999739e+01	5.026200000000000045e+01	5.028499999999999659e+01	4.998799999999999955e+01	5.028499999999999659e+01	5.033100000000000307e+01	5.081199999999999761e+01	5.179599999999999937e+01	5.204800000000000182e+01	5.190999999999999659e+01	5.175000000000000000e+01	5.186500000000000199e+01	5.223100000000000165e+01	5.213900000000000290e+01	5.227700000000000102e+01	5.246000000000000085e+01	5.266599999999999682e+01	5.268900000000000006e+01	5.268900000000000006e+01	5.289500000000000313e+01	5.293999999999999773e+01	5.291700000000000159e+01	5.314600000000000080e+01	5.390200000000000102e+01	5.387899999999999778e+01	5.479399999999999693e+01	5.484000000000000341e+01	5.495499999999999829e+01	5.497699999999999676e+01	5.552700000000000102e+01	5.545799999999999841e+01	5.586999999999999744e+01	5.614500000000000313e+01	5.609899999999999665e+01	5.632800000000000296e+01	5.655700000000000216e+01	5.692300000000000182e+01	5.820499999999999829e+01	5.822800000000000153e+01	5.884599999999999653e+01	5.909700000000000131e+01	5.923499999999999943e+01	5.937199999999999989e+01	5.969200000000000017e+01	6.014999999999999858e+01	6.058500000000000085e+01	6.120300000000000296e+01	6.200399999999999778e+01	6.296500000000000341e+01	6.401800000000000068e+01	6.557500000000000284e+01	6.687900000000000489e+01	6.820699999999999363e+01	7.008400000000000318e+01	7.186899999999999977e+01	7.408899999999999864e+01	7.628600000000000136e+01	7.889600000000000080e+01	8.171099999999999852e+01	8.454900000000000659e+01	8.711199999999999477e+01	8.956100000000000705e+01	9.214799999999999613e+01	9.491700000000000159e+01	9.782399999999999807e+01	9.988400000000000034e+01	1.018520000000000039e+02	1.035000000000000000e+02	1.050570000000000022e+02	1.068649999999999949e+02	1.084899999999999949e+02	1.096569999999999965e+02	1.108700000000000045e+02	1.124270000000000067e+02	1.135709999999999980e+02	1.146470000000000056e+02	1.156539999999999964e+02	1.166380000000000052e+02	1.173250000000000028e+02	1.185840000000000032e+02	1.193160000000000025e+02	1.199800000000000040e+02	1.205979999999999990e+02	1.212840000000000060e+02	1.219939999999999998e+02	1.229549999999999983e+02	1.237109999999999985e+02	1.242369999999999948e+02	1.248089999999999975e+02	1.254500000000000028e+02	1.260220000000000056e+02	1.265949999999999989e+02	1.271899999999999977e+02	1.276470000000000056e+02	1.281970000000000027e+02	1.286769999999999925e+02	1.296160000000000139e+02	1.302110000000000127e+02	1.306690000000000111e+02	1.310349999999999966e+02	1.314699999999999989e+02	1.318820000000000050e+02	1.324770000000000039e+02	1.332090000000000032e+02	1.335749999999999886e+02	1.338959999999999866e+02	1.342390000000000043e+02	1.346740000000000066e+02	1.349950000000000045e+02	1.370540000000000020e+02	1.373290000000000077e+02	1.369629999999999939e+02	1.373060000000000116e+02	1.376270000000000095e+02	1.379929999999999950e+02	1.388400000000000034e+02	1.392520000000000095e+02	1.396409999999999911e+02	1.400300000000000011e+02	1.403959999999999866e+02	1.407620000000000005e+02	1.412199999999999989e+02	1.415180000000000007e+02	1.418149999999999977e+02	1.422500000000000000e+02	1.425699999999999932e+02	1.428909999999999911e+02	1.433259999999999934e+02	1.436920000000000073e+02	1.440349999999999966e+02	1.444019999999999868e+02	1.446990000000000123e+02	1.449739999999999895e+02	1.453859999999999957e+02	1.457750000000000057e+02
0.000000000000000000e+00	1.718439999999999941e+02	1.566930000000000121e+02	1.426160000000000139e+02	1.290660000000000025e+02	1.172789999999999964e+02	1.070250000000000057e+02	9.764100000000000534e+01	8.951600000000000534e+01	8.294700000000000273e+01	7.781999999999999318e+01	7.397499999999999432e+01	7.109099999999999397e+01	6.731399999999999295e+01	6.426999999999999602e+01	6.072200000000000131e+01	5.767799999999999727e+01	5.513799999999999812e+01	5.312299999999999756e+01	5.120100000000000051e+01	4.943800000000000239e+01	4.756199999999999761e+01	4.643999999999999773e+01	4.536399999999999721e+01	4.435699999999999932e+01	4.369400000000000261e+01	4.309799999999999898e+01	4.234300000000000352e+01	4.209100000000000108e+01	4.158800000000000097e+01	4.124499999999999744e+01	4.058100000000000307e+01	4.021500000000000341e+01	3.987100000000000222e+01	3.968800000000000239e+01	3.957399999999999807e+01	3.920700000000000074e+01	3.913900000000000290e+01	3.877300000000000324e+01	3.881799999999999784e+01	3.868099999999999739e+01	3.831499999999999773e+01	3.813199999999999790e+01	3.822299999999999898e+01	3.785699999999999932e+01	3.792600000000000193e+01	3.788000000000000256e+01	3.803999999999999915e+01	3.783400000000000318e+01	3.858899999999999864e+01	3.852100000000000080e+01	3.842900000000000205e+01	3.845199999999999818e+01	3.840599999999999881e+01	3.858899999999999864e+01	3.845199999999999818e+01	3.922999999999999687e+01	3.918500000000000227e+01	3.945900000000000318e+01	3.943599999999999994e+01	3.950500000000000256e+01	3.980299999999999727e+01	3.984799999999999898e+01	3.991700000000000159e+01	3.973400000000000176e+01	4.019200000000000017e+01	3.993999999999999773e+01	3.991700000000000159e+01	4.016899999999999693e+01	4.014600000000000080e+01	3.975699999999999790e+01	3.987100000000000222e+01	3.984799999999999898e+01	4.010000000000000142e+01	3.980299999999999727e+01	4.012299999999999756e+01	4.025999999999999801e+01	4.000900000000000034e+01	4.012299999999999756e+01	4.025999999999999801e+01	4.092399999999999949e+01	4.113000000000000256e+01	4.232000000000000028e+01	4.218299999999999983e+01	4.213700000000000045e+01	4.215999999999999659e+01	4.220600000000000307e+01	4.211399999999999721e+01	4.250300000000000011e+01	4.284700000000000131e+01	4.312100000000000222e+01	4.369400000000000261e+01	4.350999999999999801e+01	4.360199999999999676e+01	4.373899999999999721e+01	4.408299999999999841e+01	4.383100000000000307e+01	4.428900000000000148e+01	4.453999999999999915e+01	4.474600000000000222e+01	4.440299999999999869e+01	4.472399999999999665e+01	4.483800000000000097e+01	4.522699999999999676e+01	4.586800000000000210e+01	4.577600000000000335e+01	4.593699999999999761e+01	4.586800000000000210e+01	4.607399999999999807e+01	4.625699999999999790e+01	4.632600000000000051e+01	4.641700000000000159e+01	4.749300000000000210e+01	4.774499999999999744e+01	4.758500000000000085e+01	4.790500000000000114e+01	4.788199999999999790e+01	4.779099999999999682e+01	4.774499999999999744e+01	4.790500000000000114e+01	4.792799999999999727e+01	4.792799999999999727e+01	4.790500000000000114e+01	4.827100000000000080e+01	4.872899999999999920e+01	4.870600000000000307e+01	4.852300000000000324e+01	4.859199999999999875e+01	4.859199999999999875e+01	4.861500000000000199e+01	4.863700000000000045e+01	4.875200000000000244e+01	4.865999999999999659e+01	4.865999999999999659e+01	4.854599999999999937e+01	4.863700000000000045e+01	4.898100000000000165e+01	4.907200000000000273e+01	4.898100000000000165e+01	4.888900000000000290e+01	4.900399999999999778e+01	4.934700000000000131e+01	4.932399999999999807e+01	4.923199999999999932e+01	5.152100000000000080e+01	4.923199999999999932e+01	4.936999999999999744e+01	4.955299999999999727e+01	4.950699999999999790e+01	4.980499999999999972e+01	5.012500000000000000e+01	5.001100000000000279e+01	4.989600000000000080e+01	5.007900000000000063e+01	5.117799999999999727e+01	5.307800000000000296e+01	5.296300000000000097e+01	5.289500000000000313e+01	5.310099999999999909e+01	5.293999999999999773e+01	5.298599999999999710e+01	5.310099999999999909e+01	5.298599999999999710e+01	5.307800000000000296e+01	5.289500000000000313e+01	5.296300000000000097e+01	5.307800000000000296e+01	5.305499999999999972e+01	5.307800000000000296e+01	5.300900000000000034e+01	5.310099999999999909e+01	5.401599999999999824e+01	5.442799999999999727e+01	5.431400000000000006e+01	5.442799999999999727e+01	5.435900000000000176e+01	5.452000000000000313e+01	5.442799999999999727e+01	5.447399999999999665e+01	5.474900000000000233e+01	5.452000000000000313e+01	5.440500000000000114e+01	5.431400000000000006e+01	5.465699999999999648e+01	5.463400000000000034e+01	5.456499999999999773e+01	5.447399999999999665e+01	5.435900000000000176e+01	5.438199999999999790e+01	5.431400000000000006e+01
1.000000000000000000e+00	2.741999999999999886e+02	2.474900000000000091e+02	2.199780000000000086e+02	1.975250000000000057e+02	1.773609999999999900e+02	1.612009999999999934e+02	1.462549999999999955e+02	1.351320000000000050e+02	1.260679999999999978e+02	1.184230000000000018e+02	1.122890000000000015e+02	1.078029999999999973e+02	1.041869999999999976e+02	1.010969999999999942e+02	9.782399999999999807e+01	9.539799999999999613e+01	9.331499999999999773e+01	9.150700000000000500e+01	9.013400000000000034e+01	8.917199999999999704e+01	8.802800000000000580e+01	8.702100000000000080e+01	8.637999999999999545e+01	8.596800000000000352e+01	8.596800000000000352e+01	8.587600000000000477e+01	8.562500000000000000e+01	8.534999999999999432e+01	8.523600000000000421e+01	8.505200000000000671e+01	8.505200000000000671e+01	8.507500000000000284e+01	8.512099999999999511e+01	8.503000000000000114e+01	8.518999999999999773e+01	8.532699999999999818e+01	8.548699999999999477e+01	8.553300000000000125e+01	8.583100000000000307e+01	8.587600000000000477e+01	8.610500000000000398e+01	8.635699999999999932e+01	8.663200000000000500e+01	8.674599999999999511e+01	8.695199999999999818e+01	8.731799999999999784e+01	8.766200000000000614e+01	8.812000000000000455e+01	8.828000000000000114e+01	8.892100000000000648e+01	8.921800000000000352e+01	8.958400000000000318e+01	8.999599999999999511e+01	9.070600000000000307e+01	9.111799999999999500e+01	9.141500000000000625e+01	9.187300000000000466e+01	9.219400000000000261e+01	9.269700000000000273e+01	9.294899999999999807e+01	9.349800000000000466e+01	9.381900000000000261e+01	9.418500000000000227e+01	9.466599999999999682e+01	9.514600000000000080e+01	9.560399999999999920e+01	9.596999999999999886e+01	9.645099999999999341e+01	9.684000000000000341e+01	9.725199999999999534e+01	9.773300000000000409e+01	9.830500000000000682e+01	9.871699999999999875e+01	9.924299999999999500e+01	9.983799999999999386e+01	1.003649999999999949e+02	1.009140000000000015e+02	1.016689999999999969e+02	1.024020000000000010e+02	1.031569999999999965e+02	1.041179999999999950e+02	1.050570000000000022e+02	1.059270000000000067e+02	1.070939999999999941e+02	1.083529999999999944e+02	1.096340000000000003e+02	1.111910000000000025e+02	1.127469999999999999e+02	1.146700000000000017e+02	1.166149999999999949e+02	1.187900000000000063e+02	1.211470000000000056e+02	1.238479999999999990e+02	1.268689999999999998e+02	1.308750000000000000e+02	1.341020000000000039e+02	1.380840000000000032e+02	1.416090000000000089e+02	1.472400000000000091e+02	1.510159999999999911e+02	1.548609999999999900e+02	1.586839999999999975e+02	1.626210000000000093e+02	1.666260000000000048e+02	1.708149999999999977e+02	1.743849999999999909e+02	1.784360000000000070e+02	1.819379999999999882e+02	1.854629999999999939e+02	1.896510000000000105e+02	1.928789999999999907e+02	1.959689999999999941e+02	1.990130000000000052e+02	2.018509999999999991e+02	2.045060000000000002e+02	2.113720000000000141e+02	2.135010000000000048e+02	2.161790000000000020e+02	2.176670000000000016e+02	2.206649999999999920e+02	2.216949999999999932e+02	2.232059999999999889e+02	2.253110000000000070e+02	2.262270000000000039e+02	2.280809999999999889e+02	2.291339999999999861e+02	2.308269999999999982e+02	2.330020000000000095e+02	2.341690000000000111e+02	2.338710000000000093e+02	2.359310000000000116e+02	2.365039999999999907e+02	2.373959999999999866e+02	2.381059999999999945e+02	2.394099999999999966e+02	2.392500000000000000e+02	2.403720000000000141e+02	2.411730000000000018e+02	2.421570000000000107e+02	2.439650000000000034e+02	2.432560000000000002e+02	2.445600000000000023e+02	2.427290000000000134e+02	2.447429999999999950e+02	2.443540000000000134e+02	2.460939999999999941e+02	2.474900000000000091e+02	2.474670000000000130e+02	2.477189999999999941e+02	2.470550000000000068e+02	2.474670000000000130e+02	2.470320000000000107e+02	2.491610000000000014e+02	2.476959999999999980e+02	2.488859999999999957e+02	2.482450000000000045e+02	2.486339999999999861e+02	2.484739999999999895e+02	2.512439999999999998e+02	2.497330000000000041e+02	2.483369999999999891e+02	2.511289999999999907e+02	2.505569999999999879e+02	2.492520000000000095e+02	2.502820000000000107e+02	2.517239999999999895e+02	2.499850000000000136e+02	2.498249999999999886e+02	2.502369999999999948e+02	2.523189999999999884e+02	2.521359999999999957e+02	2.499619999999999891e+02	2.501450000000000102e+02	2.523420000000000130e+02	2.508770000000000095e+02	2.510600000000000023e+02	2.502139999999999986e+02	2.507860000000000014e+02	2.489319999999999879e+02	2.507860000000000014e+02	2.493669999999999902e+02	2.499159999999999968e+02	2.496870000000000118e+02	2.488629999999999995e+02	2.502369999999999948e+02	2.486800000000000068e+02	2.501910000000000025e+02	2.503050000000000068e+02	2.500080000000000098e+02
0.000000000000000000e+00	4.281229999999999905e+02	3.803790000000000191e+02	3.398899999999999864e+02	3.033369999999999891e+02	2.725980000000000132e+02	2.478789999999999907e+02	2.271419999999999959e+02	2.100680000000000121e+02	1.949389999999999930e+02	1.844099999999999966e+02	1.750720000000000027e+02	1.667400000000000091e+02	1.604919999999999902e+02	1.547239999999999895e+02	1.500089999999999861e+02	1.463009999999999877e+02	1.425929999999999893e+02	1.390689999999999884e+02	1.346049999999999898e+02	1.298220000000000027e+02	1.251749999999999972e+02	1.211929999999999978e+02	1.172789999999999964e+02	1.141430000000000007e+02	1.115340000000000060e+02	1.090390000000000015e+02	1.076889999999999930e+02	1.054689999999999941e+02	1.039809999999999945e+02	1.026080000000000041e+02	1.012120000000000033e+02	1.001820000000000022e+02	9.958599999999999852e+01	9.915200000000000102e+01	9.839600000000000080e+01	9.784699999999999420e+01	9.729800000000000182e+01	9.677100000000000080e+01	9.679399999999999693e+01	9.686299999999999955e+01	9.686299999999999955e+01	9.700000000000000000e+01	9.706900000000000261e+01	9.702299999999999613e+01	9.709199999999999875e+01	9.702299999999999613e+01	9.700000000000000000e+01	9.706900000000000261e+01	9.729800000000000182e+01	9.725199999999999534e+01	9.764100000000000534e+01	9.816700000000000159e+01	9.807599999999999341e+01	9.837300000000000466e+01	9.851099999999999568e+01	9.851099999999999568e+01	9.869400000000000261e+01	9.937999999999999545e+01	9.954099999999999682e+01	1.002729999999999961e+02	1.006389999999999958e+02	1.005709999999999980e+02	1.010280000000000058e+02	1.013029999999999973e+02	1.012570000000000050e+02	1.021959999999999980e+02	1.025849999999999937e+02	1.027219999999999942e+02	1.029969999999999999e+02	1.030879999999999939e+02	1.031110000000000042e+02	1.038889999999999958e+02	1.042330000000000041e+02	1.041869999999999976e+02	1.043239999999999981e+02	1.044159999999999968e+02	1.046219999999999999e+02	1.046910000000000025e+02	1.049879999999999995e+02	1.053310000000000031e+02	1.051710000000000065e+02	1.049189999999999969e+02	1.054920000000000044e+02	1.056520000000000010e+02	1.060639999999999930e+02	1.062009999999999934e+02	1.064530000000000030e+02	1.068419999999999987e+02	1.068649999999999949e+02	1.074140000000000015e+02	1.075520000000000067e+02	1.074140000000000015e+02	1.074140000000000015e+02	1.078949999999999960e+02	1.080090000000000003e+02	1.083760000000000048e+02	1.085130000000000052e+02	1.086039999999999992e+02	1.088329999999999984e+02	1.089939999999999998e+02	1.091770000000000067e+02	1.094060000000000059e+02	1.096340000000000003e+02	1.102069999999999936e+02	1.105499999999999972e+02	1.108250000000000028e+02	1.108930000000000007e+02	1.112590000000000003e+02	1.118550000000000040e+02	1.120829999999999984e+02	1.123349999999999937e+02	1.127240000000000038e+02	1.130679999999999978e+02	1.134110000000000014e+02	1.136629999999999967e+02	1.137999999999999972e+02	1.144180000000000064e+02	1.148529999999999944e+02	1.149219999999999970e+02	1.149669999999999987e+02	1.158599999999999994e+02	1.159740000000000038e+02	1.160660000000000025e+02	1.162720000000000056e+02	1.165699999999999932e+02	1.170960000000000036e+02	1.173709999999999951e+02	1.175540000000000020e+02	1.178509999999999991e+02	1.182169999999999987e+02	1.182860000000000014e+02	1.187439999999999998e+02	1.188810000000000002e+02	1.190870000000000033e+02	1.194530000000000030e+02	1.195450000000000017e+02	1.197969999999999970e+02	1.199569999999999936e+02	1.201170000000000044e+02	1.202319999999999993e+02	1.204830000000000041e+02	1.206670000000000016e+02	1.207810000000000059e+02	1.209639999999999986e+02	1.211929999999999978e+02	1.213070000000000022e+02	1.215819999999999936e+02	1.217420000000000044e+02	1.216740000000000066e+02	1.220630000000000024e+02	1.222229999999999990e+02	1.224290000000000020e+02	1.227489999999999952e+02	1.229320000000000022e+02	1.230699999999999932e+02	1.233670000000000044e+02	1.235729999999999933e+02	1.236880000000000024e+02	1.240079999999999956e+02	1.242369999999999948e+02	1.242830000000000013e+02	1.247409999999999997e+02	1.249240000000000066e+02	1.250150000000000006e+02	1.252669999999999959e+02	1.254959999999999951e+02	1.256790000000000020e+02	1.259770000000000039e+02	1.261599999999999966e+02	1.264339999999999975e+02	1.265949999999999989e+02	1.266860000000000070e+02	1.268460000000000036e+02	1.271440000000000055e+02	1.276020000000000039e+02	1.275789999999999935e+02	1.278310000000000031e+02	1.281740000000000066e+02	1.282880000000000109e+02	1.285860000000000127e+02	1.286539999999999964e+02	1.288379999999999939e+02	1.290889999999999986e+02	1.293410000000000082e+02	1.295929999999999893e+02	1.299360000000000070e+02	1.301879999999999882e+02	1.303480000000000132e+02	1.305080000000000098e+02
1.000000000000000000e+00	3.166580000000000155e+02	2.827379999999999995e+02	2.498249999999999886e+02	2.211229999999999905e+02	1.971589999999999918e+02	1.767199999999999989e+02	1.616819999999999879e+02	1.513600000000000136e+02	1.400529999999999973e+02	1.325229999999999961e+02	1.248319999999999936e+02	1.189959999999999951e+02	1.163859999999999957e+02	1.148760000000000048e+02	1.127469999999999999e+02	1.101149999999999949e+02	1.082609999999999957e+02	1.066590000000000060e+02	1.051710000000000065e+02	1.038209999999999980e+02	1.025849999999999937e+02	1.018299999999999983e+02	1.011200000000000045e+02	1.004099999999999966e+02	9.906000000000000227e+01	9.679399999999999693e+01	9.491700000000000159e+01	9.331499999999999773e+01	9.207899999999999352e+01	9.104900000000000659e+01	9.024800000000000466e+01	8.953900000000000148e+01	8.905800000000000693e+01	8.864600000000000080e+01	8.834799999999999898e+01	8.791400000000000148e+01	8.770799999999999841e+01	8.759300000000000352e+01	8.743300000000000693e+01	8.743300000000000693e+01	8.747899999999999920e+01	8.761599999999999966e+01	8.777599999999999625e+01	8.777599999999999625e+01	8.777599999999999625e+01	8.779900000000000659e+01	8.800499999999999545e+01	8.807399999999999807e+01	8.828000000000000114e+01	8.857699999999999818e+01	8.873699999999999477e+01	8.901200000000000045e+01	8.942400000000000659e+01	9.008799999999999386e+01	9.038500000000000512e+01	9.059099999999999397e+01	9.093500000000000227e+01	9.120900000000000318e+01	9.148399999999999466e+01	9.171299999999999386e+01	9.203300000000000125e+01	9.246800000000000352e+01	9.283400000000000318e+01	9.313200000000000500e+01	9.359000000000000341e+01	9.404800000000000182e+01	9.448199999999999932e+01	9.500900000000000034e+01	9.560399999999999920e+01	9.603900000000000148e+01	9.663400000000000034e+01	9.743500000000000227e+01	9.796099999999999852e+01	9.878499999999999659e+01	9.956399999999999295e+01	1.005480000000000018e+02	1.016460000000000008e+02	1.027219999999999942e+02	1.041640000000000015e+02	1.053539999999999992e+02	1.068649999999999949e+02	1.084669999999999987e+02	1.103900000000000006e+02	1.124039999999999964e+02	1.145319999999999965e+02	1.169129999999999967e+02	1.193850000000000051e+02	1.219710000000000036e+02	1.246719999999999970e+02	1.277390000000000043e+02	1.307139999999999986e+02	1.340790000000000077e+02	1.370320000000000107e+02	1.403499999999999943e+02	1.435320000000000107e+02	1.465070000000000050e+02	1.493679999999999950e+02	1.522520000000000095e+02	1.554110000000000014e+02	1.580430000000000064e+02	1.608350000000000080e+02	1.630780000000000030e+02	1.651610000000000014e+02	1.670149999999999864e+02	1.689379999999999882e+02	1.715929999999999893e+02	1.734470000000000027e+02	1.748199999999999932e+02	1.762849999999999966e+02	1.777500000000000000e+02	1.789399999999999977e+02	1.801299999999999955e+02	1.812520000000000095e+02	1.821670000000000016e+02	1.830600000000000023e+02	1.839519999999999982e+02	1.851430000000000007e+02	1.857379999999999995e+02	1.866759999999999877e+02	1.877290000000000134e+02	1.885070000000000050e+02	1.902009999999999934e+02	1.909099999999999966e+02	1.917110000000000127e+02	1.926730000000000018e+02	1.932680000000000007e+02	1.939540000000000077e+02	1.946639999999999873e+02	1.952589999999999861e+02	1.963580000000000041e+02	1.973650000000000091e+02	1.977079999999999984e+02	1.979830000000000041e+02	1.982800000000000011e+02	1.988069999999999879e+02	1.990589999999999975e+02	2.005920000000000130e+02	2.008669999999999902e+02	2.006380000000000052e+02	2.004550000000000125e+02	2.005920000000000130e+02	2.004319999999999879e+02	2.006839999999999975e+02	2.007520000000000095e+02	2.007520000000000095e+02	2.009350000000000023e+02	2.010039999999999907e+02	2.012330000000000041e+02	2.012330000000000041e+02	2.013700000000000045e+02	2.011409999999999911e+02	2.009809999999999945e+02	2.012100000000000080e+02	2.010269999999999868e+02	2.013930000000000007e+02	2.012330000000000041e+02	2.011179999999999950e+02	2.009809999999999945e+02	2.010960000000000036e+02	2.024459999999999980e+02	2.024230000000000018e+02	2.018280000000000030e+02	2.018280000000000030e+02	2.020339999999999918e+02	2.017359999999999900e+02	2.020800000000000125e+02	2.019879999999999995e+02	2.018969999999999914e+02	2.017589999999999861e+02	2.022400000000000091e+02	2.018509999999999991e+02	2.019420000000000073e+02	2.020339999999999918e+02	2.019199999999999875e+02	2.019879999999999995e+02	2.027210000000000036e+02	2.030180000000000007e+02	2.035680000000000121e+02	2.036819999999999879e+02	2.038650000000000091e+02	2.034070000000000107e+02	2.036359999999999957e+02	2.035219999999999914e+02	2.039790000000000134e+02	2.037050000000000125e+02	2.035680000000000121e+02	2.037280000000000086e+02	2.037280000000000086e+02	2.035900000000000034e+02
0.000000000000000000e+00	1.708149999999999977e+02	1.553189999999999884e+02	1.408770000000000095e+02	1.288379999999999939e+02	1.170729999999999933e+02	1.068649999999999949e+02	9.871699999999999875e+01	9.230800000000000693e+01	8.734099999999999397e+01	8.342700000000000671e+01	8.058899999999999864e+01	7.820900000000000318e+01	7.628600000000000136e+01	7.447799999999999443e+01	7.308199999999999363e+01	7.182299999999999329e+01	7.125100000000000477e+01	7.015200000000000102e+01	6.873300000000000409e+01	6.671899999999999409e+01	6.479600000000000648e+01	6.285099999999999909e+01	6.163799999999999812e+01	6.044800000000000040e+01	5.973799999999999955e+01	5.893699999999999761e+01	5.850200000000000244e+01	5.811299999999999955e+01	5.781600000000000250e+01	5.884599999999999653e+01	5.884599999999999653e+01	5.875399999999999778e+01	5.875399999999999778e+01	5.861699999999999733e+01	5.868500000000000227e+01	5.857099999999999795e+01	5.907399999999999807e+01	5.934899999999999665e+01	6.042499999999999716e+01	6.040200000000000102e+01	6.115699999999999648e+01	6.163799999999999812e+01	6.216400000000000148e+01	6.232500000000000284e+01	6.232500000000000284e+01	6.253099999999999881e+01	6.280499999999999972e+01	6.404099999999999682e+01	6.454500000000000171e+01	6.472799999999999443e+01	6.498000000000000398e+01	6.555200000000000671e+01	6.587199999999999989e+01	6.642199999999999704e+01	6.676500000000000057e+01	6.765699999999999648e+01	6.768000000000000682e+01	6.786299999999999955e+01	6.836700000000000443e+01	6.875600000000000023e+01	6.891599999999999682e+01	6.907699999999999818e+01	6.957999999999999829e+01	7.024399999999999977e+01	7.029000000000000625e+01	7.040399999999999636e+01	7.058700000000000330e+01	7.113599999999999568e+01	7.152599999999999625e+01	7.195999999999999375e+01	7.234999999999999432e+01	7.280700000000000216e+01	7.310500000000000398e+01	7.358599999999999852e+01	7.468399999999999750e+01	7.562300000000000466e+01	7.605700000000000216e+01	7.672100000000000364e+01	7.713299999999999557e+01	7.759099999999999397e+01	7.809399999999999409e+01	7.852899999999999636e+01	7.891800000000000637e+01	7.928499999999999659e+01	7.974200000000000443e+01	8.072700000000000387e+01	8.118399999999999750e+01	8.161899999999999977e+01	8.255800000000000693e+01	8.294700000000000273e+01	8.324399999999999977e+01	8.377100000000000080e+01	8.425100000000000477e+01	8.450300000000000011e+01	8.503000000000000114e+01	8.541899999999999693e+01	8.583100000000000307e+01	8.617400000000000659e+01	8.663200000000000500e+01	8.697499999999999432e+01	8.747899999999999920e+01	8.789100000000000534e+01	8.832599999999999341e+01	8.866899999999999693e+01	8.901200000000000045e+01	8.942400000000000659e+01	8.992799999999999727e+01	9.024800000000000466e+01	9.070600000000000307e+01	9.109499999999999886e+01	9.150700000000000500e+01	9.178199999999999648e+01	9.214799999999999613e+01	9.256000000000000227e+01	9.283400000000000318e+01	9.324599999999999511e+01	9.365800000000000125e+01	9.381900000000000261e+01	9.425400000000000489e+01	9.464300000000000068e+01	9.471099999999999852e+01	9.498600000000000421e+01	9.514600000000000080e+01	9.537500000000000000e+01	9.576399999999999579e+01	9.606199999999999761e+01	9.617600000000000193e+01	9.649699999999999989e+01	9.672499999999999432e+01	9.688599999999999568e+01	9.722899999999999920e+01	9.768699999999999761e+01	9.789300000000000068e+01	9.816700000000000159e+01	9.857899999999999352e+01	9.871699999999999875e+01	9.906000000000000227e+01	9.908299999999999841e+01	9.924299999999999500e+01	9.942600000000000193e+01	9.954099999999999682e+01	9.970099999999999341e+01	9.983799999999999386e+01	9.990699999999999648e+01	9.990699999999999648e+01	1.001820000000000022e+02	1.000900000000000034e+02	1.003190000000000026e+02	1.003649999999999949e+02	1.004560000000000031e+02	1.003190000000000026e+02	1.004099999999999966e+02	1.003880000000000052e+02	1.004560000000000031e+02	1.004560000000000031e+02	1.005709999999999980e+02	1.003190000000000026e+02	1.003190000000000026e+02	1.002270000000000039e+02	1.006620000000000061e+02	1.007540000000000049e+02	1.008449999999999989e+02	1.007770000000000010e+02	1.010060000000000002e+02	1.013029999999999973e+02	1.012570000000000050e+02	1.012339999999999947e+02	1.014180000000000064e+02	1.014180000000000064e+02	1.012800000000000011e+02	1.013259999999999934e+02	1.012570000000000050e+02	1.013719999999999999e+02	1.013719999999999999e+02	1.013490000000000038e+02	1.014180000000000064e+02	1.013949999999999960e+02	1.014860000000000042e+02	1.016919999999999931e+02	1.015090000000000003e+02	1.013029999999999973e+02	1.013259999999999934e+02	1.013719999999999999e+02	1.012120000000000033e+02	1.012120000000000033e+02	1.013490000000000038e+02	1.012800000000000011e+02	1.011889999999999930e+02	1.012120000000000033e+02
1.000000000000000000e+00	5.443269999999999982e+02	4.799649999999999750e+02	4.224929999999999950e+02	3.751829999999999927e+02	3.354719999999999800e+02	3.004300000000000068e+02	2.718199999999999932e+02	2.498470000000000084e+02	2.337570000000000050e+02	2.210310000000000059e+02	2.110980000000000132e+02	2.044600000000000080e+02	1.968839999999999861e+02	1.905440000000000111e+02	1.856229999999999905e+02	1.813429999999999893e+02	1.770860000000000127e+02	1.733549999999999898e+02	1.693269999999999982e+02	1.648859999999999957e+02	1.606980000000000075e+02	1.567609999999999957e+02	1.527789999999999964e+02	1.493449999999999989e+02	1.461639999999999873e+02	1.435780000000000030e+02	1.413799999999999955e+02	1.397779999999999916e+02	1.383129999999999882e+02	1.367800000000000011e+02	1.354749999999999943e+02	1.343990000000000009e+02	1.337359999999999900e+02	1.330949999999999989e+02	1.325000000000000000e+02	1.325449999999999875e+02	1.322249999999999943e+02	1.319730000000000132e+02	1.319269999999999925e+02	1.311949999999999932e+02	1.311260000000000048e+02	1.308290000000000077e+02	1.305310000000000059e+02	1.303480000000000132e+02	1.304170000000000016e+02	1.304170000000000016e+02	1.308290000000000077e+02	1.311260000000000048e+02	1.312410000000000139e+02	1.313549999999999898e+02	1.316759999999999877e+02	1.318360000000000127e+02	1.322019999999999982e+02	1.321330000000000098e+02	1.325000000000000000e+02	1.327290000000000134e+02	1.330260000000000105e+02	1.333470000000000084e+02	1.334149999999999920e+02	1.339190000000000111e+02	1.341250000000000000e+02	1.345370000000000061e+02	1.348340000000000032e+02	1.352690000000000055e+02	1.355670000000000073e+02	1.358640000000000043e+02	1.362529999999999859e+02	1.366879999999999882e+02	1.369859999999999900e+02	1.373520000000000039e+02	1.376270000000000095e+02	1.378779999999999859e+02	1.382450000000000045e+02	1.387940000000000111e+02	1.389540000000000077e+02	1.392969999999999970e+02	1.394350000000000023e+02	1.397549999999999955e+02	1.402129999999999939e+02	1.404650000000000034e+02	1.407620000000000005e+02	1.411059999999999945e+02	1.414720000000000084e+02	1.419300000000000068e+02	1.425020000000000095e+02	1.427990000000000066e+02	1.433940000000000055e+02	1.435550000000000068e+02	1.438520000000000039e+02	1.442179999999999893e+02	1.451800000000000068e+02	1.455000000000000000e+02	1.456829999999999927e+02	1.461639999999999873e+02	1.464159999999999968e+02	1.468959999999999866e+02	1.472849999999999966e+02	1.477429999999999950e+02	1.481090000000000089e+02	1.485670000000000073e+02	1.491169999999999902e+02	1.493230000000000075e+02	1.495509999999999877e+02	1.499859999999999900e+02	1.505360000000000014e+02	1.508559999999999945e+02	1.517719999999999914e+02	1.522750000000000057e+02	1.529159999999999968e+02	1.538309999999999889e+02	1.547009999999999934e+02	1.560060000000000002e+02	1.574019999999999868e+02	1.591189999999999998e+02	1.613619999999999948e+02	1.636279999999999859e+02	1.664890000000000043e+02	1.698760000000000048e+02	1.743160000000000025e+02	1.791690000000000111e+02	1.842040000000000077e+02	1.899720000000000084e+02	1.965869999999999891e+02	2.034070000000000107e+02	2.105709999999999980e+02	2.177810000000000059e+02	2.247849999999999966e+02	2.315600000000000023e+02	2.379679999999999893e+02	2.441479999999999961e+02	2.497330000000000041e+02	2.548830000000000098e+02	2.598949999999999818e+02	2.643809999999999718e+02	2.684329999999999927e+02	2.733990000000000009e+02	2.773820000000000050e+02	2.808380000000000223e+02	2.837679999999999723e+02	2.866970000000000027e+02	2.896730000000000018e+02	2.920070000000000050e+02	2.944340000000000259e+02	2.968600000000000136e+02	2.988279999999999745e+02	3.010249999999999773e+02	3.029710000000000036e+02	3.049850000000000136e+02	3.069759999999999991e+02	3.085559999999999832e+02	3.101349999999999909e+02	3.117370000000000232e+02	3.151019999999999754e+02	3.164979999999999905e+02	3.177110000000000127e+02	3.188550000000000182e+02	3.199769999999999754e+02	3.220600000000000023e+02	3.230899999999999750e+02	3.235930000000000177e+02	3.241879999999999882e+02	3.250350000000000250e+02	3.257219999999999800e+02	3.256299999999999955e+02	3.256299999999999955e+02	3.256759999999999877e+02	3.257900000000000205e+02	3.257900000000000205e+02	3.262479999999999905e+02	3.263629999999999995e+02	3.259510000000000218e+02	3.275070000000000050e+02	3.268430000000000177e+02	3.268430000000000177e+02	3.269580000000000268e+02	3.268890000000000100e+02	3.270950000000000273e+02	3.275760000000000218e+02	3.277130000000000223e+02	3.274610000000000127e+02	3.276209999999999809e+02	3.277819999999999823e+02	3.282169999999999845e+02	3.281940000000000168e+02	3.281250000000000000e+02	3.280790000000000077e+02	3.280110000000000241e+02	3.280110000000000241e+02	3.272549999999999955e+02
0.000000000000000000e+00	3.680880000000000223e+02	3.323820000000000050e+02	3.004069999999999823e+02	2.726440000000000055e+02	2.475589999999999975e+02	2.262729999999999961e+02	2.085569999999999879e+02	1.949619999999999891e+02	1.840209999999999866e+02	1.752779999999999916e+02	1.672210000000000036e+02	1.614989999999999952e+02	1.557769999999999868e+02	1.505579999999999927e+02	1.440120000000000005e+02	1.375120000000000005e+02	1.322709999999999866e+02	1.273269999999999982e+02	1.230930000000000035e+02	1.189270000000000067e+02	1.157909999999999968e+02	1.127009999999999934e+02	1.103209999999999980e+02	1.077579999999999956e+02	1.055600000000000023e+02	1.036380000000000052e+02	1.020130000000000052e+02	1.007999999999999972e+02	9.974699999999999989e+01	9.848799999999999955e+01	9.764100000000000534e+01	9.684000000000000341e+01	9.631300000000000239e+01	9.590099999999999625e+01	9.532899999999999352e+01	9.530599999999999739e+01	9.503199999999999648e+01	9.509999999999999432e+01	9.464300000000000068e+01	9.452800000000000580e+01	9.420799999999999841e+01	9.377299999999999613e+01	9.352100000000000080e+01	9.354399999999999693e+01	9.352100000000000080e+01	9.356699999999999307e+01	9.363599999999999568e+01	9.336100000000000421e+01	9.363599999999999568e+01	9.352100000000000080e+01	9.338400000000000034e+01	9.365800000000000125e+01	9.384199999999999875e+01	9.390999999999999659e+01	9.418500000000000227e+01	9.432200000000000273e+01	9.432200000000000273e+01	9.468800000000000239e+01	9.450499999999999545e+01	9.459699999999999420e+01	9.503199999999999648e+01	9.519199999999999307e+01	9.523799999999999955e+01	9.535200000000000387e+01	9.565000000000000568e+01	9.596999999999999886e+01	9.633599999999999852e+01	9.645099999999999341e+01	9.702299999999999613e+01	9.706900000000000261e+01	9.736599999999999966e+01	9.745799999999999841e+01	9.748099999999999454e+01	9.784699999999999420e+01	9.835099999999999909e+01	9.860200000000000387e+01	9.887699999999999534e+01	9.917400000000000659e+01	9.937999999999999545e+01	9.958599999999999852e+01	9.958599999999999852e+01	9.976999999999999602e+01	9.967799999999999727e+01	9.981499999999999773e+01	1.003419999999999987e+02	1.002960000000000065e+02	1.002500000000000000e+02	1.002729999999999961e+02	1.005480000000000018e+02	1.005709999999999980e+02	1.010739999999999981e+02	1.011659999999999968e+02	1.016239999999999952e+02	1.020130000000000052e+02	1.023559999999999945e+02	1.026310000000000002e+02	1.029050000000000011e+02	1.030879999999999939e+02	1.031110000000000042e+02	1.037060000000000031e+02	1.048739999999999952e+02	1.050340000000000060e+02	1.050799999999999983e+02	1.051940000000000026e+02	1.066359999999999957e+02	1.068880000000000052e+02	1.069339999999999975e+02	1.070709999999999980e+02	1.071850000000000023e+02	1.074140000000000015e+02	1.074599999999999937e+02	1.077120000000000033e+02	1.079410000000000025e+02	1.081009999999999991e+02	1.083529999999999944e+02	1.086730000000000018e+02	1.088100000000000023e+02	1.090619999999999976e+02	1.095430000000000064e+02	1.099320000000000022e+02	1.101839999999999975e+02	1.104350000000000023e+02	1.109620000000000033e+02	1.115109999999999957e+02	1.116490000000000009e+02	1.120829999999999984e+02	1.121749999999999972e+02	1.124729999999999990e+02	1.126560000000000059e+02	1.130909999999999940e+02	1.134110000000000014e+02	1.137540000000000049e+02	1.141200000000000045e+02	1.143259999999999934e+02	1.146470000000000056e+02	1.150360000000000014e+02	1.155400000000000063e+02	1.157909999999999968e+02	1.167300000000000040e+02	1.170040000000000049e+02	1.173479999999999990e+02	1.177369999999999948e+02	1.181029999999999944e+02	1.183780000000000001e+02	1.188580000000000041e+02	1.191329999999999956e+02	1.193850000000000051e+02	1.198430000000000035e+02	1.202999999999999972e+02	1.205289999999999964e+02	1.209410000000000025e+02	1.212390000000000043e+02	1.216050000000000040e+02	1.220630000000000024e+02	1.224060000000000059e+02	1.226350000000000051e+02	1.231380000000000052e+02	1.234590000000000032e+02	1.237560000000000002e+02	1.242369999999999948e+02	1.246029999999999944e+02	1.248780000000000001e+02	1.255190000000000055e+02	1.257019999999999982e+02	1.259539999999999935e+02	1.265030000000000001e+02	1.268460000000000036e+02	1.280360000000000014e+02	1.286320000000000050e+02	1.290889999999999986e+02	1.294329999999999927e+02	1.299130000000000109e+02	1.302110000000000127e+02	1.305540000000000020e+02	1.310120000000000005e+02	1.314699999999999989e+02	1.317439999999999998e+02	1.320420000000000016e+02	1.322940000000000111e+02	1.325680000000000121e+02	1.329350000000000023e+02	1.333009999999999877e+02	1.335070000000000050e+02	1.338040000000000020e+02	1.343770000000000095e+02	1.346049999999999898e+02	1.350399999999999920e+02	1.352690000000000055e+02	1.355900000000000034e+02
0.000000000000000000e+00	5.973819999999999482e+02	5.247569999999999482e+02	4.553380000000000223e+02	4.069519999999999982e+02	3.651120000000000232e+02	3.296589999999999918e+02	3.035430000000000064e+02	2.790070000000000050e+02	2.627559999999999718e+02	2.464830000000000041e+02	2.368009999999999877e+02	2.262729999999999961e+02	2.175980000000000132e+02	2.109379999999999882e+02	2.057649999999999864e+02	2.005689999999999884e+02	1.959919999999999902e+02	1.913909999999999911e+02	1.868590000000000089e+02	1.817549999999999955e+02	1.752319999999999993e+02	1.696469999999999914e+02	1.647489999999999952e+02	1.600800000000000125e+02	1.564869999999999948e+02	1.539689999999999941e+02	1.512680000000000007e+02	1.494830000000000041e+02	1.474459999999999980e+02	1.458660000000000139e+02	1.446080000000000041e+02	1.439670000000000130e+02	1.427990000000000066e+02	1.421810000000000116e+02	1.419749999999999943e+02	1.411289999999999907e+02	1.410370000000000061e+02	1.408770000000000095e+02	1.404650000000000034e+02	1.403050000000000068e+02	1.408079999999999927e+02	1.411289999999999907e+02	1.412429999999999950e+02	1.411289999999999907e+02	1.411289999999999907e+02	1.413350000000000080e+02	1.420440000000000111e+02	1.422500000000000000e+02	1.425480000000000018e+02	1.429819999999999993e+02	1.434399999999999977e+02	1.440120000000000005e+02	1.444699999999999989e+02	1.445389999999999873e+02	1.453859999999999957e+02	1.460720000000000027e+02	1.462100000000000080e+02	1.469879999999999995e+02	1.477199999999999989e+02	1.482009999999999934e+02	1.488189999999999884e+02	1.500089999999999861e+02	1.511310000000000002e+02	1.530080000000000098e+02	1.537630000000000052e+02	1.540829999999999984e+02	1.549759999999999991e+02	1.559830000000000041e+02	1.566009999999999991e+02	1.572649999999999864e+02	1.581119999999999948e+02	1.587750000000000057e+02	1.596910000000000025e+02	1.607669999999999959e+02	1.613849999999999909e+02	1.622769999999999868e+02	1.632390000000000043e+02	1.640169999999999959e+02	1.650469999999999970e+02	1.661910000000000025e+02	1.670840000000000032e+02	1.683880000000000052e+02	1.694869999999999948e+02	1.702189999999999941e+02	1.713640000000000043e+02	1.724399999999999977e+02	1.733549999999999898e+02	1.745910000000000082e+02	1.756440000000000055e+02	1.766279999999999859e+02	1.775670000000000073e+02	1.786189999999999998e+02	1.796490000000000009e+02	1.805879999999999939e+02	1.816409999999999911e+02	1.826020000000000039e+02	1.835399999999999920e+02	1.845020000000000095e+02	1.856229999999999905e+02	1.867450000000000045e+02	1.879120000000000061e+02	1.889879999999999995e+02	1.900629999999999882e+02	1.911390000000000100e+02	1.925130000000000052e+02	1.936570000000000107e+02	1.947779999999999916e+02	1.956250000000000000e+02	1.963580000000000041e+02	1.970900000000000034e+02	1.973880000000000052e+02	1.979139999999999873e+02	1.982350000000000136e+02	1.986469999999999914e+02	1.988530000000000086e+02	1.991500000000000057e+02	1.991270000000000095e+02	1.990809999999999889e+02	1.991730000000000018e+02	1.992189999999999941e+02	1.993100000000000023e+02	1.994929999999999950e+02	1.994019999999999868e+02	1.995620000000000118e+02	1.997220000000000084e+02	1.998139999999999930e+02	1.999509999999999934e+02	2.000660000000000025e+02	2.000430000000000064e+02	2.002489999999999952e+02	2.004089999999999918e+02	2.005459999999999923e+02	2.009579999999999984e+02	2.010960000000000036e+02	2.012789999999999964e+02	2.014619999999999891e+02	2.021479999999999961e+02	2.021709999999999923e+02	2.023540000000000134e+02	2.025600000000000023e+02	2.026980000000000075e+02	2.029499999999999886e+02	2.033389999999999986e+02	2.032470000000000141e+02	2.035680000000000121e+02	2.039569999999999936e+02	2.039110000000000014e+02	2.041850000000000023e+02	2.044139999999999873e+02	2.045060000000000002e+02	2.047580000000000098e+02	2.048950000000000102e+02	2.049869999999999948e+02	2.050780000000000030e+02	2.052379999999999995e+02	2.052609999999999957e+02	2.053300000000000125e+02	2.056049999999999898e+02	2.057419999999999902e+02	2.057419999999999902e+02	2.059019999999999868e+02	2.060620000000000118e+02	2.061080000000000041e+02	2.064060000000000059e+02	2.063600000000000136e+02	2.064509999999999934e+02	2.064970000000000141e+02	2.066349999999999909e+02	2.066119999999999948e+02	2.067719999999999914e+02	2.067259999999999991e+02	2.068180000000000121e+02	2.068180000000000121e+02	2.068629999999999995e+02	2.068180000000000121e+02	2.071150000000000091e+02	2.071380000000000052e+02	2.071839999999999975e+02	2.071380000000000052e+02	2.072980000000000018e+02	2.073209999999999980e+02	2.077100000000000080e+02	2.075039999999999907e+02	2.075730000000000075e+02	2.076639999999999873e+02	2.077330000000000041e+02	2.077789999999999964e+02	2.077330000000000041e+02	2.076189999999999998e+02
0.000000000000000000e+00	1.679079999999999870e+02	1.546779999999999973e+02	1.428220000000000027e+02	1.322479999999999905e+02	1.218110000000000070e+02	1.129530000000000030e+02	1.053089999999999975e+02	9.832800000000000296e+01	9.242199999999999704e+01	8.756999999999999318e+01	8.335899999999999466e+01	7.960500000000000398e+01	7.674399999999999977e+01	7.436400000000000432e+01	7.207500000000000284e+01	6.955700000000000216e+01	6.703900000000000148e+01	6.459000000000000341e+01	6.239300000000000068e+01	6.005899999999999750e+01	5.815899999999999892e+01	5.648799999999999955e+01	5.465699999999999648e+01	5.310099999999999909e+01	5.197899999999999920e+01	5.115500000000000114e+01	5.014800000000000324e+01	4.932399999999999807e+01	4.870600000000000307e+01	4.817999999999999972e+01	4.746999999999999886e+01	4.696699999999999875e+01	4.655499999999999972e+01	4.630299999999999727e+01	4.575300000000000011e+01	4.545600000000000307e+01	4.504399999999999693e+01	4.497500000000000142e+01	4.481499999999999773e+01	4.442600000000000193e+01	4.525000000000000000e+01	4.504399999999999693e+01	4.506700000000000017e+01	4.515800000000000125e+01	4.520400000000000063e+01	4.515800000000000125e+01	4.513499999999999801e+01	4.492999999999999972e+01	4.470100000000000051e+01	4.481499999999999773e+01	4.488400000000000034e+01	4.511299999999999955e+01	4.495199999999999818e+01	4.511299999999999955e+01	4.499799999999999756e+01	4.502100000000000080e+01	4.520400000000000063e+01	4.563900000000000290e+01	4.540999999999999659e+01	4.518099999999999739e+01	4.492999999999999972e+01	4.518099999999999739e+01	4.511299999999999955e+01	4.495199999999999818e+01	4.527300000000000324e+01	4.522699999999999676e+01	4.559300000000000352e+01	4.579899999999999949e+01	4.589099999999999824e+01	4.598199999999999932e+01	4.621099999999999852e+01	4.639399999999999835e+01	4.643999999999999773e+01	4.669200000000000017e+01	4.698899999999999721e+01	4.678300000000000125e+01	4.737899999999999778e+01	4.726400000000000290e+01	4.719500000000000028e+01	4.710399999999999920e+01	4.724099999999999966e+01	4.728699999999999903e+01	4.735600000000000165e+01	4.774499999999999744e+01	4.788199999999999790e+01	4.822500000000000142e+01	4.838600000000000279e+01	4.843099999999999739e+01	4.850000000000000000e+01	4.877499999999999858e+01	4.879800000000000182e+01	4.888900000000000290e+01	4.911800000000000210e+01	4.911800000000000210e+01	4.932399999999999807e+01	4.925500000000000256e+01	4.932399999999999807e+01	4.936999999999999744e+01	4.966700000000000159e+01	4.975900000000000034e+01	4.985000000000000142e+01	5.001100000000000279e+01	4.996500000000000341e+01	5.021699999999999875e+01	5.033100000000000307e+01	5.051400000000000290e+01	5.065200000000000102e+01	5.092600000000000193e+01	5.099499999999999744e+01	5.117799999999999727e+01	5.136099999999999710e+01	5.154399999999999693e+01	5.168200000000000216e+01	5.184199999999999875e+01	5.223100000000000165e+01	5.271099999999999852e+01	5.300900000000000034e+01	5.316899999999999693e+01	5.321500000000000341e+01	5.346699999999999875e+01	5.351299999999999812e+01	5.371900000000000119e+01	5.392499999999999716e+01	5.408500000000000085e+01	5.410799999999999699e+01	5.417600000000000193e+01	5.435900000000000176e+01	5.438199999999999790e+01	5.447399999999999665e+01	5.454299999999999926e+01	5.465699999999999648e+01	5.472599999999999909e+01	5.479399999999999693e+01	5.490899999999999892e+01	5.497699999999999676e+01	5.506900000000000261e+01	5.516100000000000136e+01	5.543500000000000227e+01	5.548100000000000165e+01	5.561800000000000210e+01	5.571000000000000085e+01	5.586999999999999744e+01	5.607600000000000051e+01	5.657999999999999829e+01	5.655700000000000216e+01	5.653399999999999892e+01	5.662500000000000000e+01	5.710600000000000165e+01	5.710600000000000165e+01	5.721999999999999886e+01	5.726599999999999824e+01	5.728900000000000148e+01	5.731199999999999761e+01	5.738100000000000023e+01	5.751800000000000068e+01	5.760999999999999943e+01	5.777000000000000313e+01	5.779299999999999926e+01	5.786099999999999710e+01	5.804399999999999693e+01	5.820499999999999829e+01	5.813600000000000279e+01	5.802199999999999847e+01	5.813600000000000279e+01	5.813600000000000279e+01	5.818200000000000216e+01	5.834199999999999875e+01	5.845600000000000307e+01	5.854800000000000182e+01	5.861699999999999733e+01	5.889099999999999824e+01	5.891400000000000148e+01	5.905199999999999960e+01	5.905199999999999960e+01	5.928000000000000114e+01	5.928000000000000114e+01	5.934899999999999665e+01	5.953199999999999648e+01	5.957800000000000296e+01	5.966899999999999693e+01	5.980700000000000216e+01	5.987500000000000000e+01	5.985300000000000153e+01	5.985300000000000153e+01	6.001299999999999812e+01	6.010399999999999920e+01	6.033299999999999841e+01	6.047099999999999653e+01	6.056199999999999761e+01
1.000000000000000000e+00	1.983029999999999973e+02	1.821210000000000093e+02	1.679759999999999991e+02	1.541519999999999868e+02	1.419070000000000107e+02	1.314010000000000105e+02	1.226809999999999974e+02	1.155619999999999976e+02	1.096119999999999948e+02	1.050340000000000060e+02	1.011889999999999930e+02	9.789300000000000068e+01	9.555800000000000693e+01	9.368099999999999739e+01	9.221599999999999397e+01	9.075199999999999534e+01	8.937800000000000011e+01	8.837099999999999511e+01	8.759300000000000352e+01	8.679200000000000159e+01	8.624299999999999500e+01	8.573900000000000432e+01	8.518999999999999773e+01	8.484600000000000364e+01	8.461799999999999500e+01	8.420600000000000307e+01	8.397700000000000387e+01	8.370199999999999818e+01	8.370199999999999818e+01	8.377100000000000080e+01	8.381699999999999307e+01	8.379399999999999693e+01	8.386199999999999477e+01	8.400000000000000000e+01	8.390800000000000125e+01	8.395399999999999352e+01	8.415999999999999659e+01	8.477800000000000580e+01	8.500700000000000500e+01	8.512099999999999511e+01	8.507500000000000284e+01	8.532699999999999818e+01	8.544199999999999307e+01	8.548699999999999477e+01	8.567000000000000171e+01	8.578499999999999659e+01	8.615099999999999625e+01	8.621999999999999886e+01	8.644899999999999807e+01	8.651699999999999591e+01	8.670000000000000284e+01	8.681499999999999773e+01	8.672299999999999898e+01	8.706699999999999307e+01	8.718099999999999739e+01	8.736400000000000432e+01	8.756999999999999318e+01	8.763899999999999579e+01	8.786799999999999500e+01	8.805100000000000193e+01	8.821099999999999852e+01	8.834799999999999898e+01	8.850900000000000034e+01	8.882899999999999352e+01	8.908100000000000307e+01	8.921800000000000352e+01	8.928700000000000614e+01	8.958400000000000318e+01	8.972199999999999420e+01	8.979000000000000625e+01	8.997299999999999898e+01	9.008799999999999386e+01	9.020199999999999818e+01	9.008799999999999386e+01	9.029399999999999693e+01	9.043099999999999739e+01	9.052299999999999613e+01	9.056900000000000261e+01	9.077500000000000568e+01	9.081999999999999318e+01	9.104900000000000659e+01	9.114100000000000534e+01	9.127800000000000580e+01	9.155299999999999727e+01	9.180500000000000682e+01	9.182699999999999818e+01	9.198799999999999955e+01	9.212500000000000000e+01	9.228499999999999659e+01	9.242199999999999704e+01	9.258299999999999841e+01	9.285699999999999932e+01	9.297199999999999420e+01	9.326900000000000546e+01	9.352100000000000080e+01	9.384199999999999875e+01	9.418500000000000227e+01	9.443699999999999761e+01	9.496299999999999386e+01	9.558100000000000307e+01	9.608499999999999375e+01	9.709199999999999875e+01	9.809900000000000375e+01	9.921999999999999886e+01	1.007770000000000010e+02	1.025160000000000053e+02	1.045990000000000038e+02	1.067729999999999961e+02	1.091080000000000041e+02	1.116710000000000065e+02	1.144639999999999986e+02	1.173479999999999990e+02	1.201860000000000070e+02	1.230930000000000035e+02	1.261140000000000043e+02	1.291119999999999948e+02	1.318820000000000050e+02	1.346279999999999859e+02	1.371459999999999866e+02	1.396639999999999873e+02	1.420670000000000073e+02	1.442410000000000139e+02	1.466450000000000102e+02	1.485670000000000073e+02	1.503520000000000039e+02	1.521610000000000014e+02	1.572189999999999941e+02	1.590039999999999907e+02	1.606059999999999945e+02	1.628489999999999895e+02	1.647259999999999991e+02	1.659389999999999930e+02	1.671069999999999993e+02	1.682740000000000009e+02	1.692350000000000136e+02	1.702419999999999902e+02	1.712270000000000039e+02	1.720500000000000114e+02	1.734240000000000066e+02	1.742019999999999982e+02	1.750949999999999989e+02	1.756210000000000093e+02	1.760329999999999870e+02	1.754840000000000089e+02	1.759869999999999948e+02	1.764910000000000139e+02	1.769259999999999877e+02	1.774060000000000059e+02	1.777500000000000000e+02	1.781620000000000061e+02	1.784590000000000032e+02	1.787570000000000050e+02	1.791690000000000111e+02	1.794890000000000043e+02	1.795349999999999966e+02	1.798100000000000023e+02	1.801069999999999993e+02	1.810459999999999923e+02	1.815490000000000066e+02	1.818700000000000045e+02	1.822810000000000059e+02	1.826020000000000039e+02	1.829679999999999893e+02	1.836090000000000089e+02	1.837460000000000093e+02	1.839290000000000020e+02	1.839979999999999905e+02	1.843640000000000043e+02	1.849139999999999873e+02	1.849819999999999993e+02	1.851430000000000007e+02	1.852570000000000050e+02	1.853940000000000055e+02	1.856920000000000073e+02	1.858520000000000039e+02	1.859660000000000082e+02	1.860809999999999889e+02	1.863100000000000023e+02	1.864699999999999989e+02	1.883470000000000084e+02	1.881639999999999873e+02	1.883700000000000045e+02	1.883700000000000045e+02	1.884379999999999882e+02	1.883470000000000084e+02	1.884610000000000127e+02	1.884379999999999882e+02	1.884379999999999882e+02	1.883930000000000007e+02
1.000000000000000000e+00	1.822129999999999939e+02	1.658019999999999925e+02	1.523899999999999864e+02	1.393429999999999893e+02	1.275330000000000013e+02	1.177830000000000013e+02	1.102980000000000018e+02	1.041410000000000053e+02	9.974699999999999989e+01	9.592400000000000659e+01	9.349800000000000466e+01	9.093500000000000227e+01	8.933299999999999841e+01	8.791400000000000148e+01	8.674599999999999511e+01	8.567000000000000171e+01	8.484600000000000364e+01	8.400000000000000000e+01	8.356499999999999773e+01	8.299299999999999500e+01	8.228300000000000125e+01	8.207699999999999818e+01	8.152800000000000580e+01	8.125300000000000011e+01	8.086400000000000432e+01	8.072700000000000387e+01	8.088700000000000045e+01	8.072700000000000387e+01	8.042900000000000205e+01	8.020000000000000284e+01	8.008599999999999852e+01	8.006300000000000239e+01	7.990300000000000580e+01	7.985699999999999932e+01	7.985699999999999932e+01	7.958199999999999363e+01	7.960500000000000398e+01	7.987999999999999545e+01	7.971999999999999886e+01	7.992600000000000193e+01	7.987999999999999545e+01	8.006300000000000239e+01	8.006300000000000239e+01	8.035999999999999943e+01	8.047499999999999432e+01	8.063500000000000512e+01	8.088700000000000045e+01	8.102400000000000091e+01	8.127599999999999625e+01	8.161899999999999977e+01	8.191700000000000159e+01	8.226000000000000512e+01	8.262600000000000477e+01	8.280899999999999750e+01	8.329000000000000625e+01	8.377100000000000080e+01	8.413700000000000045e+01	8.448000000000000398e+01	8.491500000000000625e+01	8.551000000000000512e+01	8.564799999999999613e+01	8.592199999999999704e+01	8.596800000000000352e+01	8.617400000000000659e+01	8.640300000000000580e+01	8.768500000000000227e+01	8.789100000000000534e+01	8.912699999999999534e+01	8.919499999999999318e+01	8.949299999999999500e+01	8.958400000000000318e+01	8.944700000000000273e+01	8.960699999999999932e+01	9.020199999999999818e+01	9.024800000000000466e+01	9.047700000000000387e+01	9.045399999999999352e+01	9.059099999999999397e+01	9.081999999999999318e+01	9.095799999999999841e+01	9.086599999999999966e+01	9.086599999999999966e+01	9.116400000000000148e+01	9.111799999999999500e+01	9.168999999999999773e+01	9.182699999999999818e+01	9.207899999999999352e+01	9.214799999999999613e+01	9.233100000000000307e+01	9.230800000000000693e+01	9.233100000000000307e+01	9.244499999999999318e+01	9.276600000000000534e+01	9.290300000000000580e+01	9.301800000000000068e+01	9.301800000000000068e+01	9.322400000000000375e+01	9.333799999999999386e+01	9.336100000000000421e+01	9.333799999999999386e+01	9.365800000000000125e+01	9.365800000000000125e+01	9.384199999999999875e+01	9.402500000000000568e+01	9.397899999999999920e+01	9.423099999999999454e+01	9.441400000000000148e+01	9.443699999999999761e+01	9.452800000000000580e+01	9.468800000000000239e+01	9.489400000000000546e+01	9.509999999999999432e+01	9.528400000000000603e+01	9.526099999999999568e+01	9.560399999999999920e+01	9.560399999999999920e+01	9.578700000000000614e+01	9.571800000000000352e+01	9.684000000000000341e+01	9.672499999999999432e+01	9.656499999999999773e+01	9.654200000000000159e+01	9.658799999999999386e+01	9.670300000000000296e+01	9.690900000000000603e+01	9.702299999999999613e+01	9.704600000000000648e+01	9.720600000000000307e+01	9.709199999999999875e+01	9.722899999999999920e+01	9.711499999999999488e+01	9.722899999999999920e+01	9.741200000000000614e+01	9.743500000000000227e+01	9.738899999999999579e+01	9.764100000000000534e+01	9.777800000000000580e+01	9.782399999999999807e+01	9.796099999999999852e+01	9.805299999999999727e+01	9.812199999999999989e+01	9.835099999999999909e+01	9.901399999999999579e+01	9.906000000000000227e+01	9.935800000000000409e+01	1.000900000000000034e+02	1.003880000000000052e+02	1.010739999999999981e+02	1.018520000000000039e+02	1.026989999999999981e+02	1.038439999999999941e+02	1.049879999999999995e+02	1.063160000000000025e+02	1.079180000000000064e+02	1.099779999999999944e+02	1.119230000000000018e+02	1.142579999999999956e+02	1.166610000000000014e+02	1.189959999999999951e+02	1.216740000000000066e+02	1.243059999999999974e+02	1.268229999999999933e+02	1.295469999999999970e+02	1.325000000000000000e+02	1.357040000000000077e+02	1.383129999999999882e+02	1.406939999999999884e+02	1.429139999999999873e+02	1.452479999999999905e+02	1.474000000000000057e+02	1.492079999999999984e+02	1.511990000000000123e+02	1.531450000000000102e+02	1.547930000000000064e+02	1.561889999999999930e+02	1.577450000000000045e+02	1.590500000000000114e+02	1.604459999999999980e+02	1.615449999999999875e+02	1.626210000000000093e+02	1.635360000000000014e+02	1.644739999999999895e+02	1.654590000000000032e+02	1.666719999999999970e+02	1.673360000000000127e+02	1.681140000000000043e+02	1.688000000000000114e+02	1.694180000000000064e+02	1.697390000000000043e+02
0.000000000000000000e+00	3.283770000000000095e+02	2.868580000000000041e+02	2.521589999999999918e+02	2.229310000000000116e+02	1.985320000000000107e+02	1.788940000000000055e+02	1.619799999999999898e+02	1.497800000000000011e+02	1.408079999999999927e+02	1.336440000000000055e+02	1.289060000000000059e+02	1.250610000000000070e+02	1.208269999999999982e+02	1.172560000000000002e+02	1.140750000000000028e+02	1.118550000000000040e+02	1.095889999999999986e+02	1.078490000000000038e+02	1.063840000000000003e+02	1.051029999999999944e+02	1.036610000000000014e+02	1.007309999999999945e+02	9.679399999999999693e+01	9.384199999999999875e+01	9.150700000000000500e+01	8.958400000000000318e+01	8.889799999999999613e+01	8.729600000000000648e+01	8.592199999999999704e+01	8.585399999999999920e+01	8.548699999999999477e+01	8.496099999999999852e+01	8.489199999999999591e+01	8.491500000000000625e+01	8.486899999999999977e+01	8.496099999999999852e+01	8.500700000000000500e+01	8.507500000000000284e+01	8.491500000000000625e+01	8.498399999999999466e+01	8.539600000000000080e+01	8.564799999999999613e+01	8.571599999999999397e+01	8.571599999999999397e+01	8.606000000000000227e+01	8.702100000000000080e+01	8.727299999999999613e+01	8.745600000000000307e+01	8.768500000000000227e+01	8.782200000000000273e+01	8.789100000000000534e+01	8.821099999999999852e+01	8.841700000000000159e+01	8.878300000000000125e+01	8.926399999999999579e+01	8.972199999999999420e+01	8.997299999999999898e+01	9.034000000000000341e+01	9.056900000000000261e+01	9.107200000000000273e+01	9.171299999999999386e+01	9.203300000000000125e+01	9.322400000000000375e+01	9.377299999999999613e+01	9.402500000000000568e+01	9.423099999999999454e+01	9.448199999999999932e+01	9.521500000000000341e+01	9.569499999999999318e+01	9.617600000000000193e+01	9.645099999999999341e+01	9.706900000000000261e+01	9.754900000000000659e+01	9.796099999999999852e+01	9.844199999999999307e+01	9.901399999999999579e+01	9.949500000000000455e+01	9.976999999999999602e+01	1.001590000000000060e+02	1.005939999999999941e+02	1.010969999999999942e+02	1.017609999999999957e+02	1.020130000000000052e+02	1.027450000000000045e+02	1.032939999999999969e+02	1.038889999999999958e+02	1.044620000000000033e+02	1.050340000000000060e+02	1.056059999999999945e+02	1.060870000000000033e+02	1.067729999999999961e+02	1.072079999999999984e+02	1.077120000000000033e+02	1.084669999999999987e+02	1.087879999999999967e+02	1.091310000000000002e+02	1.100460000000000065e+02	1.102069999999999936e+02	1.105729999999999933e+02	1.110310000000000059e+02	1.112139999999999986e+02	1.116029999999999944e+02	1.119459999999999980e+02	1.122439999999999998e+02	1.124500000000000028e+02	1.126099999999999994e+02	1.127009999999999934e+02	1.137999999999999972e+02	1.136400000000000006e+02	1.138229999999999933e+02	1.137079999999999984e+02	1.140289999999999964e+02	1.138689999999999998e+02	1.139830000000000041e+02	1.142120000000000033e+02	1.141200000000000045e+02	1.147840000000000060e+02	1.151959999999999980e+02	1.154020000000000010e+02	1.154479999999999933e+02	1.155400000000000063e+02	1.156310000000000002e+02	1.154939999999999998e+02	1.156310000000000002e+02	1.157459999999999951e+02	1.156539999999999964e+02	1.158139999999999930e+02	1.158370000000000033e+02	1.159519999999999982e+02	1.160660000000000025e+02	1.161119999999999948e+02	1.161580000000000013e+02	1.165699999999999932e+02	1.166149999999999949e+02	1.165010000000000048e+02	1.165919999999999987e+02	1.166380000000000052e+02	1.165919999999999987e+02	1.166610000000000014e+02	1.166149999999999949e+02	1.167530000000000001e+02	1.177830000000000013e+02	1.176449999999999960e+02	1.177139999999999986e+02	1.178050000000000068e+02	1.178739999999999952e+02	1.178970000000000056e+02	1.180340000000000060e+02	1.168670000000000044e+02	1.184689999999999941e+02	1.185840000000000032e+02	1.187210000000000036e+02	1.187669999999999959e+02	1.188580000000000041e+02	1.187439999999999998e+02	1.188349999999999937e+02	1.191099999999999994e+02	1.206670000000000016e+02	1.185379999999999967e+02	1.187900000000000063e+02	1.187210000000000036e+02	1.186290000000000049e+02	1.185610000000000070e+02	1.184009999999999962e+02	1.183319999999999936e+02	1.186979999999999933e+02	1.189959999999999951e+02	1.190639999999999930e+02	1.188810000000000002e+02	1.189039999999999964e+02	1.184459999999999980e+02	1.186290000000000049e+02	1.185840000000000032e+02	1.185150000000000006e+02	1.184230000000000018e+02	1.185840000000000032e+02	1.185379999999999967e+02	1.185840000000000032e+02	1.189500000000000028e+02	1.189270000000000067e+02	1.191329999999999956e+02	1.190409999999999968e+02	1.189500000000000028e+02	1.187900000000000063e+02	1.190190000000000055e+02	1.188580000000000041e+02	1.187210000000000036e+02	1.187669999999999959e+02	1.187439999999999998e+02
0.000000000000000000e+00	2.851639999999999873e+02	2.575840000000000032e+02	2.330929999999999893e+02	2.117390000000000043e+02	1.935879999999999939e+02	1.765589999999999975e+02	1.622539999999999907e+02	1.560519999999999925e+02	1.446299999999999955e+02	1.358410000000000082e+02	1.287230000000000132e+02	1.200490000000000066e+02	1.168439999999999941e+02	1.119689999999999941e+02	1.082609999999999957e+02	1.042330000000000041e+02	1.006389999999999958e+02	9.670300000000000296e+01	9.256000000000000227e+01	8.887500000000000000e+01	8.560200000000000387e+01	8.267199999999999704e+01	8.015399999999999636e+01	7.809399999999999409e+01	7.624099999999999966e+01	7.454699999999999704e+01	7.278400000000000603e+01	7.159399999999999409e+01	7.049599999999999511e+01	6.951099999999999568e+01	6.891599999999999682e+01	6.825300000000000011e+01	6.795499999999999829e+01	6.770300000000000296e+01	6.747400000000000375e+01	6.731399999999999295e+01	6.729099999999999682e+01	6.726800000000000068e+01	6.756600000000000250e+01	6.763500000000000512e+01	6.800100000000000477e+01	6.816100000000000136e+01	6.870999999999999375e+01	6.930500000000000682e+01	6.983199999999999363e+01	7.035800000000000409e+01	7.083899999999999864e+01	7.125100000000000477e+01	7.175400000000000489e+01	7.221200000000000330e+01	7.246399999999999864e+01	7.305899999999999750e+01	7.367700000000000671e+01	7.420300000000000296e+01	7.473000000000000398e+01	7.525600000000000023e+01	7.592000000000000171e+01	7.646899999999999409e+01	7.699599999999999511e+01	7.772799999999999443e+01	7.850600000000000023e+01	7.903300000000000125e+01	7.955899999999999750e+01	8.015399999999999636e+01	8.075000000000000000e+01	8.152800000000000580e+01	8.212300000000000466e+01	8.278700000000000614e+01	8.340500000000000114e+01	8.409099999999999397e+01	8.480100000000000193e+01	8.548699999999999477e+01	8.624299999999999500e+01	8.711199999999999477e+01	8.791400000000000148e+01	8.859999999999999432e+01	8.921800000000000352e+01	9.024800000000000466e+01	9.107200000000000273e+01	9.201000000000000512e+01	9.287999999999999545e+01	9.377299999999999613e+01	9.498600000000000421e+01	9.596999999999999886e+01	9.715999999999999659e+01	9.803000000000000114e+01	9.892300000000000182e+01	9.928900000000000148e+01	1.004330000000000069e+02	1.016689999999999969e+02	1.022639999999999958e+02	1.019899999999999949e+02	1.027450000000000045e+02	1.029969999999999999e+02	1.028589999999999947e+02	1.031340000000000003e+02	1.032259999999999991e+02	1.035460000000000065e+02	1.035919999999999987e+02	1.036830000000000069e+02	1.037060000000000031e+02	1.049879999999999995e+02	1.053769999999999953e+02	1.052860000000000014e+02	1.057429999999999950e+02	1.062469999999999999e+02	1.060870000000000033e+02	1.063610000000000042e+02	1.068649999999999949e+02	1.071170000000000044e+02	1.073910000000000053e+02	1.075289999999999964e+02	1.078029999999999973e+02	1.079180000000000064e+02	1.082379999999999995e+02	1.089020000000000010e+02	1.089020000000000010e+02	1.099320000000000022e+02	1.093599999999999994e+02	1.091310000000000002e+02	1.082379999999999995e+02	1.090619999999999976e+02	1.094969999999999999e+02	1.097720000000000056e+02	1.101610000000000014e+02	1.100919999999999987e+02	1.099090000000000060e+02	1.097030000000000030e+02	1.099320000000000022e+02	1.092000000000000028e+02	1.097720000000000056e+02	1.099549999999999983e+02	1.100690000000000026e+02	1.099549999999999983e+02	1.094740000000000038e+02	1.103209999999999980e+02	1.102980000000000018e+02	1.101610000000000014e+02	1.102980000000000018e+02	1.102289999999999992e+02	1.103900000000000006e+02	1.104129999999999967e+02	1.105270000000000010e+02	1.105729999999999933e+02	1.096569999999999965e+02	1.105729999999999933e+02	1.103439999999999941e+02	1.105960000000000036e+02	1.108700000000000045e+02	1.109389999999999930e+02	1.107099999999999937e+02	1.106189999999999998e+02	1.100460000000000065e+02	1.105499999999999972e+02	1.108020000000000067e+02	1.106640000000000015e+02	1.106189999999999998e+02	1.099549999999999983e+02	1.105499999999999972e+02	1.110079999999999956e+02	1.106640000000000015e+02	1.101149999999999949e+02	1.106189999999999998e+02	1.104809999999999945e+02	1.106410000000000053e+02	1.105270000000000010e+02	1.104350000000000023e+02	1.101839999999999975e+02	1.105499999999999972e+02	1.103439999999999941e+02	1.104579999999999984e+02	1.106189999999999998e+02	1.100460000000000065e+02	1.102519999999999953e+02	1.106410000000000053e+02	1.107330000000000041e+02	1.105960000000000036e+02	1.111910000000000025e+02	1.110310000000000059e+02	1.109159999999999968e+02	1.109389999999999930e+02	1.113050000000000068e+02	1.106189999999999998e+02	1.101380000000000052e+02	1.106869999999999976e+02	1.105040000000000049e+02	1.106410000000000053e+02	1.105729999999999933e+02	1.112139999999999986e+02
0.000000000000000000e+00	4.853670000000000186e+02	4.443969999999999914e+02	4.095840000000000032e+02	3.785249999999999773e+02	3.512189999999999941e+02	3.257900000000000205e+02	3.042760000000000105e+02	2.861709999999999923e+02	2.696909999999999741e+02	2.547230000000000132e+02	2.404170000000000016e+02	2.265469999999999970e+02	2.145080000000000098e+02	2.010269999999999868e+02	1.883240000000000123e+02	1.794430000000000121e+02	1.718899999999999864e+02	1.657560000000000002e+02	1.602400000000000091e+02	1.550219999999999914e+02	1.520689999999999884e+02	1.480180000000000007e+02	1.448820000000000050e+02	1.419979999999999905e+02	1.394809999999999945e+02	1.369629999999999939e+02	1.348110000000000070e+02	1.329569999999999936e+02	1.316069999999999993e+02	1.305999999999999943e+02	1.295929999999999893e+02	1.323849999999999909e+02	1.326829999999999927e+02	1.303249999999999886e+02	1.288830000000000098e+02	1.325449999999999875e+02	1.317669999999999959e+02	1.309890000000000043e+02	1.300279999999999916e+02	1.293870000000000005e+02	1.288830000000000098e+02	1.289519999999999982e+02	1.285399999999999920e+02	1.280589999999999975e+02	1.286769999999999925e+02	1.285629999999999882e+02	1.295699999999999932e+02	1.291349999999999909e+02	1.290440000000000111e+02	1.291579999999999870e+02	1.296390000000000100e+02	1.303019999999999925e+02	1.299590000000000032e+02	1.301879999999999882e+02	1.305080000000000098e+02	1.306690000000000111e+02	1.305310000000000059e+02	1.307139999999999986e+02	1.307829999999999870e+02	1.307829999999999870e+02	1.318360000000000127e+02	1.323619999999999948e+02	1.325910000000000082e+02	1.327290000000000134e+02	1.328890000000000100e+02	1.331409999999999911e+02	1.329350000000000023e+02	1.335070000000000050e+02	1.334840000000000089e+02	1.339420000000000073e+02	1.343770000000000095e+02	1.344679999999999893e+02	1.354979999999999905e+02	1.352460000000000093e+02	1.352920000000000016e+02	1.357729999999999961e+02	1.363909999999999911e+02	1.367110000000000127e+02	1.366649999999999920e+02	1.367570000000000050e+02	1.374209999999999923e+02	1.380389999999999873e+02	1.381299999999999955e+02	1.384050000000000011e+02	1.385649999999999977e+02	1.384509999999999934e+02	1.389079999999999870e+02	1.393199999999999932e+02	1.396639999999999873e+02	1.398240000000000123e+02	1.398470000000000084e+02	1.398240000000000123e+02	1.398240000000000123e+02	1.398470000000000084e+02	1.400529999999999973e+02	1.403729999999999905e+02	1.407849999999999966e+02	1.412199999999999989e+02	1.412889999999999873e+02	1.417009999999999934e+02	1.415860000000000127e+02	1.414720000000000084e+02	1.419979999999999905e+02	1.421359999999999957e+02	1.421129999999999995e+02	1.424099999999999966e+02	1.424099999999999966e+02	1.436459999999999866e+02	1.438979999999999961e+02	1.438520000000000039e+02	1.439439999999999884e+02	1.443100000000000023e+02	1.446759999999999877e+02	1.446759999999999877e+02	1.448139999999999930e+02	1.451339999999999861e+02	1.473079999999999927e+02	1.473309999999999889e+02	1.475140000000000100e+02	1.476519999999999868e+02	1.477889999999999873e+02	1.478350000000000080e+02	1.482470000000000141e+02	1.480639999999999930e+02	1.482009999999999934e+02	1.483379999999999939e+02	1.484759999999999991e+02	1.482930000000000064e+02	1.486819999999999879e+02	1.487959999999999923e+02	1.488189999999999884e+02	1.491850000000000023e+02	1.491390000000000100e+02	1.493679999999999950e+02	1.497800000000000011e+02	1.498029999999999973e+02	1.504670000000000130e+02	1.505360000000000014e+02	1.504209999999999923e+02	1.504900000000000091e+02	1.505130000000000052e+02	1.511080000000000041e+02	1.509250000000000114e+02	1.518170000000000073e+02	1.517259999999999991e+02	1.519089999999999918e+02	1.520920000000000130e+02	1.523209999999999980e+02	1.523899999999999864e+02	1.526870000000000118e+02	1.529159999999999968e+02	1.533280000000000030e+02	1.533739999999999952e+02	1.533280000000000030e+02	1.536939999999999884e+02	1.539689999999999941e+02	1.542429999999999950e+02	1.541289999999999907e+02	1.545409999999999968e+02	1.547700000000000102e+02	1.548160000000000025e+02	1.549300000000000068e+02	1.549759999999999991e+02	1.551359999999999957e+02	1.554110000000000014e+02	1.558000000000000114e+02	1.557539999999999907e+02	1.559370000000000118e+02	1.560289999999999964e+02	1.565089999999999861e+02	1.568300000000000125e+02	1.570360000000000014e+02	1.571730000000000018e+02	1.576080000000000041e+02	1.579739999999999895e+02	1.581339999999999861e+02	1.583400000000000034e+02	1.584780000000000086e+02	1.586150000000000091e+02	1.587750000000000057e+02	1.590269999999999868e+02	1.593480000000000132e+02	1.598280000000000030e+02	1.599430000000000121e+02	1.601939999999999884e+02	1.603779999999999859e+02	1.605829999999999984e+02	1.608350000000000080e+02	1.612239999999999895e+02
0.000000000000000000e+00	2.548369999999999891e+02	2.350389999999999873e+02	2.156980000000000075e+02	1.978679999999999950e+02	1.829910000000000139e+02	1.698760000000000048e+02	1.602630000000000052e+02	1.520689999999999884e+02	1.458660000000000139e+02	1.403729999999999905e+02	1.380840000000000032e+02	1.344449999999999932e+02	1.315840000000000032e+02	1.288600000000000136e+02	1.265939999999999941e+02	1.246490000000000009e+02	1.235960000000000036e+02	1.218799999999999955e+02	1.200480000000000018e+02	1.180120000000000005e+02	1.150589999999999975e+02	1.114659999999999940e+02	1.082840000000000060e+02	1.053080000000000069e+02	1.026989999999999981e+02	1.004560000000000031e+02	9.839600000000000080e+01	9.672499999999999432e+01	9.514600000000000080e+01	9.372700000000000387e+01	9.262800000000000011e+01	9.109499999999999886e+01	9.038500000000000512e+01	8.937800000000000011e+01	8.940099999999999625e+01	8.898900000000000432e+01	8.857699999999999818e+01	8.798199999999999932e+01	8.763899999999999579e+01	8.740999999999999659e+01	8.688400000000000034e+01	8.637999999999999545e+01	8.608199999999999363e+01	8.592199999999999704e+01	8.608199999999999363e+01	8.599099999999999966e+01	8.587600000000000477e+01	8.564799999999999613e+01	8.546399999999999864e+01	8.562500000000000000e+01	8.562500000000000000e+01	8.573900000000000432e+01	8.585399999999999920e+01	8.569299999999999784e+01	8.576200000000000045e+01	8.608199999999999363e+01	8.589900000000000091e+01	8.603700000000000614e+01	8.608199999999999363e+01	8.578499999999999659e+01	8.642600000000000193e+01	8.637999999999999545e+01	8.628799999999999670e+01	8.667799999999999727e+01	8.656300000000000239e+01	8.651699999999999591e+01	8.656300000000000239e+01	8.637999999999999545e+01	8.642600000000000193e+01	8.663200000000000500e+01	8.686100000000000421e+01	8.711199999999999477e+01	8.715800000000000125e+01	8.720399999999999352e+01	8.450300000000000011e+01	8.736400000000000432e+01	8.992799999999999727e+01	8.809699999999999420e+01	8.825700000000000500e+01	8.846299999999999386e+01	8.864600000000000080e+01	8.953900000000000148e+01	8.962999999999999545e+01	9.052299999999999613e+01	9.075199999999999534e+01	9.120900000000000318e+01	9.114100000000000534e+01	9.269700000000000273e+01	9.285699999999999932e+01	9.301800000000000068e+01	9.336100000000000421e+01	9.356699999999999307e+01	9.372700000000000387e+01	9.390999999999999659e+01	9.436799999999999500e+01	9.464300000000000068e+01	9.482599999999999341e+01	9.509999999999999432e+01	9.553499999999999659e+01	9.599299999999999500e+01	9.665699999999999648e+01	9.665699999999999648e+01	9.674800000000000466e+01	9.837300000000000466e+01	9.816700000000000159e+01	9.821299999999999386e+01	9.841899999999999693e+01	9.855700000000000216e+01	9.869400000000000261e+01	9.917400000000000659e+01	9.935800000000000409e+01	9.993000000000000682e+01	1.000439999999999969e+02	1.002729999999999961e+02	1.004789999999999992e+02	1.007079999999999984e+02	1.011200000000000045e+02	1.013719999999999999e+02	1.017840000000000060e+02	1.020360000000000014e+02	1.025849999999999937e+02	1.029050000000000011e+02	1.034779999999999944e+02	1.038670000000000044e+02	1.041640000000000015e+02	1.048739999999999952e+02	1.056520000000000010e+02	1.060180000000000007e+02	1.062240000000000038e+02	1.066590000000000060e+02	1.072770000000000010e+02	1.076200000000000045e+02	1.078949999999999960e+02	1.082150000000000034e+02	1.086269999999999953e+02	1.089249999999999972e+02	1.092680000000000007e+02	1.095889999999999986e+02	1.099779999999999944e+02	1.104360000000000070e+02	1.107099999999999937e+02	1.110310000000000059e+02	1.114429999999999978e+02	1.117169999999999987e+02	1.121290000000000049e+02	1.125870000000000033e+02	1.129759999999999991e+02	1.135250000000000057e+02	1.138460000000000036e+02	1.143040000000000020e+02	1.146239999999999952e+02	1.150360000000000014e+02	1.155400000000000063e+02	1.160199999999999960e+02	1.164090000000000060e+02	1.168900000000000006e+02	1.173250000000000028e+02	1.177830000000000013e+02	1.182399999999999949e+02	1.186979999999999933e+02	1.192469999999999999e+02	1.197510000000000048e+02	1.203689999999999998e+02	1.209180000000000064e+02	1.215360000000000014e+02	1.222690000000000055e+02	1.230010000000000048e+02	1.236189999999999998e+02	1.243289999999999935e+02	1.250379999999999967e+02	1.259080000000000013e+02	1.266400000000000006e+02	1.272579999999999956e+02	1.279680000000000035e+02	1.285860000000000127e+02	1.291349999999999909e+02	1.295929999999999893e+02	1.301189999999999998e+02	1.305310000000000059e+02	1.309660000000000082e+02	1.314240000000000066e+02	1.317669999999999959e+02	1.321109999999999900e+02	1.325680000000000121e+02	1.329799999999999898e+02	1.332549999999999955e+02	1.336210000000000093e+02	1.340560000000000116e+02	1.343990000000000009e+02
0.000000000000000000e+00	6.351470000000000482e+02	5.250549999999999500e+02	4.370040000000000191e+02	3.725740000000000123e+02	3.228840000000000146e+02	2.753220000000000027e+02	2.495269999999999868e+02	2.312849999999999966e+02	2.181930000000000121e+02	2.086030000000000086e+02	2.006610000000000014e+02	1.948240000000000123e+02	1.897199999999999989e+02	1.848449999999999989e+02	1.805420000000000016e+02	1.765589999999999975e+02	1.733549999999999898e+02	1.696469999999999914e+02	1.653209999999999980e+02	1.603549999999999898e+02	1.556169999999999902e+02	1.521380000000000052e+02	1.490709999999999980e+02	1.467359999999999900e+02	1.447680000000000007e+02	1.450649999999999977e+02	1.438979999999999961e+02	1.425929999999999893e+02	1.418379999999999939e+02	1.415629999999999882e+02	1.413120000000000118e+02	1.411289999999999907e+02	1.412199999999999989e+02	1.414720000000000084e+02	1.420900000000000034e+02	1.424790000000000134e+02	1.427539999999999907e+02	1.437609999999999957e+02	1.444699999999999989e+02	1.451339999999999861e+02	1.459350000000000023e+02	1.465989999999999895e+02	1.471250000000000000e+02	1.480180000000000007e+02	1.487050000000000125e+02	1.493449999999999989e+02	1.501459999999999866e+02	1.509699999999999989e+02	1.518170000000000073e+02	1.526179999999999950e+02	1.535800000000000125e+02	1.543120000000000118e+02	1.553880000000000052e+02	1.564410000000000025e+02	1.572649999999999864e+02	1.582259999999999991e+02	1.589579999999999984e+02	1.607439999999999998e+02	1.616359999999999957e+02	1.625289999999999964e+02	1.635130000000000052e+02	1.645430000000000064e+02	1.656879999999999882e+02	1.667630000000000052e+02	1.688919999999999959e+02	1.696930000000000121e+02	1.708830000000000098e+02	1.719590000000000032e+02	1.730120000000000005e+02	1.741560000000000059e+02	1.751860000000000070e+02	1.764449999999999932e+02	1.774979999999999905e+02	1.786879999999999882e+02	1.797640000000000100e+02	1.813660000000000139e+02	1.824650000000000034e+02	1.838149999999999977e+02	1.850740000000000123e+02	1.863100000000000023e+02	1.877290000000000134e+02	1.888499999999999943e+02	1.900860000000000127e+02	1.910929999999999893e+02	1.927189999999999941e+02	1.934970000000000141e+02	1.941380000000000052e+02	1.949389999999999930e+02	1.954190000000000111e+02	1.958309999999999889e+02	1.962659999999999911e+02	1.965869999999999891e+02	1.966550000000000011e+02	1.974329999999999927e+02	1.985780000000000030e+02	1.990130000000000052e+02	1.991270000000000095e+02	1.998139999999999930e+02	2.003170000000000073e+02	2.006610000000000014e+02	2.012560000000000002e+02	2.014619999999999891e+02	2.018050000000000068e+02	2.022860000000000014e+02	2.026750000000000114e+02	2.028580000000000041e+02	2.034759999999999991e+02	2.037280000000000086e+02	2.043909999999999911e+02	2.050089999999999861e+02	2.048950000000000102e+02	2.052379999999999995e+02	2.057189999999999941e+02	2.060169999999999959e+02	2.066119999999999948e+02	2.071150000000000091e+02	2.073439999999999941e+02	2.076189999999999998e+02	2.078480000000000132e+02	2.079159999999999968e+02	2.083050000000000068e+02	2.085109999999999957e+02	2.088319999999999936e+02	2.091289999999999907e+02	2.094960000000000093e+02	2.098160000000000025e+02	2.100449999999999875e+02	2.104339999999999975e+02	2.107090000000000032e+02	2.109600000000000080e+02	2.113269999999999982e+02	2.119449999999999932e+02	2.120819999999999936e+02	2.127690000000000055e+02	2.132030000000000030e+02	2.137069999999999936e+02	2.142110000000000127e+02	2.148969999999999914e+02	2.152860000000000014e+02	2.159730000000000132e+02	2.164540000000000077e+02	2.193600000000000136e+02	2.195889999999999986e+02	2.200010000000000048e+02	2.201610000000000014e+02	2.206419999999999959e+02	2.209629999999999939e+02	2.213750000000000000e+02	2.221529999999999916e+02	2.226330000000000098e+02	2.227709999999999866e+02	2.232969999999999970e+02	2.236399999999999864e+02	2.238460000000000036e+02	2.243040000000000020e+02	2.246020000000000039e+02	2.247390000000000043e+02	2.251279999999999859e+02	2.256320000000000050e+02	2.257690000000000055e+02	2.260209999999999866e+02	2.262270000000000039e+02	2.262729999999999961e+02	2.267529999999999859e+02	2.267990000000000066e+02	2.271419999999999959e+02	2.273480000000000132e+02	2.279660000000000082e+02	2.277829999999999870e+02	2.281949999999999932e+02	2.283549999999999898e+02	2.283100000000000023e+02	2.286069999999999993e+02	2.287669999999999959e+02	2.303240000000000123e+02	2.303009999999999877e+02	2.302779999999999916e+02	2.305300000000000011e+02	2.309420000000000073e+02	2.315600000000000023e+02	2.317659999999999911e+02	2.320399999999999920e+02	2.326129999999999995e+02	2.326810000000000116e+02	2.337340000000000089e+02	2.338710000000000093e+02	2.339629999999999939e+02	2.342829999999999870e+02	2.344890000000000043e+02
0.000000000000000000e+00	4.661410000000000196e+02	4.293589999999999804e+02	3.943629999999999995e+02	3.625950000000000273e+02	3.384019999999999868e+02	3.098829999999999814e+02	2.898330000000000268e+02	2.741320000000000050e+02	2.634660000000000082e+02	2.540819999999999936e+02	2.496409999999999911e+02	2.415159999999999911e+02	2.392500000000000000e+02	2.343290000000000077e+02	2.303700000000000045e+02	2.273710000000000093e+02	2.245329999999999870e+02	2.219240000000000066e+02	2.194519999999999982e+02	2.174840000000000089e+02	2.157210000000000036e+02	2.141649999999999920e+02	2.126310000000000002e+02	2.111889999999999930e+02	2.096790000000000020e+02	2.081450000000000102e+02	2.069089999999999918e+02	2.052379999999999995e+02	2.054900000000000091e+02	2.022170000000000130e+02	2.007980000000000018e+02	1.996080000000000041e+02	1.985550000000000068e+02	1.978000000000000114e+02	1.970670000000000073e+02	1.967700000000000102e+02	1.962659999999999911e+02	1.959689999999999941e+02	1.959919999999999902e+02	1.967239999999999895e+02	1.965869999999999891e+02	1.966779999999999973e+02	1.969989999999999952e+02	1.974110000000000014e+02	1.978449999999999989e+02	1.977769999999999868e+02	1.967930000000000064e+02	1.962659999999999911e+02	1.956709999999999923e+02	1.952359999999999900e+02	1.953959999999999866e+02	1.953959999999999866e+02	1.953280000000000030e+02	1.954420000000000073e+02	1.955800000000000125e+02	1.960370000000000061e+02	1.961750000000000114e+02	1.960140000000000100e+02	1.960829999999999984e+02	1.962429999999999950e+02	1.963810000000000002e+02	1.969530000000000030e+02	1.975480000000000018e+02	1.982350000000000136e+02	1.990589999999999975e+02	2.000200000000000102e+02	2.009809999999999945e+02	2.018969999999999914e+02	2.030869999999999891e+02	2.043230000000000075e+02	2.055589999999999975e+02	2.068859999999999957e+02	2.082820000000000107e+02	2.097019999999999982e+02	2.112350000000000136e+02	2.126999999999999886e+02	2.141419999999999959e+02	2.155840000000000032e+02	2.169339999999999975e+02	2.184910000000000139e+02	2.197719999999999914e+02	2.211229999999999905e+02	2.221069999999999993e+02	2.228389999999999986e+02	2.233429999999999893e+02	2.240070000000000050e+02	2.246250000000000000e+02	2.250370000000000061e+02	2.253110000000000070e+02	2.257920000000000016e+02	2.260440000000000111e+02	2.262270000000000039e+02	2.266850000000000023e+02	2.270279999999999916e+02	2.273249999999999886e+02	2.275769999999999982e+02	2.277829999999999870e+02	2.281040000000000134e+02	2.283100000000000023e+02	2.285159999999999911e+02	2.286759999999999877e+02	2.289730000000000132e+02	2.290649999999999977e+02	2.291790000000000020e+02	2.294079999999999870e+02	2.295229999999999961e+02	2.297290000000000134e+02	2.300029999999999859e+02	2.301409999999999911e+02	2.303009999999999877e+02	2.304840000000000089e+02	2.306899999999999977e+02	2.308499999999999943e+02	2.310790000000000077e+02	2.311709999999999923e+02	2.312620000000000005e+02	2.314000000000000057e+02	2.315600000000000023e+02	2.316059999999999945e+02	2.318120000000000118e+02	2.318569999999999993e+02	2.320180000000000007e+02	2.321550000000000011e+02	2.323379999999999939e+02	2.323839999999999861e+02	2.324979999999999905e+02	2.326579999999999870e+02	2.327500000000000000e+02	2.329099999999999966e+02	2.330020000000000095e+02	2.331390000000000100e+02	2.332529999999999859e+02	2.333220000000000027e+02	2.334139999999999873e+02	2.334819999999999993e+02	2.335509999999999877e+02	2.336879999999999882e+02	2.339170000000000016e+02	2.337800000000000011e+02	2.338710000000000093e+02	2.340769999999999982e+02	2.340550000000000068e+02	2.339859999999999900e+02	2.341229999999999905e+02	2.341459999999999866e+02	2.341459999999999866e+02	2.342609999999999957e+02	2.342609999999999957e+02	2.343060000000000116e+02	2.343520000000000039e+02	2.343520000000000039e+02	2.343979999999999961e+02	2.345120000000000005e+02	2.343520000000000039e+02	2.343520000000000039e+02	2.343750000000000000e+02	2.344670000000000130e+02	2.343750000000000000e+02	2.344209999999999923e+02	2.344670000000000130e+02	2.344670000000000130e+02	2.346040000000000134e+02	2.345579999999999927e+02	2.346500000000000057e+02	2.346270000000000095e+02	2.345579999999999927e+02	2.345809999999999889e+02	2.345809999999999889e+02	2.345579999999999927e+02	2.345809999999999889e+02	2.344890000000000043e+02	2.344670000000000130e+02	2.344890000000000043e+02	2.345349999999999966e+02	2.345349999999999966e+02	2.344439999999999884e+02	2.344890000000000043e+02	2.344209999999999923e+02	2.343290000000000077e+02	2.343750000000000000e+02	2.343750000000000000e+02	2.343290000000000077e+02	2.340999999999999943e+02	2.341459999999999866e+02	2.341229999999999905e+02	2.340769999999999982e+02	2.341690000000000111e+02	2.341229999999999905e+02	2.340769999999999982e+02
1.000000000000000000e+00	4.385149999999999864e+02	3.816829999999999927e+02	3.338009999999999877e+02	2.967909999999999968e+02	2.679060000000000059e+02	2.411270000000000095e+02	2.220610000000000070e+02	2.063139999999999930e+02	1.940229999999999961e+02	1.854170000000000016e+02	1.785049999999999955e+02	1.733779999999999859e+02	1.690289999999999964e+02	1.647949999999999875e+02	1.612700000000000102e+02	1.581800000000000068e+02	1.558000000000000114e+02	1.535109999999999957e+02	1.515879999999999939e+02	1.498950000000000102e+02	1.485209999999999866e+02	1.474919999999999902e+02	1.468050000000000068e+02	1.463240000000000123e+02	1.455920000000000130e+02	1.450649999999999977e+02	1.447220000000000084e+02	1.380840000000000032e+02	1.285629999999999882e+02	1.217879999999999967e+02	1.171189999999999998e+02	1.140750000000000028e+02	1.119689999999999941e+02	1.105270000000000010e+02	1.098179999999999978e+02	1.083529999999999944e+02	1.077120000000000033e+02	1.073910000000000053e+02	1.073910000000000053e+02	1.071400000000000006e+02	1.072999999999999972e+02	1.076889999999999930e+02	1.082609999999999957e+02	1.086269999999999953e+02	1.079180000000000064e+02	1.081919999999999931e+02	1.085819999999999936e+02	1.091770000000000067e+02	1.091539999999999964e+02	1.092680000000000007e+02	1.089020000000000010e+02	1.084669999999999987e+02	1.089939999999999998e+02	1.101610000000000014e+02	1.113050000000000068e+02	1.111910000000000025e+02	1.113280000000000030e+02	1.121059999999999945e+02	1.124500000000000028e+02	1.122210000000000036e+02	1.116029999999999944e+02	1.121749999999999972e+02	1.120150000000000006e+02	1.119689999999999941e+02	1.123810000000000002e+02	1.123119999999999976e+02	1.130900000000000034e+02	1.130679999999999978e+02	1.136400000000000006e+02	1.137770000000000010e+02	1.142810000000000059e+02	1.148070000000000022e+02	1.146009999999999991e+02	1.147840000000000060e+02	1.145550000000000068e+02	1.146009999999999991e+02	1.150589999999999975e+02	1.156080000000000041e+02	1.157459999999999951e+02	1.162030000000000030e+02	1.180799999999999983e+02	1.187439999999999998e+02	1.185610000000000070e+02	1.188130000000000024e+02	1.191099999999999994e+02	1.194300000000000068e+02	1.193850000000000051e+02	1.200709999999999980e+02	1.209410000000000025e+02	1.209639999999999986e+02	1.211700000000000017e+02	1.218799999999999955e+02	1.224060000000000059e+02	1.225199999999999960e+02	1.223829999999999956e+02	1.227259999999999991e+02	1.229320000000000022e+02	1.221770000000000067e+02	1.217420000000000044e+02	1.210330000000000013e+02	1.209639999999999986e+02	1.208040000000000020e+02	1.221539999999999964e+02	1.221539999999999964e+02	1.223139999999999930e+02	1.225660000000000025e+02	1.224060000000000059e+02	1.222229999999999990e+02	1.223370000000000033e+02	1.222459999999999951e+02	1.235960000000000036e+02	1.235960000000000036e+02	1.239620000000000033e+02	1.246490000000000009e+02	1.250150000000000006e+02	1.255420000000000016e+02	1.257019999999999982e+02	1.258389999999999986e+02	1.264339999999999975e+02	1.268229999999999933e+02	1.272810000000000059e+02	1.280360000000000014e+02	1.281970000000000027e+02	1.286090000000000089e+02	1.294099999999999966e+02	1.301649999999999920e+02	1.312179999999999893e+02	1.322019999999999982e+02	1.333470000000000084e+02	1.349259999999999877e+02	1.371920000000000073e+02	1.392059999999999889e+02	1.411510000000000105e+02	1.438290000000000077e+02	1.467129999999999939e+02	1.495509999999999877e+02	1.529389999999999930e+02	1.567379999999999995e+02	1.602860000000000014e+02	1.642230000000000132e+02	1.704939999999999998e+02	1.745680000000000121e+02	1.808170000000000073e+02	1.867680000000000007e+02	1.928100000000000023e+02	1.971819999999999879e+02	2.016680000000000064e+02	2.061999999999999886e+02	2.108230000000000075e+02	2.159039999999999964e+02	2.204590000000000032e+02	2.254029999999999916e+02	2.302779999999999916e+02	2.345349999999999966e+02	2.389759999999999991e+02	2.431639999999999873e+02	2.467580000000000098e+02	2.506479999999999961e+02	2.545169999999999959e+02	2.576979999999999791e+02	2.609479999999999791e+02	2.639239999999999782e+02	2.681580000000000155e+02	2.712939999999999827e+02	2.736739999999999782e+02	2.763519999999999754e+02	2.788469999999999800e+02	2.810210000000000150e+02	2.895579999999999927e+02	2.940670000000000073e+02	2.955319999999999823e+02	2.971569999999999823e+02	2.988279999999999745e+02	2.999950000000000045e+02	3.012080000000000268e+02	3.022610000000000241e+02	3.031080000000000041e+02	3.040699999999999932e+02	3.055120000000000005e+02	3.064499999999999886e+02	3.074569999999999936e+02	3.084180000000000064e+02	3.091050000000000182e+02	3.100889999999999986e+02	3.109820000000000277e+02	3.118740000000000236e+02	3.125609999999999786e+02	3.132939999999999827e+02	3.149870000000000232e+02
0.000000000000000000e+00	1.732600000000000051e+01	1.780699999999999861e+01	1.680000000000000071e+01	1.668499999999999872e+01	1.787600000000000122e+01	1.583900000000000041e+01	1.343500000000000050e+01	1.416799999999999926e+01	1.332099999999999973e+01	1.524399999999999977e+01	1.851699999999999946e+01	1.728099999999999881e+01	1.789900000000000091e+01	1.396199999999999974e+01	1.272600000000000087e+01	1.359600000000000009e+01	1.645700000000000074e+01	1.757799999999999940e+01	1.698300000000000054e+01	1.872299999999999898e+01	1.270299999999999940e+01	1.304599999999999937e+01	1.313799999999999990e+01	1.588400000000000034e+01	1.611299999999999955e+01	1.590700000000000003e+01	1.316099999999999959e+01	1.286299999999999955e+01	1.405300000000000082e+01	1.767000000000000171e+01	1.737199999999999989e+01	1.998100000000000165e+01	1.984400000000000119e+01	1.970700000000000074e+01	1.917999999999999972e+01	1.835600000000000165e+01	1.588400000000000034e+01	1.355000000000000071e+01	1.563299999999999912e+01	1.469400000000000084e+01	2.092000000000000171e+01	2.089699999999999847e+01	2.188100000000000023e+01	1.915700000000000003e+01	1.197100000000000009e+01	1.192500000000000071e+01	1.162700000000000067e+01	1.336700000000000088e+01	1.451099999999999923e+01	1.455700000000000038e+01	1.334399999999999942e+01	1.279400000000000048e+01	1.322899999999999920e+01	1.542699999999999960e+01	1.682300000000000040e+01	1.419100000000000072e+01	1.961499999999999844e+01	2.249899999999999878e+01	2.162900000000000134e+01	1.771499999999999986e+01	2.286499999999999844e+01	1.343500000000000050e+01	1.165000000000000036e+01	1.293200000000000038e+01	1.302299999999999969e+01	1.311500000000000021e+01	1.215399999999999991e+01	1.366399999999999970e+01	1.238299999999999912e+01	2.325400000000000134e+01	1.654799999999999827e+01	2.318599999999999994e+01	1.453400000000000070e+01	1.739499999999999957e+01	2.190399999999999991e+01	2.062199999999999989e+01	1.812699999999999889e+01	1.627299999999999969e+01	1.780699999999999861e+01	1.478599999999999959e+01	1.538100000000000023e+01	1.684600000000000009e+01	1.451099999999999923e+01	1.206199999999999939e+01	1.229100000000000037e+01	1.233699999999999974e+01	1.256600000000000072e+01	1.254299999999999926e+01	1.185599999999999987e+01	1.476299999999999990e+01	2.194999999999999929e+01	2.318599999999999994e+01	2.176699999999999946e+01	1.061999999999999922e+01	1.698300000000000054e+01	2.046199999999999974e+01	2.126300000000000168e+01	2.085099999999999909e+01	1.631899999999999906e+01	2.220200000000000173e+01	2.236199999999999832e+01	2.215599999999999881e+01	1.261100000000000065e+01	1.414499999999999957e+01	1.526600000000000001e+01	1.366399999999999970e+01	1.718900000000000006e+01	1.030000000000000071e+01	1.094100000000000072e+01	2.059900000000000020e+01	1.091799999999999926e+01	1.251999999999999957e+01	1.123799999999999955e+01	1.098600000000000065e+01	2.261400000000000077e+01	1.160399999999999920e+01	1.155899999999999928e+01	1.098600000000000065e+01	1.409900000000000020e+01	2.279700000000000060e+01	1.773799999999999955e+01	2.355199999999999960e+01	2.016400000000000148e+01	2.105699999999999861e+01	2.096600000000000108e+01	1.487700000000000067e+01	1.194800000000000040e+01	1.306900000000000084e+01	1.068900000000000006e+01	1.174200000000000088e+01	1.176500000000000057e+01	1.888299999999999912e+01	2.176699999999999946e+01	1.082600000000000051e+01	2.282000000000000028e+01	2.307100000000000151e+01	1.119200000000000017e+01	1.767000000000000171e+01	1.860800000000000054e+01	1.794399999999999906e+01	1.654799999999999827e+01	1.393900000000000006e+01	1.396199999999999974e+01	1.645700000000000074e+01	1.036800000000000033e+01	1.386999999999999922e+01	1.739499999999999957e+01	1.670799999999999841e+01	1.947800000000000153e+01	2.215599999999999881e+01	1.675400000000000134e+01	1.075699999999999967e+01	1.915700000000000003e+01	1.066600000000000037e+01	1.402999999999999936e+01	1.068900000000000006e+01	2.085099999999999909e+01	1.943199999999999861e+01	1.519800000000000040e+01	1.776099999999999923e+01	1.087199999999999989e+01	1.183300000000000018e+01	2.123999999999999844e+01	2.064499999999999957e+01	1.460299999999999976e+01	1.007099999999999973e+01	1.776099999999999923e+01	1.185599999999999987e+01	1.050600000000000023e+01	1.368699999999999939e+01	1.320599999999999952e+01	1.146700000000000053e+01	1.947800000000000153e+01	1.327500000000000036e+01	1.201600000000000001e+01	1.966100000000000136e+01	1.096299999999999919e+01	1.020800000000000018e+01	2.272800000000000153e+01	1.224499999999999922e+01	1.240499999999999936e+01	1.675400000000000134e+01	1.094100000000000072e+01	2.284199999999999875e+01	1.602199999999999847e+01	2.197299999999999898e+01	9.772999999999999687e+00	2.261400000000000077e+01	1.290900000000000070e+01
0.000000000000000000e+00	4.709700000000000273e+02	4.135889999999999986e+02	3.638310000000000173e+02	3.208469999999999800e+02	2.840190000000000055e+02	2.580869999999999891e+02	2.388839999999999861e+02	2.240519999999999925e+02	2.122649999999999864e+02	2.039110000000000014e+02	1.964259999999999877e+02	1.905209999999999866e+02	1.854170000000000016e+02	1.811829999999999927e+02	1.777270000000000039e+02	1.742940000000000111e+02	1.721189999999999998e+02	1.696699999999999875e+02	1.672669999999999959e+02	1.647949999999999875e+02	1.615680000000000121e+02	1.577680000000000007e+02	1.543350000000000080e+02	1.514739999999999895e+02	1.487729999999999961e+02	1.465070000000000050e+02	1.448139999999999930e+02	1.435320000000000107e+02	1.424790000000000134e+02	1.416090000000000089e+02	1.409910000000000139e+02	1.404190000000000111e+02	1.402820000000000107e+02	1.401440000000000055e+02	1.401440000000000055e+02	1.404190000000000111e+02	1.407170000000000130e+02	1.415860000000000127e+02	1.419979999999999905e+02	1.423650000000000091e+02	1.428220000000000027e+02	1.435320000000000107e+02	1.440809999999999889e+02	1.449739999999999895e+02	1.458660000000000139e+02	1.463009999999999877e+02	1.469420000000000073e+02	1.480639999999999930e+02	1.489790000000000134e+02	1.496889999999999930e+02	1.507870000000000061e+02	1.517259999999999991e+02	1.526870000000000118e+02	1.536939999999999884e+02	1.548160000000000025e+02	1.557539999999999907e+02	1.571500000000000057e+02	1.581570000000000107e+02	1.591639999999999873e+02	1.604689999999999941e+02	1.616129999999999995e+02	1.628269999999999982e+02	1.641999999999999886e+02	1.655500000000000114e+02	1.667179999999999893e+02	1.682050000000000125e+02	1.696009999999999991e+02	1.708600000000000136e+02	1.723940000000000055e+02	1.738360000000000127e+02	1.752090000000000032e+02	1.769029999999999916e+02	1.782299999999999898e+02	1.794199999999999875e+02	1.803820000000000050e+02	1.808619999999999948e+02	1.812520000000000095e+02	1.816860000000000070e+02	1.821210000000000093e+02	1.824650000000000034e+02	1.829449999999999932e+02	1.834029999999999916e+02	1.837009999999999934e+02	1.842959999999999923e+02	1.846620000000000061e+02	1.850049999999999955e+02	1.854170000000000016e+02	1.857150000000000034e+02	1.858750000000000000e+02	1.864470000000000027e+02	1.868820000000000050e+02	1.882779999999999916e+02	1.885759999999999934e+02	1.888729999999999905e+02	1.890109999999999957e+02	1.894000000000000057e+02	1.896510000000000105e+02	1.898799999999999955e+02	1.902009999999999934e+02	1.904300000000000068e+02	1.906129999999999995e+02	1.909559999999999889e+02	1.912309999999999945e+02	1.914139999999999873e+02	1.918259999999999934e+02	1.939770000000000039e+02	1.937940000000000111e+02	1.939089999999999918e+02	1.940920000000000130e+02	1.940229999999999961e+02	1.941829999999999927e+02	1.943890000000000100e+02	1.942520000000000095e+02	1.943890000000000100e+02	1.948930000000000007e+02	1.948470000000000084e+02	1.951450000000000102e+02	1.951899999999999977e+02	1.956250000000000000e+02	1.966320000000000050e+02	1.966320000000000050e+02	1.965869999999999891e+02	1.967700000000000102e+02	1.967930000000000064e+02	1.968839999999999861e+02	1.970670000000000073e+02	1.971819999999999879e+02	1.971589999999999918e+02	1.973650000000000091e+02	1.974559999999999889e+02	1.977309999999999945e+02	1.978679999999999950e+02	1.982570000000000050e+02	1.984410000000000025e+02	1.985780000000000030e+02	1.992649999999999864e+02	1.992870000000000061e+02	1.994929999999999950e+02	1.995850000000000080e+02	1.996990000000000123e+02	1.999050000000000011e+02	2.001800000000000068e+02	2.002940000000000111e+02	2.006150000000000091e+02	2.010269999999999868e+02	2.010960000000000036e+02	2.013240000000000123e+02	2.014619999999999891e+02	2.016910000000000025e+02	2.019650000000000034e+02	2.021479999999999961e+02	2.023319999999999936e+02	2.025600000000000023e+02	2.026980000000000075e+02	2.031100000000000136e+02	2.033839999999999861e+02	2.034530000000000030e+02	2.033839999999999861e+02	2.035900000000000034e+02	2.037050000000000125e+02	2.036589999999999918e+02	2.038650000000000091e+02	2.041630000000000109e+02	2.041169999999999902e+02	2.043909999999999911e+02	2.045289999999999964e+02	2.045289999999999964e+02	2.048259999999999934e+02	2.049180000000000064e+02	2.049639999999999986e+02	2.052609999999999957e+02	2.052839999999999918e+02	2.053530000000000086e+02	2.058329999999999984e+02	2.058329999999999984e+02	2.058559999999999945e+02	2.061080000000000041e+02	2.061310000000000002e+02	2.062230000000000132e+02	2.065430000000000064e+02	2.065430000000000064e+02	2.065200000000000102e+02	2.067719999999999914e+02	2.067719999999999914e+02	2.068180000000000121e+02	2.069550000000000125e+02	2.071150000000000091e+02	2.085109999999999957e+02	2.085800000000000125e+02
0.000000000000000000e+00	4.991000000000000227e+02	4.386290000000000191e+02	3.884809999999999945e+02	3.435289999999999964e+02	3.131100000000000136e+02	2.845690000000000168e+02	2.622989999999999782e+02	2.442860000000000014e+02	2.286529999999999916e+02	2.170939999999999941e+02	2.079159999999999968e+02	2.002489999999999952e+02	1.932220000000000084e+02	1.877750000000000057e+02	1.835169999999999959e+02	1.796719999999999970e+02	1.762620000000000005e+02	1.731490000000000009e+02	1.699449999999999932e+02	1.674730000000000132e+02	1.653439999999999941e+02	1.636730000000000018e+02	1.625519999999999925e+02	1.615910000000000082e+02	1.604919999999999902e+02	1.597139999999999986e+02	1.592100000000000080e+02	1.585920000000000130e+02	1.583180000000000121e+02	1.580430000000000064e+02	1.576080000000000041e+02	1.576310000000000002e+02	1.574939999999999998e+02	1.577909999999999968e+02	1.580430000000000064e+02	1.579060000000000059e+02	1.577909999999999968e+02	1.580430000000000064e+02	1.593700000000000045e+02	1.595540000000000020e+02	1.598969999999999914e+02	1.595540000000000020e+02	1.644290000000000020e+02	1.647030000000000030e+02	1.649319999999999879e+02	1.652069999999999936e+02	1.655960000000000036e+02	1.677019999999999982e+02	1.678160000000000025e+02	1.685709999999999980e+02	1.691440000000000055e+02	1.699679999999999893e+02	1.711810000000000116e+02	1.711119999999999948e+02	1.715929999999999893e+02	1.729430000000000121e+02	1.737669999999999959e+02	1.731719999999999970e+02	1.735149999999999864e+02	1.738820000000000050e+02	1.756670000000000016e+02	1.757350000000000136e+02	1.771769999999999925e+02	1.783449999999999989e+02	1.785960000000000036e+02	1.788249999999999886e+02	1.787340000000000089e+02	1.785509999999999877e+02	1.788249999999999886e+02	1.789399999999999977e+02	1.799010000000000105e+02	1.800840000000000032e+02	1.803820000000000050e+02	1.807479999999999905e+02	1.813199999999999932e+02	1.777270000000000039e+02	1.781160000000000139e+02	1.804279999999999973e+02	1.807479999999999905e+02	1.809540000000000077e+02	1.812740000000000009e+02	1.815720000000000027e+02	1.820070000000000050e+02	1.823729999999999905e+02	1.825790000000000077e+02	1.828770000000000095e+02	1.832429999999999950e+02	1.835399999999999920e+02	1.838609999999999900e+02	1.842959999999999923e+02	1.848679999999999950e+02	1.849819999999999993e+02	1.852340000000000089e+02	1.853710000000000093e+02	1.855550000000000068e+02	1.857379999999999995e+02	1.857599999999999909e+02	1.860120000000000005e+02	1.861270000000000095e+02	1.863559999999999945e+02	1.865840000000000032e+02	1.867680000000000007e+02	1.872709999999999866e+02	1.872709999999999866e+02	1.875920000000000130e+02	1.882319999999999993e+02	1.884610000000000127e+02	1.886670000000000016e+02	1.888729999999999905e+02	1.889879999999999995e+02	1.891250000000000000e+02	1.893079999999999927e+02	1.894910000000000139e+02	1.897429999999999950e+02	1.898569999999999993e+02	1.900409999999999968e+02	1.902470000000000141e+02	1.903839999999999861e+02	1.905209999999999866e+02	1.906810000000000116e+02	1.906359999999999957e+02	1.907270000000000039e+02	1.909559999999999889e+02	1.911160000000000139e+02	1.911850000000000023e+02	1.912990000000000066e+02	1.913679999999999950e+02	1.914600000000000080e+02	1.914830000000000041e+02	1.915049999999999955e+02	1.915509999999999877e+02	1.916659999999999968e+02	1.917800000000000011e+02	1.918489999999999895e+02	1.919859999999999900e+02	1.920089999999999861e+02	1.922150000000000034e+02	1.922839999999999918e+02	1.923520000000000039e+02	1.924439999999999884e+02	1.925579999999999927e+02	1.925349999999999966e+02	1.925349999999999966e+02	1.925579999999999927e+02	1.926500000000000057e+02	1.928100000000000023e+02	1.928329999999999984e+02	1.929019999999999868e+02	1.929699999999999989e+02	1.931299999999999955e+02	1.931529999999999916e+02	1.931759999999999877e+02	1.932450000000000045e+02	1.934279999999999973e+02	1.933820000000000050e+02	1.933360000000000127e+02	1.932909999999999968e+02	1.932450000000000045e+02	1.932909999999999968e+02	1.933360000000000127e+02	1.933139999999999930e+02	1.932450000000000045e+02	1.932450000000000045e+02	1.934050000000000011e+02	1.933139999999999930e+02	1.933139999999999930e+02	1.932909999999999968e+02	1.932909999999999968e+02	1.932220000000000084e+02	1.932680000000000007e+02	1.932909999999999968e+02	1.932680000000000007e+02	1.933590000000000089e+02	1.935200000000000102e+02	1.934739999999999895e+02	1.933820000000000050e+02	1.936570000000000107e+02	1.936800000000000068e+02	1.936109999999999900e+02	1.935879999999999939e+02	1.936109999999999900e+02	1.935420000000000016e+02	1.935420000000000016e+02	1.934509999999999934e+02	1.935649999999999977e+02	1.935649999999999977e+02	1.935420000000000016e+02	1.934739999999999895e+02	1.935879999999999939e+02
0.000000000000000000e+00	5.113450000000000273e+02	4.488829999999999814e+02	3.933559999999999945e+02	3.433690000000000282e+02	2.963790000000000191e+02	2.585910000000000082e+02	2.299120000000000061e+02	2.096330000000000098e+02	1.929699999999999989e+02	1.812520000000000095e+02	1.701049999999999898e+02	1.604230000000000018e+02	1.533280000000000030e+02	1.465759999999999934e+02	1.422959999999999923e+02	1.373750000000000000e+02	1.334610000000000127e+02	1.306920000000000073e+02	1.285860000000000127e+02	1.274410000000000025e+02	1.259539999999999935e+02	1.242139999999999986e+02	1.226809999999999974e+02	1.212159999999999940e+02	1.197279999999999944e+02	1.180570000000000022e+02	1.164779999999999944e+02	1.149669999999999987e+02	1.144639999999999986e+02	1.131129999999999995e+02	1.118319999999999936e+02	1.108250000000000028e+02	1.103670000000000044e+02	1.095199999999999960e+02	1.086039999999999992e+02	1.083070000000000022e+02	1.080090000000000003e+02	1.076659999999999968e+02	1.079410000000000025e+02	1.075289999999999964e+02	1.075520000000000067e+02	1.074369999999999976e+02	1.074830000000000041e+02	1.074830000000000041e+02	1.076889999999999930e+02	1.079180000000000064e+02	1.081009999999999991e+02	1.084210000000000065e+02	1.087650000000000006e+02	1.091080000000000041e+02	1.092450000000000045e+02	1.092450000000000045e+02	1.095660000000000025e+02	1.098629999999999995e+02	1.102750000000000057e+02	1.106189999999999998e+02	1.109389999999999930e+02	1.112139999999999986e+02	1.116029999999999944e+02	1.119920000000000044e+02	1.124729999999999990e+02	1.127699999999999960e+02	1.129300000000000068e+02	1.132049999999999983e+02	1.136170000000000044e+02	1.143490000000000038e+02	1.147159999999999940e+02	1.148990000000000009e+02	1.152650000000000006e+02	1.154479999999999933e+02	1.157000000000000028e+02	1.162720000000000056e+02	1.164320000000000022e+02	1.167069999999999936e+02	1.172560000000000002e+02	1.179659999999999940e+02	1.181719999999999970e+02	1.188349999999999937e+02	1.190190000000000055e+02	1.193389999999999986e+02	1.194530000000000030e+02	1.196820000000000022e+02	1.200259999999999962e+02	1.204150000000000063e+02	1.208040000000000020e+02	1.209869999999999948e+02	1.213990000000000009e+02	1.218340000000000032e+02	1.222000000000000028e+02	1.226580000000000013e+02	1.230930000000000035e+02	1.234819999999999993e+02	1.239620000000000033e+02	1.244659999999999940e+02	1.248089999999999975e+02	1.255420000000000016e+02	1.260679999999999978e+02	1.265949999999999989e+02	1.270979999999999990e+02	1.278310000000000031e+02	1.282880000000000109e+02	1.287690000000000055e+02	1.292500000000000000e+02	1.299590000000000032e+02	1.303249999999999886e+02	1.304629999999999939e+02	1.305999999999999943e+02	1.306459999999999866e+02	1.308750000000000000e+02	1.309660000000000082e+02	1.310120000000000005e+02	1.312410000000000139e+02	1.313100000000000023e+02	1.311260000000000048e+02	1.311490000000000009e+02	1.312640000000000100e+02	1.312640000000000100e+02	1.312870000000000061e+02	1.313779999999999859e+02	1.315159999999999911e+02	1.314929999999999950e+02	1.314929999999999950e+02	1.314929999999999950e+02	1.314470000000000027e+02	1.315159999999999911e+02	1.313549999999999898e+02	1.313549999999999898e+02	1.314240000000000066e+02	1.316529999999999916e+02	1.317899999999999920e+02	1.317669999999999959e+02	1.317899999999999920e+02	1.317439999999999998e+02	1.317439999999999998e+02	1.317439999999999998e+02	1.317210000000000036e+02	1.316990000000000123e+02	1.316299999999999955e+02	1.316529999999999916e+02	1.316299999999999955e+02	1.315380000000000109e+02	1.316990000000000123e+02	1.317439999999999998e+02	1.316069999999999993e+02	1.316990000000000123e+02	1.316299999999999955e+02	1.331630000000000109e+02	1.330029999999999859e+02	1.328199999999999932e+02	1.325680000000000121e+02	1.326370000000000005e+02	1.326599999999999966e+02	1.327290000000000134e+02	1.327059999999999889e+02	1.330260000000000105e+02	1.330490000000000066e+02	1.330029999999999859e+02	1.329799999999999898e+02	1.328660000000000139e+02	1.329799999999999898e+02	1.330260000000000105e+02	1.327969999999999970e+02	1.330720000000000027e+02	1.329569999999999936e+02	1.328199999999999932e+02	1.328429999999999893e+02	1.328199999999999932e+02	1.327969999999999970e+02	1.327510000000000048e+02	1.328199999999999932e+02	1.328660000000000139e+02	1.334840000000000089e+02	1.345829999999999984e+02	1.345140000000000100e+02	1.345600000000000023e+02	1.345370000000000061e+02	1.345600000000000023e+02	1.345370000000000061e+02	1.346510000000000105e+02	1.345829999999999984e+02	1.347199999999999989e+02	1.348569999999999993e+02	1.348340000000000032e+02	1.347199999999999989e+02	1.349259999999999877e+02	1.349490000000000123e+02	1.349950000000000045e+02	1.349950000000000045e+02	1.349720000000000084e+02
1.000000000000000000e+00	1.925349999999999966e+02	1.752549999999999955e+02	1.598739999999999952e+02	1.455000000000000000e+02	1.332090000000000032e+02	1.224980000000000047e+02	1.129759999999999991e+02	1.045990000000000038e+02	9.766400000000000148e+01	9.240000000000000568e+01	8.818800000000000239e+01	8.496099999999999852e+01	8.205400000000000205e+01	7.974200000000000443e+01	7.749899999999999523e+01	7.477599999999999625e+01	7.182299999999999329e+01	6.896200000000000330e+01	6.644400000000000261e+01	6.436199999999999477e+01	6.232500000000000284e+01	6.051599999999999824e+01	5.921200000000000330e+01	5.799900000000000233e+01	5.699199999999999733e+01	5.603000000000000114e+01	5.525200000000000244e+01	5.465699999999999648e+01	5.399300000000000210e+01	5.358100000000000307e+01	5.330700000000000216e+01	5.287199999999999989e+01	5.227700000000000102e+01	5.211599999999999966e+01	5.197899999999999920e+01	5.200200000000000244e+01	5.154399999999999693e+01	5.140699999999999648e+01	5.140699999999999648e+01	5.138400000000000034e+01	5.129200000000000159e+01	5.131499999999999773e+01	5.108599999999999852e+01	5.104099999999999682e+01	5.117799999999999727e+01	5.094899999999999807e+01	5.127000000000000313e+01	5.163600000000000279e+01	5.131499999999999773e+01	5.115500000000000114e+01	5.115500000000000114e+01	5.145300000000000296e+01	5.154399999999999693e+01	5.147599999999999909e+01	5.131499999999999773e+01	5.149799999999999756e+01	5.190999999999999659e+01	5.170400000000000063e+01	5.197899999999999920e+01	5.220799999999999841e+01	5.220799999999999841e+01	5.264300000000000068e+01	5.296300000000000097e+01	5.275699999999999790e+01	5.293999999999999773e+01	5.289500000000000313e+01	5.307800000000000296e+01	5.298599999999999710e+01	5.275699999999999790e+01	5.284899999999999665e+01	5.291700000000000159e+01	5.300900000000000034e+01	5.323799999999999955e+01	5.344400000000000261e+01	5.358100000000000307e+01	5.353499999999999659e+01	5.392499999999999716e+01	5.401599999999999824e+01	5.394700000000000273e+01	5.424499999999999744e+01	5.467999999999999972e+01	5.470300000000000296e+01	5.559499999999999886e+01	5.683100000000000307e+01	5.726599999999999824e+01	5.857099999999999795e+01	5.843399999999999750e+01	5.825000000000000000e+01	5.889099999999999824e+01	5.891400000000000148e+01	5.925800000000000267e+01	5.941799999999999926e+01	5.969200000000000017e+01	5.987500000000000000e+01	6.019599999999999795e+01	6.051599999999999824e+01	6.102000000000000313e+01	6.150099999999999767e+01	6.232500000000000284e+01	6.301100000000000279e+01	6.385799999999999699e+01	6.541400000000000148e+01	6.662800000000000011e+01	6.816100000000000136e+01	7.056399999999999295e+01	7.374599999999999511e+01	7.862099999999999511e+01	8.253499999999999659e+01	8.457200000000000273e+01	8.709000000000000341e+01	8.979000000000000625e+01	9.343000000000000682e+01	9.560399999999999920e+01	9.805299999999999727e+01	1.003190000000000026e+02	1.028589999999999947e+02	1.048739999999999952e+02	1.073679999999999950e+02	1.090849999999999937e+02	1.103670000000000044e+02	1.118769999999999953e+02	1.143259999999999934e+02	1.154249999999999972e+02	1.170270000000000010e+02	1.177139999999999986e+02	1.186290000000000049e+02	1.193619999999999948e+02	1.203229999999999933e+02	1.216740000000000066e+02	1.221539999999999964e+02	1.249689999999999941e+02	1.248319999999999936e+02	1.257710000000000008e+02	1.258389999999999986e+02	1.264800000000000040e+02	1.268229999999999933e+02	1.286999999999999886e+02	1.294329999999999927e+02	1.294099999999999966e+02	1.299819999999999993e+02	1.303019999999999925e+02	1.308750000000000000e+02	1.316069999999999993e+02	1.326599999999999966e+02	1.331630000000000109e+02	1.330029999999999859e+02	1.331179999999999950e+02	1.333689999999999998e+02	1.338499999999999943e+02	1.339420000000000073e+02	1.337810000000000059e+02	1.340329999999999870e+02	1.342849999999999966e+02	1.345600000000000023e+02	1.344679999999999893e+02	1.338499999999999943e+02	1.344910000000000139e+02	1.360469999999999970e+02	1.383129999999999882e+02	1.384050000000000011e+02	1.392750000000000057e+02	1.388849999999999909e+02	1.443559999999999945e+02	1.437150000000000034e+02	1.443100000000000023e+02	1.437609999999999957e+02	1.434399999999999977e+02	1.432800000000000011e+02	1.431430000000000007e+02	1.430970000000000084e+02	1.444240000000000066e+02	1.439670000000000130e+02	1.441500000000000057e+02	1.446990000000000123e+02	1.447220000000000084e+02	1.450649999999999977e+02	1.448820000000000050e+02	1.450879999999999939e+02	1.449509999999999934e+02	1.445620000000000118e+02	1.447220000000000084e+02	1.444699999999999989e+02	1.463930000000000007e+02	1.490250000000000057e+02	1.489329999999999927e+02	1.487050000000000125e+02	1.486819999999999879e+02	1.487500000000000000e+02	1.485209999999999866e+02
1.000000000000000000e+00	2.684100000000000250e+02	2.490689999999999884e+02	2.317429999999999950e+02	2.156750000000000114e+02	2.009579999999999984e+02	1.882100000000000080e+02	1.769939999999999998e+02	1.665120000000000005e+02	1.570130000000000052e+02	1.489329999999999927e+02	1.405560000000000116e+02	1.335980000000000132e+02	1.273269999999999982e+02	1.207810000000000059e+02	1.147379999999999995e+02	1.091310000000000002e+02	1.045529999999999973e+02	1.004560000000000031e+02	9.661100000000000421e+01	9.423099999999999454e+01	9.139300000000000068e+01	8.905800000000000693e+01	8.695199999999999818e+01	8.541899999999999693e+01	8.418300000000000693e+01	8.324399999999999977e+01	8.226000000000000512e+01	8.152800000000000580e+01	8.090999999999999659e+01	8.054399999999999693e+01	7.997100000000000364e+01	7.971999999999999886e+01	7.965099999999999625e+01	7.932999999999999829e+01	7.921599999999999397e+01	7.914700000000000557e+01	7.905599999999999739e+01	7.917000000000000171e+01	7.930800000000000693e+01	7.930800000000000693e+01	7.914700000000000557e+01	7.921599999999999397e+01	7.939900000000000091e+01	7.960500000000000398e+01	7.955899999999999750e+01	7.994799999999999329e+01	8.008599999999999852e+01	8.017700000000000671e+01	8.088700000000000045e+01	8.187099999999999511e+01	8.205400000000000205e+01	8.226000000000000512e+01	8.267199999999999704e+01	8.294700000000000273e+01	8.312999999999999545e+01	8.354200000000000159e+01	8.338200000000000500e+01	8.425100000000000477e+01	8.425100000000000477e+01	8.464100000000000534e+01	8.521299999999999386e+01	8.612800000000000011e+01	8.644899999999999807e+01	8.654000000000000625e+01	8.784499999999999886e+01	8.816500000000000625e+01	8.825700000000000500e+01	8.878300000000000125e+01	8.921800000000000352e+01	8.940099999999999625e+01	9.015699999999999648e+01	9.034000000000000341e+01	9.068300000000000693e+01	9.109499999999999886e+01	9.153000000000000114e+01	9.175900000000000034e+01	9.205599999999999739e+01	9.276600000000000534e+01	9.315500000000000114e+01	9.336100000000000421e+01	9.420799999999999841e+01	9.526099999999999568e+01	9.555800000000000693e+01	9.612999999999999545e+01	9.670300000000000296e+01	9.773300000000000409e+01	9.818999999999999773e+01	9.912900000000000489e+01	9.983799999999999386e+01	1.008910000000000053e+02	1.017150000000000034e+02	1.032939999999999969e+02	1.039809999999999945e+02	1.049419999999999931e+02	1.059489999999999981e+02	1.070019999999999953e+02	1.087650000000000006e+02	1.108250000000000028e+02	1.131820000000000022e+02	1.148990000000000009e+02	1.166149999999999949e+02	1.183319999999999936e+02	1.208040000000000020e+02	1.225430000000000064e+02	1.245120000000000005e+02	1.272810000000000059e+02	1.309430000000000121e+02	1.340329999999999870e+02	1.368480000000000132e+02	1.392969999999999970e+02	1.418149999999999977e+02	1.440120000000000005e+02	1.470569999999999879e+02	1.517259999999999991e+02	1.544039999999999964e+02	1.573329999999999984e+02	1.603319999999999936e+02	1.638789999999999907e+02	1.670610000000000070e+02	1.697390000000000043e+02	1.723710000000000093e+02	1.749110000000000014e+02	1.772920000000000016e+02	1.799470000000000027e+02	1.839290000000000020e+02	1.863329999999999984e+02	1.890339999999999918e+02	1.906810000000000116e+02	1.927640000000000100e+02	1.946179999999999950e+02	1.960370000000000061e+02	1.975020000000000095e+02	1.991730000000000018e+02	2.017589999999999861e+02	2.030869999999999891e+02	2.044600000000000080e+02	2.054900000000000091e+02	2.068629999999999995e+02	2.091289999999999907e+02	2.099759999999999991e+02	2.111430000000000007e+02	2.122880000000000109e+02	2.129749999999999943e+02	2.138669999999999902e+02	2.150339999999999918e+02	2.159499999999999886e+02	2.167510000000000048e+02	2.175519999999999925e+02	2.183300000000000125e+02	2.190629999999999882e+02	2.202990000000000066e+02	2.210540000000000020e+02	2.217640000000000100e+02	2.224730000000000132e+02	2.232280000000000086e+02	2.239610000000000127e+02	2.245560000000000116e+02	2.254029999999999916e+02	2.260889999999999986e+02	2.267529999999999859e+02	2.275769999999999982e+02	2.288590000000000089e+02	2.294079999999999870e+02	2.299799999999999898e+02	2.308040000000000020e+02	2.314000000000000057e+02	2.319950000000000045e+02	2.324749999999999943e+02	2.331850000000000023e+02	2.338710000000000093e+02	2.345809999999999889e+02	2.351529999999999916e+02	2.357479999999999905e+02	2.365949999999999989e+02	2.369840000000000089e+02	2.375339999999999918e+02	2.382659999999999911e+02	2.388149999999999977e+02	2.394099999999999966e+02	2.400970000000000084e+02	2.407609999999999957e+02	2.412870000000000061e+02	2.419739999999999895e+02	2.424319999999999879e+02	2.429579999999999984e+02	2.433930000000000007e+02	2.442630000000000052e+02	2.448120000000000118e+02	2.452700000000000102e+02
0.000000000000000000e+00	3.920969999999999800e+02	3.460919999999999845e+02	3.066329999999999814e+02	2.708129999999999882e+02	2.418820000000000050e+02	2.141649999999999920e+02	1.966779999999999973e+02	1.813890000000000100e+02	1.687549999999999955e+02	1.594159999999999968e+02	1.495509999999999877e+02	1.423650000000000091e+02	1.366200000000000045e+02	1.321790000000000020e+02	1.276700000000000017e+02	1.240310000000000059e+02	1.206889999999999930e+02	1.169590000000000032e+02	1.142349999999999994e+02	1.116260000000000048e+02	1.091080000000000041e+02	1.075739999999999981e+02	1.048280000000000030e+02	1.040270000000000010e+02	1.018979999999999961e+02	1.000439999999999969e+02	9.791599999999999682e+01	9.599299999999999500e+01	9.439100000000000534e+01	9.317799999999999727e+01	9.210200000000000387e+01	9.123199999999999932e+01	8.997299999999999898e+01	8.887500000000000000e+01	8.834799999999999898e+01	8.779900000000000659e+01	8.786799999999999500e+01	8.727299999999999613e+01	8.740999999999999659e+01	8.695199999999999818e+01	8.674599999999999511e+01	8.763899999999999579e+01	8.793600000000000705e+01	8.740999999999999659e+01	8.672299999999999898e+01	8.667799999999999727e+01	8.621999999999999886e+01	8.617400000000000659e+01	8.594499999999999318e+01	8.578499999999999659e+01	8.560200000000000387e+01	8.580800000000000693e+01	8.667799999999999727e+01	8.686100000000000421e+01	8.654000000000000625e+01	8.665500000000000114e+01	8.711199999999999477e+01	8.697499999999999432e+01	8.738700000000000045e+01	8.725000000000000000e+01	8.725000000000000000e+01	8.674599999999999511e+01	8.695199999999999818e+01	8.692900000000000205e+01	8.706699999999999307e+01	8.681499999999999773e+01	8.688400000000000034e+01	8.798199999999999932e+01	8.793600000000000705e+01	8.793600000000000705e+01	8.763899999999999579e+01	8.843999999999999773e+01	8.931000000000000227e+01	8.924099999999999966e+01	8.944700000000000273e+01	8.946999999999999886e+01	8.956100000000000705e+01	8.958400000000000318e+01	9.004200000000000159e+01	9.011100000000000421e+01	9.194199999999999307e+01	9.201000000000000512e+01	9.242199999999999704e+01	9.233100000000000307e+01	9.201000000000000512e+01	9.189600000000000080e+01	9.237699999999999534e+01	9.267400000000000659e+01	9.265099999999999625e+01	9.265099999999999625e+01	9.278900000000000148e+01	9.301800000000000068e+01	9.322400000000000375e+01	9.310899999999999466e+01	9.338400000000000034e+01	9.354399999999999693e+01	9.375000000000000000e+01	9.386400000000000432e+01	9.425400000000000489e+01	9.441400000000000148e+01	9.466599999999999682e+01	9.466599999999999682e+01	9.475700000000000500e+01	9.473399999999999466e+01	9.487199999999999989e+01	9.505500000000000682e+01	9.505500000000000682e+01	9.526099999999999568e+01	9.530599999999999739e+01	9.619899999999999807e+01	9.612999999999999545e+01	9.642799999999999727e+01	9.651900000000000546e+01	9.679399999999999693e+01	9.679399999999999693e+01	9.700000000000000000e+01	9.732099999999999795e+01	9.743500000000000227e+01	9.777800000000000580e+01	9.791599999999999682e+01	9.899099999999999966e+01	9.910599999999999454e+01	9.924299999999999500e+01	9.951800000000000068e+01	9.960899999999999466e+01	9.981499999999999773e+01	9.993000000000000682e+01	1.001820000000000022e+02	1.004330000000000069e+02	1.007770000000000010e+02	1.014629999999999939e+02	1.013029999999999973e+02	1.018070000000000022e+02	1.021730000000000018e+02	1.023329999999999984e+02	1.031569999999999965e+02	1.035229999999999961e+02	1.035919999999999987e+02	1.037060000000000031e+02	1.040949999999999989e+02	1.043010000000000019e+02	1.047819999999999965e+02	1.050799999999999983e+02	1.052399999999999949e+02	1.057890000000000015e+02	1.060870000000000033e+02	1.065439999999999969e+02	1.069339999999999975e+02	1.072309999999999945e+02	1.076659999999999968e+02	1.082150000000000034e+02	1.085130000000000052e+02	1.092680000000000007e+02	1.097030000000000030e+02	1.102069999999999936e+02	1.106640000000000015e+02	1.110990000000000038e+02	1.114429999999999978e+02	1.119920000000000044e+02	1.125409999999999968e+02	1.132279999999999944e+02	1.135480000000000018e+02	1.140520000000000067e+02	1.138229999999999933e+02	1.142810000000000059e+02	1.147379999999999995e+02	1.152189999999999941e+02	1.157000000000000028e+02	1.162489999999999952e+02	1.168670000000000044e+02	1.173020000000000067e+02	1.179890000000000043e+02	1.220169999999999959e+02	1.228870000000000005e+02	1.236419999999999959e+02	1.242139999999999986e+02	1.245120000000000005e+02	1.249009999999999962e+02	1.253810000000000002e+02	1.259770000000000039e+02	1.264110000000000014e+02	1.268229999999999933e+02	1.274639999999999986e+02	1.277849999999999966e+02	1.279909999999999997e+02	1.282199999999999989e+02	1.284939999999999998e+02	1.283569999999999993e+02	1.282880000000000109e+02
0.000000000000000000e+00	3.594130000000000109e+02	3.114619999999999891e+02	2.730790000000000077e+02	2.356570000000000107e+02	2.090840000000000032e+02	1.904300000000000068e+02	1.759190000000000111e+02	1.632160000000000082e+02	1.536250000000000000e+02	1.473309999999999889e+02	1.422959999999999923e+02	1.378559999999999945e+02	1.349259999999999877e+02	1.320420000000000016e+02	1.291119999999999948e+02	1.262740000000000009e+02	1.238479999999999990e+02	1.220859999999999985e+02	1.204609999999999985e+02	1.194080000000000013e+02	1.181949999999999932e+02	1.170729999999999933e+02	1.160430000000000064e+02	1.136860000000000070e+02	1.144639999999999986e+02	1.140520000000000067e+02	1.136860000000000070e+02	1.134569999999999936e+02	1.130679999999999978e+02	1.129300000000000068e+02	1.128850000000000051e+02	1.128850000000000051e+02	1.128619999999999948e+02	1.129069999999999965e+02	1.129300000000000068e+02	1.129989999999999952e+02	1.130220000000000056e+02	1.131820000000000022e+02	1.131129999999999995e+02	1.133419999999999987e+02	1.134569999999999936e+02	1.141430000000000007e+02	1.141659999999999968e+02	1.140750000000000028e+02	1.142810000000000059e+02	1.143719999999999999e+02	1.144869999999999948e+02	1.146929999999999978e+02	1.148529999999999944e+02	1.150589999999999975e+02	1.152650000000000006e+02	1.156080000000000041e+02	1.157909999999999968e+02	1.158599999999999994e+02	1.159060000000000059e+02	1.161580000000000013e+02	1.165240000000000009e+02	1.166839999999999975e+02	1.169129999999999967e+02	1.171419999999999959e+02	1.172560000000000002e+02	1.175310000000000059e+02	1.178050000000000068e+02	1.178970000000000056e+02	1.181490000000000009e+02	1.183319999999999936e+02	1.186290000000000049e+02	1.186749999999999972e+02	1.187210000000000036e+02	1.188580000000000041e+02	1.190190000000000055e+02	1.193160000000000025e+02	1.194080000000000013e+02	1.196370000000000005e+02	1.197969999999999970e+02	1.200939999999999941e+02	1.203689999999999998e+02	1.205060000000000002e+02	1.207349999999999994e+02	1.210559999999999974e+02	1.212159999999999940e+02	1.212840000000000060e+02	1.214899999999999949e+02	1.217189999999999941e+02	1.219939999999999998e+02	1.221539999999999964e+02	1.223370000000000033e+02	1.224980000000000047e+02	1.226580000000000013e+02	1.228409999999999940e+02	1.230010000000000048e+02	1.232300000000000040e+02	1.234819999999999993e+02	1.236419999999999959e+02	1.238709999999999951e+02	1.240769999999999982e+02	1.243289999999999935e+02	1.245570000000000022e+02	1.247409999999999997e+02	1.249240000000000066e+02	1.251530000000000058e+02	1.253130000000000024e+02	1.254959999999999951e+02	1.257480000000000047e+02	1.259539999999999935e+02	1.260909999999999940e+02	1.262510000000000048e+02	1.265030000000000001e+02	1.264339999999999975e+02	1.265720000000000027e+02	1.267090000000000032e+02	1.268460000000000036e+02	1.269380000000000024e+02	1.270750000000000028e+02	1.271440000000000055e+02	1.272810000000000059e+02	1.274639999999999986e+02	1.275100000000000051e+02	1.275789999999999935e+02	1.276700000000000017e+02	1.278080000000000069e+02	1.279909999999999997e+02	1.280140000000000100e+02	1.280360000000000014e+02	1.281510000000000105e+02	1.283110000000000070e+02	1.283569999999999993e+02	1.283340000000000032e+02	1.286320000000000050e+02	1.287230000000000132e+02	1.286769999999999925e+02	1.291119999999999948e+02	1.291119999999999948e+02	1.291349999999999909e+02	1.292719999999999914e+02	1.292949999999999875e+02	1.293870000000000005e+02	1.293640000000000043e+02	1.293870000000000005e+02	1.295469999999999970e+02	1.295929999999999893e+02	1.295929999999999893e+02	1.296620000000000061e+02	1.297069999999999936e+02	1.294780000000000086e+02	1.295929999999999893e+02	1.296160000000000139e+02	1.297069999999999936e+02	1.297990000000000066e+02	1.298449999999999989e+02	1.297760000000000105e+02	1.298449999999999989e+02	1.298899999999999864e+02	1.299360000000000070e+02	1.298679999999999950e+02	1.299590000000000032e+02	1.301649999999999920e+02	1.301649999999999920e+02	1.302800000000000011e+02	1.303480000000000132e+02	1.304399999999999977e+02	1.305080000000000098e+02	1.306229999999999905e+02	1.305999999999999943e+02	1.307829999999999870e+02	1.307599999999999909e+02	1.307599999999999909e+02	1.308290000000000077e+02	1.308520000000000039e+02	1.309430000000000121e+02	1.308979999999999961e+02	1.308979999999999961e+02	1.310120000000000005e+02	1.309890000000000043e+02	1.310349999999999966e+02	1.311949999999999932e+02	1.312410000000000139e+02	1.311490000000000009e+02	1.312640000000000100e+02	1.312870000000000061e+02	1.312870000000000061e+02	1.313319999999999936e+02	1.316069999999999993e+02	1.316069999999999993e+02	1.315840000000000032e+02	1.315840000000000032e+02	1.317210000000000036e+02	1.316529999999999916e+02	1.316990000000000123e+02
0.000000000000000000e+00	5.319439999999999600e+02	4.520419999999999732e+02	3.933559999999999945e+02	3.407139999999999986e+02	2.966999999999999886e+02	2.622760000000000105e+02	2.363890000000000100e+02	2.174840000000000089e+02	2.024230000000000018e+02	1.903839999999999861e+02	1.808170000000000073e+02	1.728290000000000077e+02	1.667400000000000091e+02	1.611560000000000059e+02	1.559600000000000080e+02	1.522520000000000095e+02	1.486359999999999957e+02	1.452709999999999866e+02	1.433720000000000141e+02	1.376949999999999932e+02	1.347659999999999911e+02	1.316759999999999877e+02	1.279680000000000035e+02	1.242600000000000051e+02	1.205979999999999990e+02	1.174159999999999968e+02	1.145550000000000068e+02	1.122439999999999998e+02	1.102069999999999936e+02	1.086730000000000018e+02	1.070250000000000057e+02	1.056749999999999972e+02	1.045529999999999973e+02	1.037519999999999953e+02	1.029050000000000011e+02	1.021269999999999953e+02	1.015780000000000030e+02	1.010510000000000019e+02	1.005709999999999980e+02	1.002729999999999961e+02	1.002270000000000039e+02	1.001129999999999995e+02	9.976999999999999602e+01	9.960899999999999466e+01	9.956399999999999295e+01	9.928900000000000148e+01	9.919700000000000273e+01	9.912900000000000489e+01	9.954099999999999682e+01	9.924299999999999500e+01	9.981499999999999773e+01	9.963200000000000500e+01	9.981499999999999773e+01	1.000900000000000034e+02	9.986100000000000421e+01	9.976999999999999602e+01	9.981499999999999773e+01	1.003419999999999987e+02	1.006620000000000061e+02	1.007770000000000010e+02	1.006850000000000023e+02	1.008220000000000027e+02	1.008220000000000027e+02	1.012339999999999947e+02	1.014629999999999939e+02	1.020130000000000052e+02	1.019210000000000065e+02	1.021959999999999980e+02	1.024929999999999950e+02	1.026080000000000041e+02	1.028139999999999930e+02	1.030649999999999977e+02	1.033859999999999957e+02	1.038209999999999980e+02	1.039350000000000023e+02	1.042560000000000002e+02	1.046219999999999999e+02	1.051029999999999944e+02	1.052399999999999949e+02	1.055370000000000061e+02	1.056749999999999972e+02	1.061779999999999973e+02	1.063389999999999986e+02	1.065220000000000056e+02	1.066820000000000022e+02	1.071850000000000023e+02	1.076659999999999968e+02	1.077579999999999956e+02	1.077349999999999994e+02	1.078259999999999934e+02	1.081009999999999991e+02	1.086959999999999980e+02	1.088329999999999984e+02	1.092000000000000028e+02	1.094740000000000038e+02	1.096119999999999948e+02	1.097720000000000056e+02	1.101380000000000052e+02	1.102980000000000018e+02	1.107330000000000041e+02	1.108020000000000067e+02	1.111449999999999960e+02	1.117630000000000052e+02	1.119230000000000018e+02	1.120379999999999967e+02	1.120150000000000006e+02	1.152420000000000044e+02	1.151050000000000040e+02	1.153790000000000049e+02	1.155169999999999959e+02	1.156310000000000002e+02	1.158370000000000033e+02	1.159519999999999982e+02	1.159969999999999999e+02	1.161800000000000068e+02	1.163409999999999940e+02	1.165469999999999970e+02	1.173479999999999990e+02	1.175310000000000059e+02	1.179890000000000043e+02	1.181719999999999970e+02	1.181719999999999970e+02	1.185840000000000032e+02	1.187439999999999998e+02	1.189270000000000067e+02	1.193389999999999986e+02	1.197740000000000009e+02	1.199339999999999975e+02	1.201629999999999967e+02	1.204609999999999985e+02	1.209639999999999986e+02	1.210559999999999974e+02	1.212840000000000060e+02	1.215360000000000014e+02	1.218569999999999993e+02	1.222920000000000016e+02	1.226809999999999974e+02	1.230699999999999932e+02	1.232300000000000040e+02	1.235960000000000036e+02	1.238709999999999951e+02	1.245120000000000005e+02	1.248550000000000040e+02	1.251530000000000058e+02	1.254959999999999951e+02	1.256329999999999956e+02	1.259080000000000013e+02	1.260220000000000056e+02	1.262969999999999970e+02	1.266629999999999967e+02	1.268689999999999998e+02	1.272349999999999994e+02	1.274639999999999986e+02	1.278310000000000031e+02	1.281510000000000105e+02	1.285169999999999959e+02	1.288830000000000098e+02	1.292270000000000039e+02	1.295699999999999932e+02	1.300049999999999955e+02	1.301419999999999959e+02	1.304859999999999900e+02	1.308290000000000077e+02	1.312410000000000139e+02	1.315380000000000109e+02	1.317899999999999920e+02	1.320649999999999977e+02	1.323849999999999909e+02	1.328199999999999932e+02	1.331630000000000109e+02	1.336670000000000016e+02	1.341020000000000039e+02	1.344449999999999932e+02	1.349259999999999877e+02	1.353839999999999861e+02	1.358870000000000005e+02	1.362079999999999984e+02	1.367800000000000011e+02	1.373290000000000077e+02	1.377640000000000100e+02	1.383820000000000050e+02	1.388629999999999995e+02	1.394120000000000061e+02	1.399610000000000127e+02	1.406250000000000000e+02	1.411289999999999907e+02	1.420440000000000111e+02	1.426160000000000139e+02	1.430970000000000084e+02
1.000000000000000000e+00	4.316019999999999754e+02	3.953700000000000045e+02	3.578799999999999955e+02	3.232959999999999923e+02	2.935869999999999891e+02	2.669909999999999854e+02	2.449490000000000123e+02	2.282870000000000061e+02	2.154459999999999980e+02	2.055589999999999975e+02	1.971129999999999995e+02	1.899720000000000084e+02	1.844790000000000134e+02	1.797640000000000100e+02	1.756210000000000093e+02	1.724850000000000136e+02	1.699910000000000139e+02	1.677930000000000064e+02	1.658019999999999925e+02	1.639710000000000036e+02	1.626659999999999968e+02	1.613849999999999909e+02	1.604000000000000057e+02	1.596450000000000102e+02	1.589360000000000070e+02	1.581119999999999948e+02	1.574939999999999998e+02	1.571500000000000057e+02	1.568760000000000048e+02	1.566009999999999991e+02	1.564180000000000064e+02	1.562580000000000098e+02	1.564410000000000025e+02	1.563029999999999973e+02	1.562810000000000059e+02	1.565780000000000030e+02	1.568300000000000125e+02	1.573100000000000023e+02	1.587299999999999898e+02	1.590500000000000114e+02	1.593249999999999886e+02	1.596910000000000025e+02	1.610409999999999968e+02	1.614759999999999991e+02	1.628269999999999982e+02	1.635360000000000014e+02	1.637419999999999902e+02	1.640399999999999920e+02	1.643600000000000136e+02	1.650699999999999932e+02	1.653209999999999980e+02	1.656879999999999882e+02	1.662599999999999909e+02	1.664890000000000043e+02	1.667860000000000014e+02	1.671299999999999955e+02	1.675190000000000055e+02	1.677930000000000064e+02	1.680219999999999914e+02	1.681589999999999918e+02	1.682510000000000048e+02	1.685260000000000105e+02	1.688000000000000114e+02	1.691670000000000016e+02	1.695790000000000077e+02	1.704710000000000036e+02	1.708369999999999891e+02	1.710660000000000025e+02	1.716380000000000052e+02	1.717299999999999898e+02	1.718439999999999941e+02	1.722340000000000089e+02	1.742249999999999943e+02	1.743849999999999909e+02	1.743849999999999909e+02	1.747280000000000086e+02	1.750720000000000027e+02	1.754379999999999882e+02	1.758040000000000020e+02	1.762620000000000005e+02	1.766279999999999859e+02	1.769490000000000123e+02	1.772230000000000132e+02	1.776349999999999909e+02	1.779099999999999966e+02	1.782069999999999936e+02	1.786419999999999959e+02	1.789629999999999939e+02	1.793750000000000000e+02	1.799470000000000027e+02	1.804960000000000093e+02	1.812290000000000134e+02	1.818919999999999959e+02	1.827160000000000082e+02	1.836320000000000050e+02	1.846620000000000061e+02	1.857150000000000034e+02	1.877980000000000018e+02	1.893309999999999889e+02	1.912079999999999984e+02	1.934050000000000011e+02	1.960140000000000100e+02	1.987150000000000034e+02	2.019420000000000073e+02	2.061769999999999925e+02	2.108000000000000114e+02	2.162249999999999943e+02	2.217860000000000014e+02	2.280579999999999927e+02	2.351759999999999877e+02	2.429579999999999984e+02	2.516779999999999973e+02	2.606510000000000105e+02	2.696909999999999741e+02	2.789839999999999804e+02	2.882540000000000191e+02	2.971800000000000068e+02	3.061290000000000191e+02	3.147350000000000136e+02	3.232959999999999923e+02	3.311920000000000073e+02	3.387909999999999968e+02	3.459549999999999841e+02	3.527529999999999859e+02	3.590240000000000009e+02	3.650439999999999827e+02	3.708799999999999955e+02	3.758469999999999800e+02	3.804700000000000273e+02	3.852080000000000268e+02	3.895339999999999918e+02	3.929669999999999845e+02	3.956220000000000141e+02	3.985980000000000132e+02	4.013899999999999864e+02	4.040219999999999914e+02	4.064479999999999791e+02	4.086909999999999741e+02	4.108890000000000100e+02	4.128340000000000032e+02	4.145509999999999877e+02	4.161759999999999877e+02	4.176859999999999786e+02	4.188770000000000095e+02	4.201580000000000155e+02	4.213489999999999895e+02	4.225160000000000196e+02	4.237289999999999850e+02	4.247130000000000223e+02	4.254680000000000177e+02	4.263840000000000146e+02	4.273679999999999950e+02	4.280779999999999745e+02	4.287189999999999941e+02	4.294739999999999895e+02	4.300000000000000000e+02	4.306410000000000196e+02	4.313960000000000150e+02	4.320600000000000023e+02	4.325640000000000214e+02	4.330899999999999750e+02	4.336170000000000186e+02	4.340740000000000123e+02	4.341659999999999968e+02	4.344180000000000064e+02	4.347379999999999995e+02	4.356539999999999964e+02	4.359510000000000218e+02	4.366150000000000091e+02	4.370729999999999791e+02	4.374850000000000136e+02	4.376909999999999741e+02	4.381480000000000246e+02	4.383539999999999850e+02	4.388120000000000118e+02	4.392699999999999818e+02	4.394759999999999991e+02	4.399800000000000182e+02	4.402769999999999868e+02	4.402769999999999868e+02	4.403000000000000114e+02	4.403000000000000114e+02	4.401630000000000109e+02	4.402309999999999945e+02	4.402769999999999868e+02	4.400249999999999773e+02	4.398419999999999845e+02	4.396129999999999995e+02	4.391779999999999973e+02
0.000000000000000000e+00	2.478329999999999984e+02	2.267529999999999859e+02	2.067719999999999914e+02	1.905209999999999866e+02	1.757580000000000098e+02	1.629410000000000025e+02	1.513600000000000136e+02	1.427079999999999984e+02	1.354979999999999905e+02	1.297529999999999859e+02	1.250379999999999967e+02	1.215130000000000052e+02	1.182399999999999949e+02	1.160660000000000025e+02	1.141659999999999968e+02	1.121059999999999945e+02	1.104809999999999945e+02	1.088559999999999945e+02	1.068649999999999949e+02	1.042330000000000041e+02	1.017150000000000034e+02	9.960899999999999466e+01	9.800700000000000500e+01	9.651900000000000546e+01	9.535200000000000387e+01	9.459699999999999420e+01	9.375000000000000000e+01	9.345199999999999818e+01	9.310899999999999466e+01	9.290300000000000580e+01	9.276600000000000534e+01	9.281199999999999761e+01	9.294899999999999807e+01	9.292600000000000193e+01	9.294899999999999807e+01	9.299500000000000455e+01	9.333799999999999386e+01	9.345199999999999818e+01	9.359000000000000341e+01	9.386400000000000432e+01	9.397899999999999920e+01	9.427599999999999625e+01	9.448199999999999932e+01	9.509999999999999432e+01	9.526099999999999568e+01	9.558100000000000307e+01	9.606199999999999761e+01	9.645099999999999341e+01	9.674800000000000466e+01	9.729800000000000182e+01	9.770999999999999375e+01	9.809900000000000375e+01	9.855700000000000216e+01	9.908299999999999841e+01	9.954099999999999682e+01	1.000669999999999931e+02	1.006620000000000061e+02	1.011430000000000007e+02	1.015780000000000030e+02	1.020130000000000052e+02	1.024479999999999933e+02	1.030430000000000064e+02	1.034320000000000022e+02	1.039579999999999984e+02	1.044620000000000033e+02	1.050109999999999957e+02	1.054459999999999980e+02	1.059719999999999942e+02	1.064759999999999991e+02	1.068649999999999949e+02	1.074830000000000041e+02	1.079410000000000025e+02	1.084210000000000065e+02	1.089249999999999972e+02	1.093599999999999994e+02	1.097030000000000030e+02	1.103900000000000006e+02	1.108250000000000028e+02	1.113509999999999991e+02	1.119230000000000018e+02	1.123580000000000041e+02	1.128850000000000051e+02	1.132740000000000009e+02	1.137079999999999984e+02	1.140979999999999990e+02	1.151730000000000018e+02	1.155849999999999937e+02	1.160660000000000025e+02	1.166610000000000014e+02	1.172560000000000002e+02	1.176680000000000064e+02	1.181719999999999970e+02	1.186520000000000010e+02	1.189959999999999951e+02	1.192249999999999943e+02	1.194309999999999974e+02	1.196370000000000005e+02	1.199110000000000014e+02	1.200490000000000066e+02	1.202090000000000032e+02	1.203919999999999959e+02	1.208040000000000020e+02	1.209869999999999948e+02	1.212390000000000043e+02	1.214449999999999932e+02	1.215360000000000014e+02	1.216050000000000040e+02	1.217420000000000044e+02	1.219020000000000010e+02	1.218799999999999955e+02	1.219249999999999972e+02	1.219939999999999998e+02	1.221080000000000041e+02	1.218569999999999993e+02	1.218569999999999993e+02	1.221310000000000002e+02	1.222229999999999990e+02	1.222000000000000028e+02	1.223829999999999956e+02	1.224519999999999982e+02	1.224749999999999943e+02	1.226809999999999974e+02	1.226119999999999948e+02	1.227489999999999952e+02	1.229099999999999966e+02	1.229320000000000022e+02	1.230930000000000035e+02	1.231839999999999975e+02	1.232069999999999936e+02	1.231839999999999975e+02	1.233439999999999941e+02	1.233670000000000044e+02	1.234819999999999993e+02	1.234360000000000070e+02	1.235499999999999972e+02	1.235960000000000036e+02	1.235729999999999933e+02	1.237109999999999985e+02	1.236880000000000024e+02	1.238479999999999990e+02	1.237789999999999964e+02	1.240310000000000059e+02	1.241460000000000008e+02	1.241230000000000047e+02	1.243059999999999974e+02	1.243520000000000039e+02	1.243739999999999952e+02	1.243970000000000056e+02	1.240310000000000059e+02	1.243520000000000039e+02	1.243520000000000039e+02	1.244659999999999940e+02	1.245120000000000005e+02	1.245799999999999983e+02	1.244890000000000043e+02	1.245120000000000005e+02	1.246949999999999932e+02	1.247409999999999997e+02	1.248089999999999975e+02	1.248550000000000040e+02	1.249920000000000044e+02	1.249920000000000044e+02	1.250150000000000006e+02	1.250150000000000006e+02	1.251530000000000058e+02	1.251979999999999933e+02	1.250840000000000032e+02	1.251979999999999933e+02	1.252669999999999959e+02	1.253359999999999985e+02	1.253130000000000024e+02	1.254729999999999990e+02	1.254270000000000067e+02	1.255190000000000055e+02	1.254959999999999951e+02	1.253589999999999947e+02	1.253359999999999985e+02	1.253810000000000002e+02	1.254039999999999964e+02	1.253810000000000002e+02	1.254270000000000067e+02	1.255190000000000055e+02	1.255420000000000016e+02	1.255870000000000033e+02	1.255649999999999977e+02	1.255870000000000033e+02	1.256329999999999956e+02	1.256099999999999994e+02	1.256790000000000020e+02
1.000000000000000000e+00	2.609940000000000282e+02	2.451779999999999973e+02	2.288360000000000127e+02	2.143480000000000132e+02	2.007059999999999889e+02	1.884840000000000089e+02	1.778410000000000082e+02	1.719819999999999993e+02	1.637880000000000109e+02	1.575620000000000118e+02	1.533280000000000030e+02	1.494600000000000080e+02	1.460269999999999868e+02	1.443329999999999984e+02	1.421129999999999995e+02	1.399840000000000089e+02	1.380840000000000032e+02	1.363220000000000027e+02	1.344219999999999970e+02	1.324770000000000039e+02	1.299819999999999993e+02	1.261830000000000069e+02	1.227259999999999991e+02	1.195220000000000056e+02	1.168439999999999941e+02	1.145100000000000051e+02	1.124039999999999964e+02	1.102519999999999953e+02	1.088329999999999984e+02	1.073679999999999950e+02	1.059039999999999964e+02	1.050340000000000060e+02	1.042099999999999937e+02	1.034549999999999983e+02	1.025849999999999937e+02	1.026310000000000002e+02	1.020130000000000052e+02	1.018750000000000000e+02	1.013029999999999973e+02	1.008449999999999989e+02	1.010280000000000058e+02	1.007999999999999972e+02	1.009140000000000015e+02	1.008679999999999950e+02	1.010969999999999942e+02	1.013490000000000038e+02	1.017379999999999995e+02	1.018750000000000000e+02	1.024020000000000010e+02	1.024479999999999933e+02	1.026310000000000002e+02	1.024699999999999989e+02	1.027450000000000045e+02	1.029279999999999973e+02	1.032939999999999969e+02	1.037060000000000031e+02	1.037750000000000057e+02	1.038889999999999958e+02	1.042330000000000041e+02	1.048050000000000068e+02	1.046910000000000025e+02	1.050570000000000022e+02	1.052630000000000052e+02	1.054920000000000044e+02	1.061329999999999956e+02	1.063389999999999986e+02	1.068190000000000026e+02	1.075289999999999964e+02	1.078490000000000038e+02	1.079410000000000025e+02	1.083070000000000022e+02	1.092219999999999942e+02	1.105499999999999972e+02	1.109849999999999994e+02	1.111449999999999960e+02	1.115340000000000060e+02	1.121520000000000010e+02	1.124039999999999964e+02	1.127699999999999960e+02	1.133419999999999987e+02	1.139599999999999937e+02	1.141889999999999930e+02	1.150589999999999975e+02	1.157680000000000007e+02	1.157680000000000007e+02	1.162259999999999991e+02	1.168439999999999941e+02	1.173479999999999990e+02	1.181490000000000009e+02	1.192249999999999943e+02	1.198199999999999932e+02	1.202549999999999955e+02	1.211239999999999952e+02	1.218110000000000070e+02	1.224749999999999943e+02	1.235280000000000058e+02	1.240540000000000020e+02	1.248089999999999975e+02	1.257930000000000064e+02	1.265490000000000066e+02	1.272810000000000059e+02	1.283340000000000032e+02	1.291810000000000116e+02	1.303940000000000055e+02	1.316069999999999993e+02	1.328890000000000100e+02	1.344679999999999893e+02	1.362079999999999984e+02	1.382680000000000007e+02	1.407390000000000043e+02	1.430970000000000084e+02	1.462330000000000041e+02	1.501239999999999952e+02	1.538309999999999889e+02	1.577680000000000007e+02	1.631469999999999914e+02	1.692350000000000136e+02	1.753689999999999998e+02	1.824190000000000111e+02	1.890339999999999918e+02	1.978230000000000075e+02	2.041630000000000109e+02	2.116469999999999914e+02	2.181239999999999952e+02	2.223129999999999882e+02	2.269590000000000032e+02	2.320399999999999920e+02	2.362059999999999889e+02	2.391359999999999957e+02	2.423859999999999957e+02	2.457280000000000086e+02	2.489780000000000086e+02	2.504650000000000034e+02	2.528000000000000114e+02	2.548139999999999930e+02	2.583849999999999909e+02	2.589800000000000182e+02	2.614519999999999982e+02	2.633290000000000077e+02	2.645649999999999977e+02	2.653879999999999768e+02	2.662579999999999814e+02	2.690960000000000036e+02	2.698969999999999914e+02	2.712939999999999827e+02	2.714769999999999754e+02	2.731929999999999836e+02	2.741779999999999973e+02	2.741549999999999727e+02	2.746809999999999832e+02	2.754590000000000032e+02	2.761229999999999905e+02	2.768330000000000268e+02	2.775649999999999977e+02	2.781600000000000250e+02	2.786639999999999873e+02	2.793269999999999982e+02	2.798079999999999927e+02	2.803340000000000032e+02	2.805179999999999723e+02	2.811129999999999995e+02	2.816390000000000100e+02	2.821659999999999968e+02	2.825779999999999745e+02	2.830579999999999927e+02	2.835160000000000196e+02	2.839049999999999727e+02	2.843170000000000073e+02	2.847749999999999773e+02	2.851639999999999873e+02	2.855529999999999973e+02	2.860339999999999918e+02	2.863539999999999850e+02	2.866519999999999868e+02	2.870640000000000214e+02	2.873380000000000223e+02	2.877730000000000246e+02	2.882080000000000268e+02	2.885059999999999718e+02	2.888029999999999973e+02	2.891009999999999991e+02	2.893750000000000000e+02	2.896499999999999773e+02	2.898330000000000268e+02	2.900620000000000118e+02	2.902679999999999723e+02	2.904510000000000218e+02	2.907710000000000150e+02	2.909549999999999841e+02
0.000000000000000000e+00	4.267269999999999754e+02	3.649750000000000227e+02	3.135679999999999836e+02	2.689130000000000109e+02	2.314910000000000139e+02	2.010500000000000114e+02	1.832199999999999989e+02	1.685029999999999859e+02	1.563259999999999934e+02	1.461409999999999911e+02	1.386339999999999861e+02	1.325000000000000000e+02	1.269609999999999985e+02	1.230469999999999970e+02	1.186520000000000010e+02	1.147840000000000060e+02	1.102519999999999953e+02	1.057210000000000036e+02	1.008910000000000053e+02	9.697700000000000387e+01	9.361299999999999955e+01	9.088899999999999579e+01	8.914900000000000091e+01	8.718099999999999739e+01	8.509799999999999898e+01	8.374800000000000466e+01	8.292400000000000659e+01	8.193999999999999773e+01	8.100100000000000477e+01	8.020000000000000284e+01	8.006300000000000239e+01	7.976500000000000057e+01	7.930800000000000693e+01	7.903300000000000125e+01	7.891800000000000637e+01	7.866700000000000159e+01	7.852899999999999636e+01	7.852899999999999636e+01	7.839199999999999591e+01	7.823199999999999932e+01	7.855200000000000671e+01	7.818600000000000705e+01	7.825499999999999545e+01	7.820900000000000318e+01	7.898699999999999477e+01	7.873499999999999943e+01	7.887300000000000466e+01	7.862099999999999511e+01	7.901000000000000512e+01	7.882699999999999818e+01	7.932999999999999829e+01	7.946800000000000352e+01	7.939900000000000091e+01	7.960500000000000398e+01	7.960500000000000398e+01	7.951399999999999579e+01	8.015399999999999636e+01	8.058899999999999864e+01	8.049800000000000466e+01	8.070399999999999352e+01	8.086400000000000432e+01	8.088700000000000045e+01	8.100100000000000477e+01	8.106999999999999318e+01	8.120699999999999363e+01	8.143600000000000705e+01	8.180200000000000671e+01	8.255800000000000693e+01	8.262600000000000477e+01	8.303799999999999670e+01	8.319899999999999807e+01	8.317600000000000193e+01	8.317600000000000193e+01	8.317600000000000193e+01	8.340500000000000114e+01	8.335899999999999466e+01	8.370199999999999818e+01	8.395399999999999352e+01	8.404500000000000171e+01	8.429699999999999704e+01	8.422899999999999920e+01	8.464100000000000534e+01	8.452599999999999625e+01	8.473199999999999932e+01	8.489199999999999591e+01	8.507500000000000284e+01	8.496099999999999852e+01	8.523600000000000421e+01	8.521299999999999386e+01	8.541899999999999693e+01	8.546399999999999864e+01	8.528100000000000591e+01	8.594499999999999318e+01	8.606000000000000227e+01	8.612800000000000011e+01	8.615099999999999625e+01	8.608199999999999363e+01	8.608199999999999363e+01	8.615099999999999625e+01	8.615099999999999625e+01	8.608199999999999363e+01	8.628799999999999670e+01	8.658599999999999852e+01	8.672299999999999898e+01	8.674599999999999511e+01	8.672299999999999898e+01	8.686100000000000421e+01	8.736400000000000432e+01	8.743300000000000693e+01	8.743300000000000693e+01	8.747899999999999920e+01	8.763899999999999579e+01	8.773000000000000398e+01	8.791400000000000148e+01	8.834799999999999898e+01	8.850900000000000034e+01	8.880599999999999739e+01	8.919499999999999318e+01	8.937800000000000011e+01	8.944700000000000273e+01	8.969899999999999807e+01	8.981300000000000239e+01	9.008799999999999386e+01	9.015699999999999648e+01	9.013400000000000034e+01	9.075199999999999534e+01	9.084300000000000352e+01	9.086599999999999966e+01	9.086599999999999966e+01	9.109499999999999886e+01	9.098099999999999454e+01	9.395600000000000307e+01	9.390999999999999659e+01	9.400199999999999534e+01	9.439100000000000534e+01	9.439100000000000534e+01	9.429900000000000659e+01	9.441400000000000148e+01	9.466599999999999682e+01	9.475700000000000500e+01	9.471099999999999852e+01	9.475700000000000500e+01	9.478000000000000114e+01	9.484900000000000375e+01	9.512300000000000466e+01	9.507800000000000296e+01	9.526099999999999568e+01	9.532899999999999352e+01	9.535200000000000387e+01	9.539799999999999613e+01	9.532899999999999352e+01	9.601600000000000534e+01	9.612999999999999545e+01	9.610699999999999932e+01	9.615300000000000580e+01	9.629099999999999682e+01	9.700000000000000000e+01	9.693099999999999739e+01	9.702299999999999613e+01	9.704600000000000648e+01	9.709199999999999875e+01	9.722899999999999920e+01	9.727500000000000568e+01	9.766400000000000148e+01	9.757200000000000273e+01	9.768699999999999761e+01	9.775499999999999545e+01	9.780100000000000193e+01	9.789300000000000068e+01	9.789300000000000068e+01	9.800700000000000500e+01	9.796099999999999852e+01	9.798399999999999466e+01	9.803000000000000114e+01	9.807599999999999341e+01	9.793899999999999295e+01	9.809900000000000375e+01	9.814499999999999602e+01	9.823600000000000421e+01	9.832800000000000296e+01	9.844199999999999307e+01	9.841899999999999693e+01	1.016009999999999991e+02	1.017609999999999957e+02	1.018299999999999983e+02	1.019899999999999949e+02	1.021269999999999953e+02	1.021730000000000018e+02	1.022639999999999958e+02
0.000000000000000000e+00	3.354950000000000045e+02	2.945020000000000095e+02	2.601240000000000236e+02	2.308729999999999905e+02	2.062230000000000132e+02	1.864699999999999989e+02	1.714319999999999879e+02	1.605610000000000070e+02	1.515879999999999939e+02	1.442870000000000061e+02	1.385649999999999977e+02	1.339869999999999948e+02	1.299590000000000032e+02	1.266400000000000006e+02	1.238020000000000067e+02	1.212390000000000043e+02	1.188349999999999937e+02	1.151500000000000057e+02	1.108020000000000067e+02	1.065220000000000056e+02	1.029509999999999934e+02	9.958599999999999852e+01	9.706900000000000261e+01	9.491700000000000159e+01	9.322400000000000375e+01	9.191899999999999693e+01	9.120900000000000318e+01	9.054600000000000648e+01	8.972199999999999420e+01	8.917199999999999704e+01	8.873699999999999477e+01	8.832599999999999341e+01	8.839400000000000546e+01	8.846299999999999386e+01	8.837099999999999511e+01	8.843999999999999773e+01	8.864600000000000080e+01	8.869199999999999307e+01	8.887500000000000000e+01	8.910399999999999920e+01	8.935500000000000398e+01	8.988200000000000500e+01	8.995099999999999341e+01	9.001900000000000546e+01	9.047700000000000387e+01	9.065999999999999659e+01	9.047700000000000387e+01	9.114100000000000534e+01	9.120900000000000318e+01	9.127800000000000580e+01	9.132399999999999807e+01	9.104900000000000659e+01	8.960699999999999932e+01	8.880599999999999739e+01	8.843999999999999773e+01	8.830299999999999727e+01	8.802800000000000580e+01	8.802800000000000580e+01	8.816500000000000625e+01	8.839400000000000546e+01	8.908100000000000307e+01	8.962999999999999545e+01	9.045399999999999352e+01	9.024800000000000466e+01	9.029399999999999693e+01	9.084300000000000352e+01	9.065999999999999659e+01	9.098099999999999454e+01	9.109499999999999886e+01	9.182699999999999818e+01	9.168999999999999773e+01	9.184999999999999432e+01	9.196500000000000341e+01	9.221599999999999397e+01	9.246800000000000352e+01	9.265099999999999625e+01	9.349800000000000466e+01	9.372700000000000387e+01	9.365800000000000125e+01	9.390999999999999659e+01	9.404800000000000182e+01	9.400199999999999534e+01	9.402500000000000568e+01	9.423099999999999454e+01	9.420799999999999841e+01	9.439100000000000534e+01	9.448199999999999932e+01	9.464300000000000068e+01	9.468800000000000239e+01	9.475700000000000500e+01	9.539799999999999613e+01	9.553499999999999659e+01	9.571800000000000352e+01	9.581000000000000227e+01	9.601600000000000534e+01	9.617600000000000193e+01	9.631300000000000239e+01	9.642799999999999727e+01	9.638200000000000500e+01	9.668000000000000682e+01	9.720600000000000307e+01	9.713700000000000045e+01	9.725199999999999534e+01	9.727500000000000568e+01	9.761799999999999500e+01	9.766400000000000148e+01	9.764100000000000534e+01	9.796099999999999852e+01	9.814499999999999602e+01	9.816700000000000159e+01	9.860200000000000387e+01	9.871699999999999875e+01	9.880800000000000693e+01	9.892300000000000182e+01	9.908299999999999841e+01	9.917400000000000659e+01	9.935800000000000409e+01	9.958599999999999852e+01	1.001129999999999995e+02	1.009140000000000015e+02	1.009599999999999937e+02	1.011659999999999968e+02	1.014180000000000064e+02	1.016009999999999991e+02	1.016009999999999991e+02	1.019669999999999987e+02	1.020810000000000031e+02	1.022420000000000044e+02	1.024699999999999989e+02	1.025619999999999976e+02	1.025619999999999976e+02	1.028139999999999930e+02	1.029509999999999934e+02	1.030199999999999960e+02	1.032489999999999952e+02	1.035229999999999961e+02	1.036149999999999949e+02	1.037750000000000057e+02	1.040499999999999972e+02	1.041640000000000015e+02	1.043700000000000045e+02	1.047360000000000042e+02	1.048739999999999952e+02	1.052169999999999987e+02	1.053539999999999992e+02	1.056520000000000010e+02	1.059039999999999964e+02	1.060639999999999930e+02	1.062240000000000038e+02	1.064989999999999952e+02	1.065900000000000034e+02	1.068190000000000026e+02	1.071620000000000061e+02	1.071400000000000006e+02	1.072079999999999984e+02	1.075289999999999964e+02	1.078490000000000038e+02	1.079410000000000025e+02	1.081700000000000017e+02	1.082609999999999957e+02	1.085360000000000014e+02	1.088100000000000023e+02	1.090160000000000053e+02	1.091310000000000002e+02	1.093599999999999994e+02	1.095199999999999960e+02	1.097259999999999991e+02	1.098859999999999957e+02	1.100460000000000065e+02	1.103209999999999980e+02	1.104129999999999967e+02	1.105960000000000036e+02	1.108930000000000007e+02	1.111680000000000064e+02	1.112819999999999965e+02	1.114879999999999995e+02	1.116490000000000009e+02	1.118319999999999936e+02	1.120829999999999984e+02	1.122669999999999959e+02	1.123810000000000002e+02	1.127009999999999934e+02	1.128160000000000025e+02	1.129759999999999991e+02	1.130679999999999978e+02	1.132510000000000048e+02	1.133419999999999987e+02	1.135030000000000001e+02	1.136860000000000070e+02
0.000000000000000000e+00	4.790269999999999868e+02	4.179379999999999882e+02	3.647919999999999732e+02	3.232040000000000077e+02	2.884139999999999873e+02	2.594150000000000205e+02	2.374879999999999995e+02	2.199780000000000086e+02	2.056730000000000018e+02	1.948240000000000123e+02	1.860579999999999927e+02	1.790769999999999982e+02	1.727599999999999909e+02	1.679989999999999952e+02	1.639480000000000075e+02	1.607899999999999920e+02	1.569209999999999923e+02	1.527100000000000080e+02	1.476289999999999907e+02	1.424329999999999927e+02	1.377640000000000100e+02	1.353839999999999861e+02	1.319730000000000132e+02	1.291810000000000116e+02	1.274410000000000025e+02	1.258850000000000051e+02	1.247409999999999997e+02	1.236189999999999998e+02	1.230930000000000035e+02	1.222000000000000028e+02	1.215589999999999975e+02	1.228640000000000043e+02	1.230469999999999970e+02	1.229779999999999944e+02	1.233670000000000044e+02	1.236650000000000063e+02	1.239620000000000033e+02	1.243970000000000056e+02	1.246949999999999932e+02	1.251979999999999933e+02	1.255190000000000055e+02	1.260450000000000017e+02	1.263430000000000035e+02	1.267549999999999955e+02	1.272349999999999994e+02	1.275330000000000013e+02	1.280360000000000014e+02	1.286550000000000011e+02	1.295240000000000009e+02	1.300509999999999877e+02	1.306229999999999905e+02	1.312410000000000139e+02	1.318590000000000089e+02	1.327969999999999970e+02	1.337129999999999939e+02	1.341250000000000000e+02	1.349490000000000123e+02	1.355670000000000073e+02	1.365740000000000123e+02	1.374890000000000043e+02	1.380389999999999873e+02	1.387249999999999943e+02	1.396179999999999950e+02	1.404190000000000111e+02	1.410600000000000023e+02	1.418609999999999900e+02	1.426620000000000061e+02	1.433489999999999895e+02	1.440349999999999966e+02	1.449050000000000011e+02	1.455920000000000130e+02	1.463240000000000123e+02	1.469650000000000034e+02	1.477659999999999911e+02	1.485440000000000111e+02	1.493000000000000114e+02	1.501239999999999952e+02	1.510159999999999911e+02	1.517940000000000111e+02	1.524809999999999945e+02	1.531680000000000064e+02	1.549989999999999952e+02	1.559600000000000080e+02	1.570130000000000052e+02	1.578600000000000136e+02	1.585920000000000130e+02	1.594389999999999930e+02	1.601939999999999884e+02	1.609960000000000093e+02	1.619110000000000014e+02	1.647030000000000030e+02	1.655269999999999868e+02	1.663969999999999914e+02	1.673580000000000041e+02	1.682280000000000086e+02	1.692810000000000059e+02	1.702649999999999864e+02	1.711119999999999948e+02	1.721419999999999959e+02	1.731030000000000086e+02	1.741330000000000098e+02	1.751179999999999950e+02	1.761020000000000039e+02	1.768799999999999955e+02	1.779559999999999889e+02	1.790310000000000059e+02	1.799240000000000066e+02	1.809310000000000116e+02	1.824190000000000111e+02	1.832889999999999873e+02	1.843410000000000082e+02	1.851200000000000045e+02	1.857829999999999870e+02	1.853940000000000055e+02	1.854629999999999939e+02	1.855999999999999943e+02	1.859439999999999884e+02	1.861949999999999932e+02	1.863100000000000023e+02	1.866299999999999955e+02	1.866759999999999877e+02	1.867450000000000045e+02	1.867680000000000007e+02	1.869960000000000093e+02	1.871109999999999900e+02	1.871570000000000107e+02	1.888729999999999905e+02	1.892849999999999966e+02	1.891250000000000000e+02	1.891020000000000039e+02	1.892170000000000130e+02	1.892620000000000005e+02	1.891709999999999923e+02	1.892620000000000005e+02	1.892620000000000005e+02	1.896289999999999907e+02	1.896740000000000066e+02	1.896289999999999907e+02	1.897889999999999873e+02	1.897659999999999911e+02	1.898799999999999955e+02	1.897659999999999911e+02	1.900860000000000127e+02	1.903609999999999900e+02	1.902470000000000141e+02	1.904300000000000068e+02	1.903609999999999900e+02	1.904300000000000068e+02	1.903149999999999977e+02	1.905440000000000111e+02	1.905440000000000111e+02	1.905900000000000034e+02	1.905900000000000034e+02	1.905900000000000034e+02	1.905670000000000073e+02	1.906359999999999957e+02	1.904759999999999991e+02	1.907270000000000039e+02	1.907500000000000000e+02	1.906589999999999918e+02	1.907959999999999923e+02	1.910480000000000018e+02	1.910020000000000095e+02	1.910480000000000018e+02	1.910709999999999980e+02	1.910709999999999980e+02	1.915509999999999877e+02	1.917570000000000050e+02	1.917340000000000089e+02	1.919859999999999900e+02	1.918940000000000055e+02	1.918720000000000141e+02	1.917570000000000050e+02	1.917110000000000127e+02	1.916430000000000007e+02	1.915970000000000084e+02	1.915740000000000123e+02	1.916430000000000007e+02	1.916430000000000007e+02	1.917800000000000011e+02	1.917340000000000089e+02	1.917340000000000089e+02	1.916879999999999882e+02	1.917570000000000050e+02	1.915970000000000084e+02	1.916200000000000045e+02	1.916200000000000045e+02	1.916659999999999968e+02	1.915970000000000084e+02
0.000000000000000000e+00	1.988300000000000125e+02	1.842040000000000077e+02	1.713410000000000082e+02	1.601260000000000048e+02	1.490709999999999980e+02	1.389770000000000039e+02	1.303940000000000055e+02	1.231839999999999975e+02	1.170270000000000010e+02	1.119459999999999980e+02	1.078259999999999934e+02	1.046449999999999960e+02	1.020130000000000052e+02	9.995300000000000296e+01	9.821299999999999386e+01	9.681699999999999307e+01	9.574099999999999966e+01	9.480299999999999727e+01	9.423099999999999454e+01	9.370399999999999352e+01	9.340699999999999648e+01	9.290300000000000580e+01	9.269700000000000273e+01	9.228499999999999659e+01	9.198799999999999955e+01	9.184999999999999432e+01	9.171299999999999386e+01	9.168999999999999773e+01	9.175900000000000034e+01	9.173600000000000421e+01	9.187300000000000466e+01	9.180500000000000682e+01	9.196500000000000341e+01	9.191899999999999693e+01	9.201000000000000512e+01	9.212500000000000000e+01	9.256000000000000227e+01	9.267400000000000659e+01	9.274299999999999500e+01	9.290300000000000580e+01	9.301800000000000068e+01	9.331499999999999773e+01	9.347499999999999432e+01	9.356699999999999307e+01	9.370399999999999352e+01	9.406999999999999318e+01	9.427599999999999625e+01	9.452800000000000580e+01	9.475700000000000500e+01	9.498600000000000421e+01	9.530599999999999739e+01	9.553499999999999659e+01	9.574099999999999966e+01	9.587900000000000489e+01	9.624500000000000455e+01	9.631300000000000239e+01	9.656499999999999773e+01	9.681699999999999307e+01	9.690900000000000603e+01	9.743500000000000227e+01	9.745799999999999841e+01	9.766400000000000148e+01	9.784699999999999420e+01	9.805299999999999727e+01	9.832800000000000296e+01	9.846500000000000341e+01	9.885399999999999920e+01	9.903700000000000614e+01	9.935800000000000409e+01	9.954099999999999682e+01	9.979200000000000159e+01	9.997599999999999909e+01	1.002270000000000039e+02	1.003880000000000052e+02	1.004099999999999966e+02	1.006389999999999958e+02	1.009140000000000015e+02	1.010739999999999981e+02	1.012339999999999947e+02	1.014629999999999939e+02	1.019899999999999949e+02	1.020130000000000052e+02	1.021959999999999980e+02	1.022420000000000044e+02	1.024929999999999950e+02	1.026760000000000019e+02	1.028139999999999930e+02	1.029740000000000038e+02	1.033859999999999957e+02	1.035460000000000065e+02	1.037060000000000031e+02	1.041179999999999950e+02	1.043469999999999942e+02	1.045300000000000011e+02	1.047819999999999965e+02	1.049419999999999931e+02	1.053769999999999953e+02	1.054230000000000018e+02	1.056290000000000049e+02	1.058119999999999976e+02	1.060870000000000033e+02	1.061779999999999973e+02	1.063610000000000042e+02	1.066129999999999995e+02	1.067049999999999983e+02	1.068419999999999987e+02	1.071400000000000006e+02	1.072309999999999945e+02	1.073910000000000053e+02	1.075739999999999981e+02	1.076659999999999968e+02	1.078490000000000038e+02	1.079639999999999986e+02	1.080780000000000030e+02	1.081700000000000017e+02	1.083760000000000048e+02	1.085130000000000052e+02	1.085360000000000014e+02	1.087189999999999941e+02	1.089479999999999933e+02	1.089939999999999998e+02	1.090390000000000015e+02	1.091539999999999964e+02	1.092450000000000045e+02	1.092909999999999968e+02	1.095199999999999960e+02	1.095660000000000025e+02	1.095889999999999986e+02	1.096119999999999948e+02	1.097720000000000056e+02	1.098179999999999978e+02	1.098629999999999995e+02	1.099320000000000022e+02	1.099549999999999983e+02	1.100690000000000026e+02	1.101839999999999975e+02	1.102980000000000018e+02	1.104129999999999967e+02	1.103439999999999941e+02	1.103670000000000044e+02	1.103670000000000044e+02	1.103670000000000044e+02	1.103670000000000044e+02	1.103670000000000044e+02	1.104129999999999967e+02	1.103900000000000006e+02	1.105499999999999972e+02	1.106410000000000053e+02	1.105499999999999972e+02	1.106189999999999998e+02	1.107099999999999937e+02	1.107099999999999937e+02	1.107099999999999937e+02	1.108020000000000067e+02	1.108020000000000067e+02	1.108250000000000028e+02	1.110529999999999973e+02	1.110759999999999934e+02	1.110759999999999934e+02	1.111219999999999999e+02	1.112369999999999948e+02	1.110990000000000038e+02	1.111680000000000064e+02	1.112369999999999948e+02	1.113509999999999991e+02	1.114429999999999978e+02	1.114200000000000017e+02	1.114200000000000017e+02	1.114650000000000034e+02	1.115570000000000022e+02	1.116490000000000009e+02	1.116490000000000009e+02	1.116710000000000065e+02	1.116940000000000026e+02	1.117169999999999987e+02	1.117630000000000052e+02	1.118319999999999936e+02	1.118550000000000040e+02	1.119689999999999941e+02	1.119459999999999980e+02	1.119920000000000044e+02	1.119459999999999980e+02	1.118769999999999953e+02	1.120150000000000006e+02	1.120610000000000070e+02	1.120610000000000070e+02	1.119689999999999941e+02	1.120150000000000006e+02	1.120610000000000070e+02
0.000000000000000000e+00	1.950989999999999895e+02	1.788710000000000093e+02	1.623230000000000075e+02	1.471250000000000000e+02	1.339869999999999948e+02	1.222459999999999951e+02	1.127699999999999960e+02	1.049419999999999931e+02	9.869400000000000261e+01	9.372700000000000387e+01	8.979000000000000625e+01	8.624299999999999500e+01	8.356499999999999773e+01	8.081799999999999784e+01	7.793399999999999750e+01	7.493600000000000705e+01	7.207500000000000284e+01	6.976300000000000523e+01	6.770300000000000296e+01	6.559799999999999898e+01	6.378900000000000148e+01	6.218699999999999761e+01	6.081400000000000006e+01	5.964699999999999847e+01	5.861699999999999733e+01	5.765500000000000114e+01	5.692300000000000182e+01	5.609899999999999665e+01	5.564099999999999824e+01	5.518299999999999983e+01	5.488600000000000279e+01	5.447399999999999665e+01	5.433700000000000330e+01	5.401599999999999824e+01	5.381000000000000227e+01	5.371900000000000119e+01	5.353499999999999659e+01	5.349000000000000199e+01	5.353499999999999659e+01	5.346699999999999875e+01	5.342099999999999937e+01	5.351299999999999812e+01	5.371900000000000119e+01	5.390200000000000102e+01	5.401599999999999824e+01	5.406199999999999761e+01	5.413100000000000023e+01	5.417600000000000193e+01	5.435900000000000176e+01	5.445100000000000051e+01	5.474900000000000233e+01	5.474900000000000233e+01	5.504599999999999937e+01	5.518299999999999983e+01	5.536699999999999733e+01	5.538900000000000290e+01	5.566400000000000148e+01	5.589300000000000068e+01	5.618999999999999773e+01	5.621300000000000097e+01	5.621300000000000097e+01	5.641899999999999693e+01	5.669400000000000261e+01	5.678600000000000136e+01	5.703699999999999903e+01	5.749499999999999744e+01	5.699199999999999733e+01	5.781600000000000250e+01	5.797599999999999909e+01	5.841100000000000136e+01	5.868500000000000227e+01	5.877700000000000102e+01	5.916599999999999682e+01	5.980700000000000216e+01	5.989800000000000324e+01	6.053900000000000148e+01	6.060799999999999699e+01	6.072200000000000131e+01	6.081400000000000006e+01	6.106600000000000250e+01	6.120300000000000296e+01	6.154599999999999937e+01	6.182099999999999795e+01	6.186699999999999733e+01	6.202700000000000102e+01	6.216400000000000148e+01	6.248499999999999943e+01	6.296500000000000341e+01	6.312599999999999767e+01	6.326299999999999812e+01	6.344599999999999795e+01	6.367499999999999716e+01	6.388100000000000023e+01	6.449899999999999523e+01	6.472799999999999443e+01	6.481900000000000261e+01	6.504800000000000182e+01	6.518600000000000705e+01	6.541400000000000148e+01	6.555200000000000671e+01	6.573499999999999943e+01	6.594100000000000250e+01	6.610099999999999909e+01	6.623799999999999955e+01	6.648999999999999488e+01	6.671899999999999409e+01	6.678799999999999670e+01	6.703900000000000148e+01	6.724500000000000455e+01	6.735999999999999943e+01	6.754300000000000637e+01	6.774899999999999523e+01	6.786299999999999955e+01	6.809199999999999875e+01	6.859600000000000364e+01	6.870999999999999375e+01	6.905400000000000205e+01	6.921399999999999864e+01	6.937399999999999523e+01	6.948900000000000432e+01	6.983199999999999363e+01	7.001500000000000057e+01	7.022100000000000364e+01	7.045000000000000284e+01	7.060999999999999943e+01	7.072400000000000375e+01	7.088500000000000512e+01	7.122799999999999443e+01	7.125100000000000477e+01	7.148000000000000398e+01	7.170900000000000318e+01	7.189199999999999591e+01	7.218899999999999295e+01	7.225799999999999557e+01	7.246399999999999864e+01	7.262399999999999523e+01	7.282999999999999829e+01	7.305899999999999750e+01	7.326500000000000057e+01	7.344799999999999329e+01	7.351699999999999591e+01	7.372299999999999898e+01	7.379200000000000159e+01	7.404300000000000637e+01	7.422599999999999909e+01	7.443200000000000216e+01	7.466100000000000136e+01	7.475300000000000011e+01	7.493600000000000705e+01	7.518800000000000239e+01	7.527899999999999636e+01	7.548499999999999943e+01	7.555400000000000205e+01	7.569100000000000250e+01	7.580599999999999739e+01	7.596599999999999397e+01	7.614900000000000091e+01	7.624099999999999966e+01	7.628600000000000136e+01	7.644700000000000273e+01	7.653799999999999670e+01	7.672100000000000364e+01	7.695000000000000284e+01	7.697299999999999898e+01	7.720199999999999818e+01	7.722499999999999432e+01	7.740800000000000125e+01	7.761400000000000432e+01	7.768200000000000216e+01	7.777400000000000091e+01	7.791100000000000136e+01	7.811700000000000443e+01	7.818600000000000705e+01	7.832299999999999329e+01	7.848399999999999466e+01	7.859799999999999898e+01	7.880400000000000205e+01	7.884999999999999432e+01	7.901000000000000512e+01	7.907899999999999352e+01	7.923900000000000432e+01	7.932999999999999829e+01	7.953600000000000136e+01	7.965099999999999625e+01	7.983400000000000318e+01	7.987999999999999545e+01	7.997100000000000364e+01	8.008599999999999852e+01	8.029200000000000159e+01
1.000000000000000000e+00	2.598720000000000141e+02	2.436450000000000102e+02	2.292709999999999866e+02	2.162249999999999943e+02	2.046659999999999968e+02	1.928789999999999907e+02	1.825560000000000116e+02	1.732410000000000139e+02	1.649089999999999918e+02	1.575159999999999911e+02	1.508559999999999945e+02	1.447680000000000007e+02	1.391370000000000005e+02	1.331630000000000109e+02	1.271899999999999977e+02	1.211470000000000056e+02	1.160660000000000025e+02	1.120829999999999984e+02	1.084899999999999949e+02	1.056749999999999972e+02	1.032710000000000008e+02	1.012339999999999947e+02	9.965500000000000114e+01	9.841899999999999693e+01	9.734300000000000352e+01	9.635899999999999466e+01	9.551200000000000045e+01	9.478000000000000114e+01	9.434499999999999886e+01	9.409300000000000352e+01	9.363599999999999568e+01	9.343000000000000682e+01	9.326900000000000546e+01	9.304000000000000625e+01	9.306300000000000239e+01	9.287999999999999545e+01	9.262800000000000011e+01	9.269700000000000273e+01	9.262800000000000011e+01	9.274299999999999500e+01	9.240000000000000568e+01	9.230800000000000693e+01	9.221599999999999397e+01	9.249099999999999966e+01	9.283400000000000318e+01	9.285699999999999932e+01	9.306300000000000239e+01	9.317799999999999727e+01	9.315500000000000114e+01	9.313200000000000500e+01	9.359000000000000341e+01	9.361299999999999955e+01	9.459699999999999420e+01	9.471099999999999852e+01	9.462000000000000455e+01	9.480299999999999727e+01	9.432200000000000273e+01	9.471099999999999852e+01	9.482599999999999341e+01	9.519199999999999307e+01	9.551200000000000045e+01	9.619899999999999807e+01	9.619899999999999807e+01	9.599299999999999500e+01	9.695399999999999352e+01	9.695399999999999352e+01	9.672499999999999432e+01	9.665699999999999648e+01	9.688599999999999568e+01	9.688599999999999568e+01	9.720600000000000307e+01	9.846500000000000341e+01	9.837300000000000466e+01	9.848799999999999955e+01	9.880800000000000693e+01	9.885399999999999920e+01	9.921999999999999886e+01	9.931199999999999761e+01	1.005019999999999953e+02	1.013949999999999960e+02	1.016239999999999952e+02	1.021039999999999992e+02	1.025160000000000053e+02	1.022639999999999958e+02	1.025619999999999976e+02	1.028820000000000050e+02	1.033629999999999995e+02	1.030879999999999939e+02	1.037980000000000018e+02	1.037289999999999992e+02	1.040499999999999972e+02	1.041410000000000053e+02	1.050109999999999957e+02	1.047129999999999939e+02	1.052399999999999949e+02	1.051940000000000026e+02	1.053310000000000031e+02	1.067279999999999944e+02	1.076889999999999930e+02	1.074830000000000041e+02	1.086730000000000018e+02	1.091770000000000067e+02	1.092680000000000007e+02	1.094740000000000038e+02	1.101380000000000052e+02	1.103670000000000044e+02	1.108700000000000045e+02	1.114650000000000034e+02	1.122669999999999959e+02	1.130909999999999940e+02	1.144180000000000064e+02	1.155619999999999976e+02	1.171419999999999959e+02	1.192930000000000064e+02	1.208269999999999982e+02	1.227259999999999991e+02	1.250379999999999967e+02	1.278760000000000048e+02	1.310579999999999927e+02	1.361850000000000023e+02	1.388170000000000073e+02	1.420670000000000073e+02	1.454319999999999879e+02	1.485900000000000034e+02	1.517489999999999952e+02	1.553189999999999884e+02	1.579060000000000059e+02	1.606519999999999868e+02	1.636959999999999980e+02	1.666719999999999970e+02	1.695099999999999909e+02	1.722340000000000089e+02	1.744770000000000039e+02	1.769939999999999998e+02	1.791229999999999905e+02	1.805190000000000055e+02	1.838609999999999900e+02	1.848220000000000027e+02	1.859439999999999884e+02	1.904979999999999905e+02	1.915049999999999955e+02	1.995159999999999911e+02	2.030639999999999930e+02	2.032239999999999895e+02	2.045060000000000002e+02	2.049869999999999948e+02	2.053069999999999879e+02	2.057880000000000109e+02	2.063369999999999891e+02	2.070689999999999884e+02	2.076419999999999959e+02	2.081910000000000025e+02	2.087170000000000130e+02	2.091059999999999945e+02	2.104339999999999975e+02	2.107769999999999868e+02	2.111430000000000007e+02	2.113950000000000102e+02	2.116699999999999875e+02	2.143249999999999886e+02	2.141649999999999920e+02	2.146680000000000064e+02	2.142560000000000002e+02	2.140500000000000114e+02	2.141189999999999998e+02	2.144619999999999891e+02	2.143710000000000093e+02	2.148280000000000030e+02	2.152630000000000052e+02	2.157210000000000036e+02	2.163160000000000025e+02	2.167969999999999970e+02	2.168880000000000052e+02	2.170029999999999859e+02	2.175060000000000002e+02	2.186740000000000066e+02	2.191090000000000089e+02	2.181020000000000039e+02	2.181699999999999875e+02	2.181930000000000121e+02	2.181699999999999875e+02	2.190629999999999882e+02	2.194749999999999943e+02	2.197270000000000039e+02	2.199550000000000125e+02	2.200929999999999893e+02	2.202990000000000066e+02	2.219010000000000105e+02	2.220610000000000070e+02
0.000000000000000000e+00	4.113009999999999877e+02	3.560260000000000105e+02	3.184889999999999759e+02	2.829900000000000091e+02	2.510600000000000023e+02	2.253569999999999993e+02	2.043909999999999911e+02	1.889420000000000073e+02	1.764449999999999932e+02	1.667630000000000052e+02	1.591639999999999873e+02	1.511080000000000041e+02	1.452259999999999991e+02	1.399840000000000089e+02	1.359559999999999889e+02	1.330720000000000027e+02	1.299819999999999993e+02	1.268010000000000019e+02	1.240310000000000059e+02	1.230930000000000035e+02	1.212159999999999940e+02	1.191560000000000059e+02	1.173479999999999990e+02	1.152650000000000006e+02	1.136170000000000044e+02	1.113970000000000056e+02	1.099320000000000022e+02	1.100010000000000048e+02	1.088329999999999984e+02	1.082609999999999957e+02	1.077579999999999956e+02	1.073460000000000036e+02	1.073679999999999950e+02	1.074599999999999937e+02	1.080319999999999965e+02	1.084210000000000065e+02	1.092450000000000045e+02	1.099549999999999983e+02	1.106410000000000053e+02	1.113050000000000068e+02	1.136170000000000044e+02	1.146239999999999952e+02	1.153110000000000070e+02	1.168209999999999980e+02	1.180340000000000060e+02	1.188810000000000002e+02	1.200939999999999941e+02	1.219249999999999972e+02	1.232300000000000040e+02	1.243970000000000056e+02	1.258160000000000025e+02	1.268919999999999959e+02	1.279909999999999997e+02	1.291349999999999909e+02	1.305540000000000020e+02	1.317210000000000036e+02	1.333919999999999959e+02	1.344219999999999970e+02	1.352230000000000132e+02	1.359099999999999966e+02	1.362079999999999984e+02	1.366200000000000045e+02	1.369629999999999939e+02	1.377640000000000100e+02	1.380840000000000032e+02	1.384509999999999934e+02	1.388400000000000034e+02	1.392520000000000095e+02	1.395029999999999859e+02	1.398009999999999877e+02	1.402359999999999900e+02	1.398470000000000084e+02	1.402820000000000107e+02	1.411510000000000105e+02	1.414950000000000045e+02	1.417690000000000055e+02	1.420670000000000073e+02	1.424329999999999927e+02	1.425480000000000018e+02	1.428449999999999989e+02	1.422270000000000039e+02	1.424099999999999966e+02	1.428449999999999989e+02	1.430049999999999955e+02	1.435320000000000107e+02	1.442410000000000139e+02	1.443789999999999907e+02	1.448590000000000089e+02	1.452709999999999866e+02	1.454540000000000077e+02	1.458439999999999941e+02	1.461639999999999873e+02	1.494139999999999873e+02	1.492769999999999868e+02	1.496430000000000007e+02	1.501690000000000111e+02	1.503520000000000039e+02	1.506730000000000018e+02	1.510620000000000118e+02	1.512680000000000007e+02	1.516570000000000107e+02	1.515879999999999939e+02	1.513600000000000136e+02	1.517030000000000030e+02	1.516800000000000068e+02	1.517719999999999914e+02	1.520689999999999884e+02	1.524120000000000061e+02	1.525960000000000036e+02	1.527789999999999964e+02	1.530759999999999934e+02	1.534420000000000073e+02	1.537860000000000014e+02	1.536030000000000086e+02	1.537860000000000014e+02	1.541750000000000114e+02	1.544490000000000123e+02	1.543810000000000002e+02	1.546100000000000136e+02	1.549759999999999991e+02	1.553420000000000130e+02	1.565320000000000107e+02	1.564869999999999948e+02	1.566009999999999991e+02	1.567379999999999995e+02	1.568760000000000048e+02	1.570360000000000014e+02	1.570819999999999936e+02	1.571040000000000134e+02	1.571270000000000095e+02	1.571500000000000057e+02	1.573559999999999945e+02	1.575850000000000080e+02	1.578139999999999930e+02	1.579970000000000141e+02	1.579970000000000141e+02	1.581339999999999861e+02	1.581570000000000107e+02	1.582030000000000030e+02	1.582259999999999991e+02	1.584319999999999879e+02	1.583180000000000121e+02	1.584550000000000125e+02	1.583180000000000121e+02	1.585010000000000048e+02	1.583859999999999957e+02	1.583400000000000034e+02	1.582030000000000030e+02	1.583400000000000034e+02	1.586150000000000091e+02	1.584319999999999879e+02	1.584780000000000086e+02	1.585920000000000130e+02	1.585010000000000048e+02	1.588439999999999941e+02	1.587520000000000095e+02	1.590269999999999868e+02	1.590730000000000075e+02	1.589579999999999984e+02	1.589579999999999984e+02	1.590730000000000075e+02	1.592789999999999964e+02	1.592560000000000002e+02	1.598280000000000030e+02	1.601490000000000009e+02	1.605380000000000109e+02	1.598969999999999914e+02	1.601030000000000086e+02	1.601939999999999884e+02	1.602630000000000052e+02	1.602400000000000091e+02	1.603089999999999975e+02	1.604230000000000018e+02	1.603549999999999898e+02	1.605380000000000109e+02	1.607210000000000036e+02	1.609039999999999964e+02	1.608810000000000002e+02	1.610639999999999930e+02	1.611560000000000059e+02	1.611100000000000136e+02	1.610409999999999968e+02	1.611330000000000098e+02	1.611330000000000098e+02	1.616819999999999879e+02	1.617280000000000086e+02	1.615449999999999875e+02	1.616589999999999918e+02	1.614070000000000107e+02
0.000000000000000000e+00	5.071109999999999900e+02	4.535059999999999718e+02	4.069289999999999736e+02	3.668290000000000077e+02	3.282620000000000005e+02	2.999950000000000045e+02	2.762149999999999750e+02	2.538990000000000009e+02	2.389070000000000107e+02	2.292940000000000111e+02	2.207340000000000089e+02	2.131119999999999948e+02	2.065200000000000102e+02	2.005920000000000130e+02	1.945500000000000114e+02	1.871109999999999900e+02	1.803360000000000127e+02	1.743160000000000025e+02	1.692580000000000098e+02	1.647719999999999914e+02	1.612470000000000141e+02	1.580200000000000102e+02	1.549070000000000107e+02	1.528470000000000084e+02	1.511080000000000041e+02	1.495060000000000002e+02	1.481320000000000050e+02	1.469190000000000111e+02	1.459809999999999945e+02	1.456599999999999966e+02	1.452940000000000111e+02	1.443100000000000023e+02	1.435550000000000068e+02	1.430279999999999916e+02	1.424559999999999889e+02	1.422500000000000000e+02	1.420209999999999866e+02	1.421810000000000116e+02	1.420900000000000034e+02	1.426390000000000100e+02	1.428909999999999911e+02	1.435550000000000068e+02	1.438979999999999961e+02	1.446299999999999955e+02	1.450879999999999939e+02	1.454770000000000039e+02	1.459809999999999945e+02	1.466899999999999977e+02	1.473770000000000095e+02	1.482239999999999895e+02	1.492539999999999907e+02	1.499399999999999977e+02	1.503750000000000000e+02	1.508100000000000023e+02	1.512680000000000007e+02	1.516800000000000068e+02	1.524579999999999984e+02	1.528019999999999925e+02	1.532820000000000107e+02	1.537630000000000052e+02	1.542210000000000036e+02	1.546550000000000011e+02	1.554569999999999936e+02	1.559830000000000041e+02	1.563950000000000102e+02	1.568979999999999961e+02	1.575389999999999873e+02	1.581570000000000107e+02	1.588439999999999941e+02	1.594619999999999891e+02	1.599879999999999995e+02	1.607439999999999998e+02	1.613619999999999948e+02	1.620939999999999941e+02	1.628040000000000020e+02	1.634219999999999970e+02	1.639480000000000075e+02	1.645660000000000025e+02	1.651839999999999975e+02	1.657100000000000080e+02	1.663509999999999991e+02	1.669010000000000105e+02	1.676560000000000059e+02	1.683429999999999893e+02	1.689379999999999882e+02	1.693950000000000102e+02	1.701510000000000105e+02	1.707920000000000016e+02	1.713640000000000043e+02	1.721189999999999998e+02	1.727139999999999986e+02	1.732640000000000100e+02	1.740190000000000055e+02	1.745910000000000082e+02	1.751860000000000070e+02	1.758729999999999905e+02	1.766740000000000066e+02	1.773379999999999939e+02	1.780469999999999970e+02	1.787570000000000050e+02	1.794199999999999875e+02	1.802899999999999920e+02	1.809079999999999870e+02	1.820529999999999973e+02	1.828079999999999927e+02	1.836320000000000050e+02	1.842729999999999961e+02	1.850509999999999877e+02	1.858750000000000000e+02	1.868820000000000050e+02	1.878890000000000100e+02	1.887589999999999861e+02	1.895600000000000023e+02	1.904530000000000030e+02	1.912079999999999984e+02	1.921009999999999991e+02	1.930850000000000080e+02	1.936800000000000068e+02	1.939770000000000039e+02	1.942290000000000134e+02	1.943209999999999980e+02	1.942520000000000095e+02	1.943890000000000100e+02	1.943660000000000139e+02	1.943439999999999941e+02	1.946179999999999950e+02	1.947100000000000080e+02	1.946870000000000118e+02	1.950070000000000050e+02	1.949389999999999930e+02	1.948240000000000123e+02	1.948009999999999877e+02	1.949840000000000089e+02	1.950070000000000050e+02	1.950989999999999895e+02	1.952359999999999900e+02	1.951680000000000064e+02	1.953280000000000030e+02	1.953959999999999866e+02	1.953959999999999866e+02	1.955109999999999957e+02	1.955569999999999879e+02	1.957630000000000052e+02	1.957860000000000014e+02	1.958540000000000134e+02	1.956709999999999923e+02	1.956250000000000000e+02	1.958079999999999927e+02	1.956939999999999884e+02	1.957170000000000130e+02	1.957170000000000130e+02	1.956479999999999961e+02	1.956939999999999884e+02	1.956250000000000000e+02	1.956020000000000039e+02	1.957630000000000052e+02	1.956939999999999884e+02	1.955800000000000125e+02	1.956939999999999884e+02	1.958079999999999927e+02	1.957170000000000130e+02	1.956939999999999884e+02	1.955800000000000125e+02	1.955569999999999879e+02	1.957170000000000130e+02	1.957170000000000130e+02	1.955339999999999918e+02	1.957860000000000014e+02	1.958770000000000095e+02	1.956939999999999884e+02	1.959000000000000057e+02	1.959000000000000057e+02	1.958079999999999927e+02	1.959000000000000057e+02	1.959000000000000057e+02	1.957860000000000014e+02	1.959459999999999980e+02	1.931080000000000041e+02	1.958079999999999927e+02	1.960370000000000061e+02	1.959230000000000018e+02	1.957630000000000052e+02	1.958540000000000134e+02	1.958540000000000134e+02	1.957400000000000091e+02	1.958540000000000134e+02	1.957860000000000014e+02	1.957400000000000091e+02	1.959230000000000018e+02
0.000000000000000000e+00	2.505569999999999879e+02	2.300029999999999859e+02	2.106630000000000109e+02	1.925809999999999889e+02	1.760329999999999870e+02	1.630780000000000030e+02	1.546100000000000136e+02	1.440579999999999927e+02	1.416320000000000050e+02	1.322709999999999866e+02	1.283110000000000070e+02	1.251069999999999993e+02	1.223370000000000033e+02	1.205750000000000028e+02	1.185840000000000032e+02	1.172789999999999964e+02	1.159969999999999999e+02	1.147379999999999995e+02	1.138919999999999959e+02	1.132740000000000009e+02	1.131820000000000022e+02	1.120379999999999967e+02	1.115570000000000022e+02	1.112590000000000003e+02	1.108250000000000028e+02	1.104129999999999967e+02	1.100229999999999961e+02	1.099090000000000060e+02	1.098400000000000034e+02	1.097030000000000030e+02	1.096800000000000068e+02	1.092680000000000007e+02	1.093139999999999930e+02	1.092450000000000045e+02	1.094060000000000059e+02	1.093370000000000033e+02	1.094969999999999999e+02	1.097030000000000030e+02	1.098179999999999978e+02	1.097950000000000017e+02	1.102289999999999992e+02	1.103670000000000044e+02	1.105270000000000010e+02	1.104579999999999984e+02	1.106640000000000015e+02	1.111910000000000025e+02	1.113280000000000030e+02	1.113970000000000056e+02	1.118769999999999953e+02	1.118769999999999953e+02	1.121059999999999945e+02	1.124729999999999990e+02	1.125639999999999930e+02	1.127240000000000038e+02	1.131129999999999995e+02	1.132740000000000009e+02	1.134569999999999936e+02	1.137309999999999945e+02	1.138460000000000036e+02	1.140289999999999964e+02	1.142810000000000059e+02	1.145100000000000051e+02	1.146239999999999952e+02	1.149899999999999949e+02	1.153110000000000070e+02	1.152650000000000006e+02	1.155400000000000063e+02	1.160430000000000064e+02	1.160430000000000064e+02	1.164090000000000060e+02	1.165240000000000009e+02	1.167069999999999936e+02	1.169129999999999967e+02	1.171419999999999959e+02	1.172789999999999964e+02	1.175310000000000059e+02	1.176680000000000064e+02	1.179200000000000017e+02	1.181490000000000009e+02	1.183780000000000001e+02	1.185610000000000070e+02	1.188130000000000024e+02	1.189270000000000067e+02	1.190639999999999930e+02	1.194530000000000030e+02	1.194989999999999952e+02	1.195679999999999978e+02	1.198649999999999949e+02	1.200709999999999980e+02	1.202549999999999955e+02	1.204609999999999985e+02	1.206670000000000016e+02	1.201400000000000006e+02	1.210330000000000013e+02	1.212159999999999940e+02	1.211700000000000017e+02	1.216050000000000040e+02	1.216280000000000001e+02	1.217650000000000006e+02	1.213760000000000048e+02	1.222000000000000028e+02	1.222229999999999990e+02	1.226119999999999948e+02	1.226580000000000013e+02	1.226580000000000013e+02	1.227259999999999991e+02	1.229320000000000022e+02	1.229549999999999983e+02	1.229320000000000022e+02	1.231839999999999975e+02	1.230699999999999932e+02	1.226350000000000051e+02	1.235280000000000058e+02	1.235049999999999955e+02	1.238020000000000067e+02	1.237109999999999985e+02	1.238709999999999951e+02	1.241230000000000047e+02	1.243059999999999974e+02	1.243059999999999974e+02	1.248089999999999975e+02	1.250379999999999967e+02	1.250379999999999967e+02	1.252669999999999959e+02	1.254959999999999951e+02	1.253359999999999985e+02	1.258160000000000025e+02	1.259309999999999974e+02	1.260450000000000017e+02	1.262969999999999970e+02	1.264569999999999936e+02	1.265949999999999989e+02	1.268460000000000036e+02	1.271440000000000055e+02	1.271670000000000016e+02	1.273960000000000008e+02	1.275789999999999935e+02	1.276929999999999978e+02	1.278310000000000031e+02	1.280589999999999975e+02	1.282880000000000109e+02	1.285399999999999920e+02	1.284710000000000036e+02	1.286090000000000089e+02	1.286539999999999964e+02	1.287690000000000055e+02	1.287920000000000016e+02	1.289519999999999982e+02	1.290660000000000025e+02	1.291119999999999948e+02	1.294329999999999927e+02	1.295240000000000009e+02	1.296160000000000139e+02	1.296839999999999975e+02	1.297760000000000105e+02	1.297760000000000105e+02	1.300740000000000123e+02	1.297529999999999859e+02	1.300279999999999916e+02	1.302340000000000089e+02	1.302570000000000050e+02	1.302110000000000127e+02	1.302110000000000127e+02	1.301419999999999959e+02	1.300740000000000123e+02	1.304629999999999939e+02	1.304399999999999977e+02	1.303940000000000055e+02	1.305769999999999982e+02	1.306459999999999866e+02	1.312410000000000139e+02	1.313779999999999859e+02	1.313549999999999898e+02	1.313779999999999859e+02	1.314699999999999989e+02	1.312410000000000139e+02	1.311949999999999932e+02	1.313319999999999936e+02	1.317899999999999920e+02	1.318360000000000127e+02	1.319499999999999886e+02	1.321560000000000059e+02	1.321330000000000098e+02	1.323389999999999986e+02	1.324310000000000116e+02	1.324079999999999870e+02	1.325000000000000000e+02	1.327059999999999889e+02	1.325449999999999875e+02
0.000000000000000000e+00	1.214449999999999932e+02	1.128160000000000025e+02	1.053539999999999992e+02	9.878499999999999659e+01	9.258299999999999841e+01	8.715800000000000125e+01	8.258100000000000307e+01	7.848399999999999466e+01	7.479900000000000659e+01	7.161700000000000443e+01	6.868699999999999761e+01	6.619299999999999784e+01	6.397200000000000131e+01	6.211899999999999977e+01	6.074499999999999744e+01	5.909700000000000131e+01	5.815899999999999892e+01	5.731199999999999761e+01	5.609899999999999665e+01	5.557300000000000040e+01	5.463400000000000034e+01	5.401599999999999824e+01	5.335199999999999676e+01	5.296300000000000097e+01	5.268900000000000006e+01	5.188799999999999812e+01	5.147599999999999909e+01	5.149799999999999756e+01	5.113199999999999790e+01	5.106400000000000006e+01	5.090299999999999869e+01	5.058299999999999841e+01	5.058299999999999841e+01	5.060600000000000165e+01	5.042300000000000182e+01	5.062899999999999778e+01	5.058299999999999841e+01	5.060600000000000165e+01	5.062899999999999778e+01	5.053699999999999903e+01	5.053699999999999903e+01	5.021699999999999875e+01	4.964399999999999835e+01	4.877499999999999858e+01	4.898100000000000165e+01	5.069700000000000273e+01	5.067399999999999949e+01	5.046800000000000352e+01	5.106400000000000006e+01	5.142999999999999972e+01	5.142999999999999972e+01	5.142999999999999972e+01	5.156700000000000017e+01	5.188799999999999812e+01	5.197899999999999920e+01	5.239099999999999824e+01	5.266599999999999682e+01	5.232200000000000273e+01	5.246000000000000085e+01	5.280299999999999727e+01	5.225399999999999778e+01	5.220799999999999841e+01	5.239099999999999824e+01	5.291700000000000159e+01	5.355799999999999983e+01	5.387899999999999778e+01	5.410799999999999699e+01	5.449699999999999989e+01	5.424499999999999744e+01	5.548100000000000165e+01	5.550399999999999778e+01	5.609899999999999665e+01	5.641899999999999693e+01	5.678600000000000136e+01	5.777000000000000313e+01	5.669400000000000261e+01	5.676299999999999812e+01	5.765500000000000114e+01	5.685399999999999920e+01	5.674000000000000199e+01	5.694599999999999795e+01	5.728900000000000148e+01	5.733500000000000085e+01	5.758700000000000330e+01	5.733500000000000085e+01	5.749499999999999744e+01	5.756400000000000006e+01	5.758700000000000330e+01	5.781600000000000250e+01	5.582399999999999807e+01	5.806700000000000017e+01	5.822800000000000153e+01	5.813600000000000279e+01	5.804399999999999693e+01	5.857099999999999795e+01	5.937199999999999989e+01	5.859400000000000119e+01	5.896000000000000085e+01	5.879999999999999716e+01	5.886800000000000210e+01	5.907399999999999807e+01	5.994400000000000261e+01	6.019599999999999795e+01	6.124900000000000233e+01	6.182099999999999795e+01	5.907399999999999807e+01	5.964699999999999847e+01	5.971500000000000341e+01	5.978399999999999892e+01	5.996699999999999875e+01	5.992099999999999937e+01	6.090500000000000114e+01	5.987500000000000000e+01	6.031000000000000227e+01	6.010399999999999920e+01	5.914300000000000068e+01	5.992099999999999937e+01	6.784099999999999397e+01	6.461299999999999955e+01	6.426999999999999602e+01	6.818399999999999750e+01	6.985500000000000398e+01	7.186899999999999977e+01	7.079300000000000637e+01	6.967199999999999704e+01	7.040399999999999636e+01	7.161700000000000443e+01	6.985500000000000398e+01	7.161700000000000443e+01	7.182299999999999329e+01	7.207500000000000284e+01	6.964900000000000091e+01	7.045000000000000284e+01	6.909900000000000375e+01	7.008400000000000318e+01	6.985500000000000398e+01	7.003799999999999670e+01	6.742900000000000205e+01	6.774899999999999523e+01	6.921399999999999864e+01	6.797799999999999443e+01	7.134199999999999875e+01	7.003799999999999670e+01	7.083899999999999864e+01	7.704200000000000159e+01	7.592000000000000171e+01	7.381399999999999295e+01	7.791100000000000136e+01	6.720000000000000284e+01	6.774899999999999523e+01	7.798000000000000398e+01	7.585099999999999909e+01	7.344799999999999329e+01	7.282999999999999829e+01	7.399699999999999989e+01	6.017300000000000182e+01	7.001500000000000057e+01	7.026699999999999591e+01	7.035800000000000409e+01	7.042700000000000671e+01	7.060999999999999943e+01	7.038100000000000023e+01	7.111400000000000432e+01	7.168600000000000705e+01	7.177700000000000102e+01	7.189199999999999591e+01	7.195999999999999375e+01	7.216599999999999682e+01	7.230400000000000205e+01	7.248699999999999477e+01	7.276200000000000045e+01	7.276200000000000045e+01	7.271599999999999397e+01	7.296800000000000352e+01	7.296800000000000352e+01	7.305899999999999750e+01	7.324200000000000443e+01	7.351699999999999591e+01	7.360800000000000409e+01	7.397499999999999432e+01	7.395199999999999818e+01	7.404300000000000637e+01	7.415800000000000125e+01	7.438700000000000045e+01	7.445499999999999829e+01	7.452400000000000091e+01	7.473000000000000398e+01	7.495900000000000318e+01	7.527899999999999636e+01
0.000000000000000000e+00	4.008870000000000005e+02	3.540339999999999918e+02	3.168410000000000082e+02	2.867889999999999873e+02	2.604449999999999932e+02	2.376250000000000000e+02	2.188569999999999993e+02	2.044139999999999873e+02	1.937940000000000111e+02	1.850740000000000123e+02	1.784590000000000032e+02	1.734470000000000027e+02	1.688460000000000036e+02	1.649780000000000086e+02	1.614300000000000068e+02	1.572649999999999864e+02	1.525039999999999907e+02	1.473079999999999927e+02	1.419300000000000068e+02	1.367800000000000011e+02	1.327740000000000009e+02	1.290889999999999986e+02	1.261830000000000069e+02	1.239170000000000016e+02	1.216280000000000001e+02	1.197969999999999970e+02	1.183550000000000040e+02	1.171189999999999998e+02	1.163409999999999940e+02	1.157909999999999968e+02	1.152420000000000044e+02	1.150360000000000014e+02	1.148760000000000048e+02	1.143949999999999960e+02	1.142810000000000059e+02	1.143719999999999999e+02	1.147159999999999940e+02	1.150819999999999936e+02	1.154020000000000010e+02	1.158599999999999994e+02	1.160199999999999960e+02	1.165240000000000009e+02	1.165469999999999970e+02	1.170729999999999933e+02	1.174620000000000033e+02	1.177139999999999986e+02	1.181490000000000009e+02	1.186069999999999993e+02	1.190409999999999968e+02	1.193619999999999948e+02	1.195450000000000017e+02	1.205979999999999990e+02	1.213529999999999944e+02	1.221539999999999964e+02	1.228179999999999978e+02	1.238250000000000028e+02	1.244429999999999978e+02	1.248089999999999975e+02	1.250150000000000006e+02	1.254500000000000028e+02	1.256099999999999994e+02	1.259080000000000013e+02	1.262740000000000009e+02	1.268010000000000019e+02	1.272579999999999956e+02	1.275789999999999935e+02	1.280589999999999975e+02	1.286090000000000089e+02	1.289979999999999905e+02	1.293870000000000005e+02	1.302110000000000127e+02	1.304629999999999939e+02	1.309430000000000121e+02	1.315610000000000070e+02	1.317669999999999959e+02	1.325449999999999875e+02	1.331630000000000109e+02	1.338269999999999982e+02	1.342620000000000005e+02	1.346279999999999859e+02	1.349259999999999877e+02	1.352920000000000016e+02	1.356349999999999909e+02	1.360469999999999970e+02	1.364360000000000070e+02	1.368259999999999934e+02	1.372379999999999995e+02	1.376040000000000134e+02	1.380159999999999911e+02	1.383820000000000050e+02	1.388629999999999995e+02	1.393890000000000100e+02	1.399149999999999920e+02	1.403269999999999982e+02	1.406709999999999923e+02	1.410829999999999984e+02	1.415180000000000007e+02	1.419300000000000068e+02	1.424790000000000134e+02	1.427990000000000066e+02	1.432570000000000050e+02	1.436459999999999866e+02	1.441730000000000018e+02	1.445850000000000080e+02	1.448820000000000050e+02	1.453400000000000034e+02	1.458439999999999941e+02	1.461870000000000118e+02	1.465759999999999934e+02	1.470109999999999957e+02	1.475829999999999984e+02	1.477889999999999873e+02	1.483379999999999939e+02	1.487500000000000000e+02	1.495740000000000123e+02	1.499180000000000064e+02	1.502150000000000034e+02	1.504439999999999884e+02	1.508789999999999907e+02	1.512220000000000084e+02	1.514279999999999973e+02	1.519089999999999918e+02	1.522980000000000018e+02	1.525960000000000036e+02	1.531450000000000102e+02	1.537400000000000091e+02	1.540370000000000061e+02	1.543350000000000080e+02	1.547239999999999895e+02	1.549989999999999952e+02	1.553420000000000130e+02	1.556399999999999864e+02	1.559600000000000080e+02	1.562580000000000098e+02	1.565550000000000068e+02	1.567839999999999918e+02	1.572189999999999941e+02	1.575850000000000080e+02	1.579060000000000059e+02	1.583180000000000121e+02	1.587069999999999936e+02	1.589809999999999945e+02	1.593480000000000132e+02	1.597599999999999909e+02	1.601490000000000009e+02	1.605380000000000109e+02	1.609499999999999886e+02	1.611330000000000098e+02	1.615219999999999914e+02	1.619110000000000014e+02	1.623000000000000114e+02	1.626659999999999968e+02	1.630099999999999909e+02	1.631930000000000121e+02	1.636959999999999980e+02	1.639250000000000114e+02	1.642680000000000007e+02	1.645889999999999986e+02	1.649319999999999879e+02	1.651380000000000052e+02	1.656419999999999959e+02	1.659619999999999891e+02	1.661910000000000025e+02	1.666949999999999932e+02	1.670380000000000109e+02	1.673360000000000127e+02	1.676560000000000059e+02	1.679530000000000030e+02	1.682510000000000048e+02	1.686169999999999902e+02	1.689379999999999882e+02	1.692810000000000059e+02	1.695099999999999909e+02	1.698300000000000125e+02	1.700130000000000052e+02	1.704029999999999916e+02	1.706999999999999886e+02	1.709749999999999943e+02	1.712949999999999875e+02	1.715699999999999932e+02	1.717760000000000105e+02	1.722110000000000127e+02	1.725080000000000098e+02	1.725769999999999982e+02	1.729660000000000082e+02	1.731949999999999932e+02	1.734919999999999902e+02	1.737439999999999998e+02	1.740879999999999939e+02
0.000000000000000000e+00	5.268859999999999673e+02	4.464110000000000014e+02	3.796460000000000150e+02	3.270029999999999859e+02	2.774049999999999727e+02	2.479250000000000114e+02	2.242129999999999939e+02	2.066349999999999909e+02	1.932220000000000084e+02	1.829910000000000139e+02	1.760790000000000077e+02	1.885759999999999934e+02	1.641999999999999886e+02	1.593700000000000045e+02	1.559370000000000118e+02	1.527330000000000041e+02	1.500089999999999861e+02	1.474230000000000018e+02	1.450879999999999939e+02	1.434399999999999977e+02	1.419749999999999943e+02	1.403729999999999905e+02	1.393660000000000139e+02	1.382220000000000084e+02	1.374209999999999923e+02	1.368940000000000055e+02	1.365049999999999955e+02	1.367340000000000089e+02	1.364590000000000032e+02	1.363220000000000027e+02	1.360020000000000095e+02	1.360240000000000009e+02	1.358410000000000082e+02	1.357959999999999923e+02	1.360469999999999970e+02	1.361620000000000061e+02	1.358410000000000082e+02	1.360929999999999893e+02	1.363909999999999911e+02	1.364819999999999993e+02	1.368480000000000132e+02	1.374209999999999923e+02	1.378329999999999984e+02	1.382899999999999920e+02	1.387249999999999943e+02	1.391599999999999966e+02	1.395949999999999989e+02	1.399840000000000089e+02	1.401440000000000055e+02	1.406939999999999884e+02	1.412429999999999950e+02	1.415860000000000127e+02	1.421810000000000116e+02	1.425699999999999932e+02	1.429139999999999873e+02	1.434859999999999900e+02	1.438290000000000077e+02	1.441040000000000134e+02	1.448139999999999930e+02	1.450649999999999977e+02	1.452030000000000030e+02	1.456599999999999966e+02	1.459579999999999984e+02	1.461409999999999911e+02	1.465529999999999973e+02	1.468280000000000030e+02	1.471479999999999961e+02	1.475140000000000100e+02	1.477659999999999911e+02	1.478810000000000002e+02	1.484070000000000107e+02	1.486589999999999918e+02	1.487729999999999961e+02	1.490480000000000018e+02	1.500780000000000030e+02	1.508100000000000023e+02	1.511759999999999877e+02	1.513369999999999891e+02	1.514050000000000011e+02	1.516339999999999861e+02	1.516109999999999900e+02	1.516800000000000068e+02	1.518859999999999957e+02	1.520459999999999923e+02	1.522059999999999889e+02	1.526409999999999911e+02	1.528470000000000084e+02	1.530529999999999973e+02	1.533739999999999952e+02	1.536030000000000086e+02	1.537170000000000130e+02	1.541059999999999945e+02	1.542889999999999873e+02	1.545180000000000007e+02	1.548389999999999986e+02	1.551589999999999918e+02	1.552729999999999961e+02	1.555480000000000018e+02	1.557309999999999945e+02	1.558909999999999911e+02	1.559370000000000118e+02	1.561430000000000007e+02	1.561889999999999930e+02	1.565550000000000068e+02	1.567379999999999995e+02	1.567839999999999918e+02	1.570589999999999975e+02	1.572419999999999902e+02	1.572649999999999864e+02	1.580200000000000102e+02	1.583400000000000034e+02	1.583859999999999957e+02	1.586839999999999975e+02	1.587299999999999898e+02	1.587069999999999936e+02	1.590960000000000036e+02	1.591870000000000118e+02	1.592330000000000041e+02	1.599879999999999995e+02	1.599430000000000121e+02	1.600569999999999879e+02	1.603319999999999936e+02	1.606750000000000114e+02	1.608120000000000118e+02	1.612930000000000064e+02	1.615449999999999875e+02	1.616819999999999879e+02	1.621860000000000070e+02	1.624830000000000041e+02	1.627810000000000059e+02	1.632160000000000082e+02	1.635819999999999936e+02	1.639019999999999868e+02	1.644290000000000020e+02	1.648640000000000043e+02	1.652529999999999859e+02	1.657100000000000080e+02	1.661450000000000102e+02	1.664660000000000082e+02	1.670149999999999864e+02	1.673810000000000002e+02	1.677249999999999943e+02	1.682740000000000009e+02	1.687319999999999993e+02	1.690289999999999964e+02	1.694869999999999948e+02	1.699679999999999893e+02	1.702189999999999941e+02	1.708830000000000098e+02	1.712270000000000039e+02	1.714780000000000086e+02	1.719130000000000109e+02	1.711119999999999948e+02	1.712270000000000039e+02	1.716380000000000052e+02	1.719130000000000109e+02	1.719590000000000032e+02	1.723480000000000132e+02	1.725769999999999982e+02	1.727829999999999870e+02	1.731260000000000048e+02	1.733089999999999975e+02	1.734010000000000105e+02	1.738820000000000050e+02	1.740190000000000055e+02	1.740649999999999977e+02	1.746370000000000005e+02	1.747510000000000048e+02	1.746140000000000043e+02	1.747510000000000048e+02	1.748429999999999893e+02	1.748890000000000100e+02	1.751169999999999902e+02	1.754379999999999882e+02	1.754379999999999882e+02	1.757129999999999939e+02	1.758729999999999905e+02	1.758269999999999982e+02	1.759869999999999948e+02	1.761020000000000039e+02	1.761469999999999914e+02	1.763530000000000086e+02	1.769029999999999916e+02	1.768340000000000032e+02	1.769710000000000036e+02	1.770860000000000127e+02	1.770629999999999882e+02	1.773609999999999900e+02	1.773379999999999939e+02
1.000000000000000000e+00	4.628679999999999950e+02	4.254460000000000264e+02	3.897629999999999768e+02	3.570099999999999909e+02	3.272090000000000032e+02	3.008419999999999845e+02	2.787320000000000277e+02	2.586139999999999759e+02	2.412640000000000100e+02	2.276229999999999905e+02	2.164310000000000116e+02	2.073669999999999902e+02	2.002719999999999914e+02	1.944350000000000023e+02	1.888729999999999905e+02	1.835169999999999959e+02	1.780469999999999970e+02	1.709519999999999982e+02	1.636049999999999898e+02	1.564639999999999986e+02	1.505360000000000014e+02	1.455689999999999884e+02	1.420900000000000034e+02	1.390689999999999884e+02	1.367340000000000089e+02	1.347889999999999873e+02	1.330949999999999989e+02	1.318129999999999882e+02	1.307829999999999870e+02	1.295929999999999893e+02	1.289060000000000059e+02	1.283110000000000070e+02	1.278080000000000069e+02	1.275789999999999935e+02	1.271209999999999951e+02	1.268460000000000036e+02	1.260909999999999940e+02	1.259770000000000039e+02	1.257249999999999943e+02	1.259539999999999935e+02	1.259989999999999952e+02	1.258160000000000025e+02	1.259770000000000039e+02	1.257930000000000064e+02	1.258160000000000025e+02	1.264569999999999936e+02	1.265949999999999989e+02	1.263889999999999958e+02	1.266170000000000044e+02	1.264339999999999975e+02	1.270520000000000067e+02	1.273730000000000047e+02	1.276020000000000039e+02	1.277159999999999940e+02	1.288379999999999939e+02	1.289979999999999905e+02	1.294559999999999889e+02	1.299360000000000070e+02	1.308979999999999961e+02	1.310579999999999927e+02	1.313779999999999859e+02	1.313549999999999898e+02	1.311719999999999970e+02	1.310809999999999889e+02	1.311719999999999970e+02	1.319050000000000011e+02	1.315380000000000109e+02	1.322249999999999943e+02	1.326140000000000043e+02	1.331409999999999911e+02	1.335300000000000011e+02	1.338040000000000020e+02	1.338269999999999982e+02	1.338499999999999943e+02	1.337129999999999939e+02	1.344449999999999932e+02	1.349259999999999877e+02	1.356119999999999948e+02	1.356349999999999909e+02	1.354749999999999943e+02	1.355670000000000073e+02	1.360929999999999893e+02	1.370769999999999982e+02	1.373979999999999961e+02	1.379470000000000027e+02	1.385879999999999939e+02	1.409679999999999893e+02	1.409230000000000018e+02	1.419749999999999943e+02	1.433720000000000141e+02	1.433940000000000055e+02	1.436690000000000111e+02	1.444240000000000066e+02	1.444019999999999868e+02	1.450649999999999977e+02	1.453170000000000073e+02	1.461639999999999873e+02	1.471709999999999923e+02	1.475600000000000023e+02	1.481550000000000011e+02	1.489110000000000014e+02	1.494600000000000080e+02	1.502379999999999995e+02	1.509929999999999950e+02	1.522750000000000057e+02	1.534420000000000073e+02	1.552280000000000086e+02	1.570130000000000052e+02	1.591639999999999873e+02	1.614530000000000030e+02	1.640169999999999959e+02	1.669010000000000105e+02	1.701510000000000105e+02	1.734919999999999902e+02	1.773830000000000098e+02	1.830370000000000061e+02	1.874310000000000116e+02	1.921920000000000073e+02	1.974559999999999889e+02	2.042539999999999907e+02	2.104110000000000014e+02	2.168199999999999932e+02	2.237549999999999955e+02	2.304610000000000127e+02	2.374420000000000073e+02	2.444689999999999941e+02	2.519759999999999991e+02	2.588419999999999845e+02	2.657320000000000277e+02	2.730099999999999909e+02	2.792819999999999823e+02	2.851639999999999873e+02	2.910919999999999845e+02	2.966309999999999718e+02	3.017119999999999891e+02	3.091279999999999859e+02	3.165210000000000150e+02	3.202970000000000255e+02	3.239359999999999786e+02	3.270720000000000027e+02	3.299100000000000250e+02	3.326340000000000146e+02	3.350600000000000023e+02	3.374399999999999977e+02	3.404619999999999891e+02	3.458179999999999836e+02	3.478779999999999859e+02	3.491820000000000164e+02	3.511279999999999859e+02	3.530500000000000114e+02	3.544689999999999941e+02	3.562090000000000032e+02	3.572620000000000005e+02	3.584979999999999905e+02	3.594130000000000109e+02	3.604660000000000082e+02	3.621139999999999759e+02	3.632810000000000059e+02	3.639909999999999854e+02	3.649519999999999982e+02	3.658450000000000273e+02	3.665079999999999814e+02	3.674010000000000105e+02	3.681340000000000146e+02	3.689580000000000268e+02	3.699870000000000232e+02	3.712010000000000218e+02	3.717040000000000077e+02	3.734889999999999759e+02	3.743360000000000127e+02	3.748860000000000241e+02	3.754809999999999945e+02	3.770140000000000100e+02	3.777690000000000055e+02	3.784789999999999850e+02	3.791429999999999723e+02	3.801499999999999773e+02	3.812710000000000150e+02	3.824390000000000214e+02	3.830339999999999918e+02	3.837200000000000273e+02	3.843609999999999900e+02	3.849789999999999850e+02	3.858029999999999973e+02	3.864440000000000168e+02	3.869479999999999791e+02	3.878399999999999750e+02	3.884350000000000023e+02	3.889390000000000214e+02
1.000000000000000000e+00	2.966999999999999886e+02	2.663269999999999982e+02	2.400049999999999955e+02	2.162700000000000102e+02	1.946179999999999950e+02	1.763530000000000086e+02	1.615910000000000082e+02	1.496200000000000045e+02	1.394579999999999984e+02	1.317899999999999920e+02	1.260909999999999940e+02	1.213299999999999983e+02	1.163859999999999957e+02	1.126329999999999956e+02	1.091539999999999964e+02	1.063840000000000003e+02	1.041179999999999950e+02	1.020580000000000069e+02	1.000900000000000034e+02	9.821299999999999386e+01	9.587900000000000489e+01	9.306300000000000239e+01	9.056900000000000261e+01	8.805100000000000193e+01	8.621999999999999886e+01	8.427400000000000091e+01	8.232899999999999352e+01	8.054399999999999693e+01	7.878100000000000591e+01	7.736199999999999477e+01	7.635500000000000398e+01	7.539400000000000546e+01	7.470699999999999363e+01	7.408899999999999864e+01	7.379200000000000159e+01	7.331100000000000705e+01	7.303600000000000136e+01	7.294499999999999318e+01	7.271599999999999397e+01	7.267000000000000171e+01	7.257800000000000296e+01	7.239499999999999602e+01	7.253300000000000125e+01	7.251000000000000512e+01	7.246399999999999864e+01	7.260099999999999909e+01	7.278400000000000603e+01	7.287600000000000477e+01	7.292199999999999704e+01	7.305899999999999750e+01	7.340200000000000102e+01	7.358599999999999852e+01	7.399699999999999989e+01	7.418099999999999739e+01	7.527899999999999636e+01	7.541700000000000159e+01	7.582899999999999352e+01	7.585099999999999909e+01	7.633199999999999363e+01	7.644700000000000273e+01	7.681300000000000239e+01	7.724800000000000466e+01	7.759099999999999397e+01	7.802599999999999625e+01	7.820900000000000318e+01	7.875799999999999557e+01	7.905599999999999739e+01	7.969700000000000273e+01	8.061199999999999477e+01	8.090999999999999659e+01	8.120699999999999363e+01	8.189400000000000546e+01	8.239700000000000557e+01	8.296999999999999886e+01	8.486899999999999977e+01	8.523600000000000421e+01	8.589900000000000091e+01	8.736400000000000432e+01	8.816500000000000625e+01	8.905800000000000693e+01	9.029399999999999693e+01	9.157599999999999341e+01	9.310899999999999466e+01	9.466599999999999682e+01	9.670300000000000296e+01	9.880800000000000693e+01	1.006850000000000023e+02	1.031569999999999965e+02	1.054459999999999980e+02	1.080550000000000068e+02	1.110079999999999956e+02	1.150819999999999936e+02	1.178739999999999952e+02	1.208040000000000020e+02	1.240310000000000059e+02	1.272579999999999956e+02	1.311719999999999970e+02	1.353839999999999861e+02	1.396409999999999911e+02	1.436459999999999866e+02	1.478580000000000041e+02	1.517940000000000111e+02	1.563259999999999934e+02	1.603089999999999975e+02	1.639480000000000075e+02	1.672899999999999920e+02	1.710209999999999866e+02	1.738820000000000050e+02	1.771320000000000050e+02	1.814350000000000023e+02	1.842500000000000000e+02	1.871570000000000107e+02	1.895829999999999984e+02	1.925809999999999889e+02	1.950529999999999973e+02	1.977539999999999907e+02	2.000889999999999986e+02	2.026750000000000114e+02	2.049410000000000025e+02	2.071839999999999975e+02	2.094499999999999886e+02	2.115099999999999909e+02	2.137069999999999936e+02	2.157899999999999920e+02	2.177119999999999891e+02	2.198180000000000121e+02	2.222899999999999920e+02	2.241899999999999977e+02	2.262270000000000039e+02	2.283779999999999859e+02	2.301860000000000070e+02	2.321550000000000011e+02	2.342150000000000034e+02	2.360459999999999923e+02	2.379230000000000018e+02	2.397539999999999907e+02	2.413329999999999984e+02	2.430949999999999989e+02	2.446980000000000075e+02	2.462539999999999907e+02	2.483600000000000136e+02	2.499619999999999891e+02	2.515409999999999968e+02	2.531659999999999968e+02	2.546769999999999925e+02	2.560500000000000114e+02	2.575609999999999786e+02	2.586589999999999918e+02	2.601469999999999914e+02	2.611539999999999964e+02	2.623439999999999941e+02	2.634889999999999759e+02	2.646789999999999736e+02	2.658229999999999791e+02	2.669909999999999854e+02	2.680659999999999741e+02	2.692110000000000127e+02	2.702869999999999777e+02	2.710649999999999977e+02	2.717509999999999764e+02	2.717060000000000173e+02	2.726440000000000055e+02	2.731929999999999836e+02	2.737200000000000273e+02	2.737429999999999950e+02	2.746120000000000232e+02	2.745210000000000150e+02	2.745899999999999750e+02	2.747269999999999754e+02	2.748639999999999759e+02	2.748179999999999836e+02	2.749560000000000173e+02	2.749560000000000173e+02	2.749329999999999927e+02	2.748639999999999759e+02	2.750930000000000177e+02	2.748870000000000005e+02	2.749329999999999927e+02	2.749100000000000250e+02	2.749560000000000173e+02	2.748179999999999836e+02	2.747959999999999923e+02	2.756419999999999959e+02	2.758260000000000218e+02	2.759630000000000223e+02	2.757570000000000050e+02	2.758029999999999973e+02	2.751390000000000100e+02	2.753450000000000273e+02
1.000000000000000000e+00	3.099519999999999982e+02	2.818679999999999950e+02	2.574230000000000018e+02	2.319259999999999877e+02	2.112580000000000098e+02	1.936109999999999900e+02	1.780929999999999893e+02	1.667400000000000091e+02	1.574480000000000075e+02	1.502379999999999995e+02	1.437839999999999918e+02	1.391140000000000043e+02	1.343309999999999889e+02	1.310349999999999966e+02	1.285629999999999882e+02	1.263659999999999997e+02	1.240540000000000020e+02	1.215819999999999936e+02	1.202770000000000010e+02	1.186979999999999933e+02	1.173020000000000067e+02	1.157000000000000028e+02	1.173250000000000028e+02	1.134110000000000014e+02	1.126329999999999956e+02	1.119459999999999980e+02	1.107560000000000002e+02	1.085130000000000052e+02	1.062009999999999934e+02	1.046910000000000025e+02	1.032710000000000008e+02	1.024020000000000010e+02	1.014399999999999977e+02	1.006850000000000023e+02	1.003419999999999987e+02	1.001359999999999957e+02	9.990699999999999648e+01	9.986100000000000421e+01	9.960899999999999466e+01	9.999800000000000466e+01	1.002729999999999961e+02	1.005480000000000018e+02	1.008220000000000027e+02	1.012120000000000033e+02	1.017840000000000060e+02	1.022189999999999941e+02	1.027680000000000007e+02	1.031800000000000068e+02	1.036830000000000069e+02	1.043700000000000045e+02	1.050340000000000060e+02	1.055370000000000061e+02	1.062930000000000064e+02	1.070019999999999953e+02	1.076659999999999968e+02	1.084669999999999987e+02	1.091310000000000002e+02	1.098179999999999978e+02	1.106410000000000053e+02	1.115340000000000060e+02	1.123349999999999937e+02	1.131820000000000022e+02	1.140060000000000002e+02	1.148760000000000048e+02	1.156770000000000067e+02	1.167759999999999962e+02	1.176219999999999999e+02	1.186520000000000010e+02	1.196820000000000022e+02	1.206670000000000016e+02	1.217420000000000044e+02	1.225430000000000064e+02	1.230699999999999932e+02	1.237789999999999964e+02	1.244200000000000017e+02	1.249920000000000044e+02	1.257019999999999982e+02	1.262510000000000048e+02	1.267319999999999993e+02	1.276470000000000056e+02	1.283340000000000032e+02	1.291349999999999909e+02	1.300740000000000123e+02	1.311490000000000009e+02	1.321790000000000020e+02	1.333689999999999998e+02	1.347199999999999989e+02	1.361390000000000100e+02	1.377179999999999893e+02	1.397549999999999955e+02	1.415180000000000007e+02	1.438060000000000116e+02	1.460490000000000066e+02	1.485900000000000034e+02	1.513820000000000050e+02	1.542429999999999950e+02	1.573559999999999945e+02	1.609269999999999925e+02	1.645200000000000102e+02	1.679989999999999952e+02	1.721189999999999998e+02	1.758269999999999982e+02	1.799699999999999989e+02	1.841579999999999870e+02	1.883009999999999877e+02	1.925579999999999927e+02	1.969300000000000068e+02	2.010500000000000114e+02	2.049410000000000025e+02	2.087630000000000052e+02	2.126769999999999925e+02	2.162249999999999943e+02	2.195660000000000025e+02	2.231140000000000043e+02	2.265469999999999970e+02	2.293849999999999909e+02	2.324519999999999982e+02	2.351069999999999993e+02	2.374420000000000073e+02	2.396850000000000023e+02	2.416529999999999916e+02	2.436899999999999977e+02	2.453160000000000025e+02	2.483830000000000098e+02	2.498470000000000084e+02	2.511519999999999868e+02	2.522510000000000048e+02	2.534639999999999986e+02	2.545389999999999873e+02	2.552719999999999914e+02	2.561190000000000282e+02	2.568279999999999745e+02	2.574689999999999941e+02	2.582470000000000141e+02	2.590710000000000264e+02	2.595749999999999886e+02	2.602389999999999759e+02	2.607880000000000109e+02	2.608109999999999786e+02	2.613140000000000214e+02	2.614519999999999982e+02	2.616349999999999909e+02	2.620470000000000255e+02	2.622989999999999782e+02	2.629850000000000136e+02	2.634660000000000082e+02	2.637629999999999768e+02	2.640149999999999864e+02	2.641979999999999791e+02	2.643809999999999718e+02	2.647930000000000064e+02	2.653659999999999854e+02	2.656630000000000109e+02	2.658229999999999791e+02	2.660520000000000209e+02	2.663039999999999736e+02	2.664870000000000232e+02	2.667850000000000250e+02	2.667850000000000250e+02	2.666240000000000236e+02	2.665790000000000077e+02	2.667620000000000005e+02	2.669220000000000255e+02	2.672880000000000109e+02	2.674710000000000036e+02	2.676089999999999804e+02	2.679289999999999736e+02	2.679289999999999736e+02	2.681349999999999909e+02	2.683870000000000005e+02	2.683410000000000082e+02	2.684780000000000086e+02	2.685240000000000009e+02	2.685240000000000009e+02	2.685240000000000009e+02	2.685699999999999932e+02	2.685009999999999764e+02	2.684780000000000086e+02	2.683410000000000082e+02	2.683179999999999836e+02	2.683639999999999759e+02	2.681580000000000155e+02	2.679289999999999736e+02	2.677230000000000132e+02	2.676770000000000209e+02	2.674940000000000282e+02	2.674030000000000200e+02	2.670360000000000014e+02	2.669680000000000177e+02
0.000000000000000000e+00	1.597599999999999909e+02	1.450649999999999977e+02	1.324310000000000116e+02	1.203229999999999933e+02	1.095199999999999960e+02	1.001129999999999995e+02	9.347499999999999432e+01	8.841700000000000159e+01	8.674599999999999511e+01	8.219100000000000250e+01	8.029200000000000159e+01	7.889600000000000080e+01	7.761400000000000432e+01	7.607999999999999829e+01	7.621800000000000352e+01	7.463800000000000523e+01	7.415800000000000125e+01	7.331100000000000705e+01	7.285299999999999443e+01	7.228100000000000591e+01	7.200600000000000023e+01	7.182299999999999329e+01	7.131999999999999318e+01	7.106799999999999784e+01	7.079300000000000637e+01	7.049599999999999511e+01	7.045000000000000284e+01	7.051800000000000068e+01	7.035800000000000409e+01	7.047299999999999898e+01	7.049599999999999511e+01	7.051800000000000068e+01	7.045000000000000284e+01	7.095300000000000296e+01	7.118200000000000216e+01	7.195999999999999375e+01	7.200600000000000023e+01	7.170900000000000318e+01	7.143399999999999750e+01	7.070199999999999818e+01	6.953400000000000603e+01	6.859600000000000364e+01	6.754300000000000637e+01	6.678799999999999670e+01	6.614700000000000557e+01	6.543699999999999761e+01	6.486499999999999488e+01	6.449899999999999523e+01	6.420099999999999341e+01	6.385799999999999699e+01	6.369800000000000040e+01	6.351500000000000057e+01	6.346900000000000119e+01	6.342300000000000182e+01	6.337700000000000244e+01	6.339999999999999858e+01	6.360600000000000165e+01	6.367499999999999716e+01	6.362899999999999778e+01	6.385799999999999699e+01	6.392699999999999960e+01	6.404099999999999682e+01	6.426999999999999602e+01	6.438400000000000034e+01	6.463599999999999568e+01	6.507099999999999795e+01	6.523099999999999454e+01	6.527700000000000102e+01	6.562000000000000455e+01	6.580400000000000205e+01	6.607800000000000296e+01	6.655899999999999750e+01	6.676500000000000057e+01	6.692499999999999716e+01	6.710800000000000409e+01	6.724500000000000455e+01	6.754300000000000637e+01	6.772599999999999909e+01	6.784099999999999397e+01	6.825300000000000011e+01	6.870999999999999375e+01	6.887099999999999511e+01	6.916800000000000637e+01	6.955700000000000216e+01	6.985500000000000398e+01	7.019799999999999329e+01	7.067900000000000205e+01	7.090800000000000125e+01	7.122799999999999443e+01	7.168600000000000705e+01	7.205200000000000671e+01	7.232699999999999818e+01	7.294499999999999318e+01	7.305899999999999750e+01	7.354000000000000625e+01	7.401999999999999602e+01	7.431799999999999784e+01	7.486700000000000443e+01	7.532500000000000284e+01	7.573699999999999477e+01	7.614900000000000091e+01	7.674399999999999977e+01	7.724800000000000466e+01	7.768200000000000216e+01	7.807200000000000273e+01	7.852899999999999636e+01	7.905599999999999739e+01	7.955899999999999750e+01	8.006300000000000239e+01	8.047499999999999432e+01	8.111599999999999966e+01	8.155100000000000193e+01	8.191700000000000159e+01	8.244299999999999784e+01	8.274099999999999966e+01	8.303799999999999670e+01	8.324399999999999977e+01	8.333599999999999852e+01	8.338200000000000500e+01	8.351900000000000546e+01	8.374800000000000466e+01	8.370199999999999818e+01	8.386199999999999477e+01	8.386199999999999477e+01	8.404500000000000171e+01	8.422899999999999920e+01	8.436599999999999966e+01	8.441200000000000614e+01	8.459499999999999886e+01	8.464100000000000534e+01	8.461799999999999500e+01	8.475499999999999545e+01	8.473199999999999932e+01	8.482399999999999807e+01	8.498399999999999466e+01	8.503000000000000114e+01	8.507500000000000284e+01	8.516700000000000159e+01	8.532699999999999818e+01	8.537300000000000466e+01	8.544199999999999307e+01	8.544199999999999307e+01	8.555599999999999739e+01	8.569299999999999784e+01	8.573900000000000432e+01	8.585399999999999920e+01	8.583100000000000307e+01	8.587600000000000477e+01	8.599099999999999966e+01	8.601399999999999579e+01	8.601399999999999579e+01	8.596800000000000352e+01	8.606000000000000227e+01	8.610500000000000398e+01	8.615099999999999625e+01	8.624299999999999500e+01	8.626600000000000534e+01	8.628799999999999670e+01	8.642600000000000193e+01	8.651699999999999591e+01	8.651699999999999591e+01	8.658599999999999852e+01	8.667799999999999727e+01	8.679200000000000159e+01	8.697499999999999432e+01	8.699800000000000466e+01	8.695199999999999818e+01	8.709000000000000341e+01	8.702100000000000080e+01	8.702100000000000080e+01	8.699800000000000466e+01	8.715800000000000125e+01	8.715800000000000125e+01	8.720399999999999352e+01	8.731799999999999784e+01	8.722700000000000387e+01	8.734099999999999397e+01	8.722700000000000387e+01	8.725000000000000000e+01	8.734099999999999397e+01	8.747899999999999920e+01	8.725000000000000000e+01	8.740999999999999659e+01	8.752400000000000091e+01	8.747899999999999920e+01	8.747899999999999920e+01	8.750199999999999534e+01	8.747899999999999920e+01	8.750199999999999534e+01
0.000000000000000000e+00	3.053969999999999914e+02	2.805400000000000205e+02	2.561419999999999959e+02	2.334819999999999993e+02	2.123789999999999907e+02	1.936570000000000107e+02	1.774749999999999943e+02	1.660080000000000098e+02	1.574250000000000114e+02	1.512909999999999968e+02	1.457520000000000095e+02	1.411740000000000066e+02	1.379929999999999950e+02	1.345600000000000023e+02	1.322479999999999905e+02	1.292270000000000039e+02	1.259080000000000013e+02	1.223599999999999994e+02	1.191790000000000020e+02	1.171650000000000063e+02	1.146700000000000017e+02	1.122439999999999998e+02	1.102289999999999992e+02	1.084669999999999987e+02	1.068190000000000026e+02	1.062009999999999934e+02	1.053310000000000031e+02	1.044620000000000033e+02	1.033629999999999995e+02	1.021500000000000057e+02	1.011200000000000045e+02	1.003880000000000052e+02	1.000669999999999931e+02	9.954099999999999682e+01	9.990699999999999648e+01	9.949500000000000455e+01	9.896899999999999409e+01	9.830500000000000682e+01	9.780100000000000193e+01	9.752700000000000102e+01	9.725199999999999534e+01	9.720600000000000307e+01	9.720600000000000307e+01	9.686299999999999955e+01	9.668000000000000682e+01	9.633599999999999852e+01	9.642799999999999727e+01	9.599299999999999500e+01	9.576399999999999579e+01	9.615300000000000580e+01	9.624500000000000455e+01	9.645099999999999341e+01	9.610699999999999932e+01	9.612999999999999545e+01	9.587900000000000489e+01	9.608499999999999375e+01	9.592400000000000659e+01	9.642799999999999727e+01	9.606199999999999761e+01	9.592400000000000659e+01	9.553499999999999659e+01	9.542100000000000648e+01	9.603900000000000148e+01	9.624500000000000455e+01	9.686299999999999955e+01	9.677100000000000080e+01	9.663400000000000034e+01	9.661100000000000421e+01	9.686299999999999955e+01	9.844199999999999307e+01	9.807599999999999341e+01	9.803000000000000114e+01	9.821299999999999386e+01	9.832800000000000296e+01	9.878499999999999659e+01	9.899099999999999966e+01	9.892300000000000182e+01	9.890000000000000568e+01	9.949500000000000455e+01	9.988400000000000034e+01	9.988400000000000034e+01	1.000900000000000034e+02	9.974699999999999989e+01	9.963200000000000500e+01	9.986100000000000421e+01	9.974699999999999989e+01	9.981499999999999773e+01	9.993000000000000682e+01	9.995300000000000296e+01	1.000900000000000034e+02	1.003880000000000052e+02	1.002270000000000039e+02	1.009830000000000041e+02	1.017379999999999995e+02	1.015319999999999965e+02	1.016460000000000008e+02	1.015090000000000003e+02	1.017150000000000034e+02	1.018520000000000039e+02	1.018299999999999983e+02	1.020810000000000031e+02	1.021269999999999953e+02	1.022189999999999941e+02	1.027219999999999942e+02	1.028370000000000033e+02	1.030199999999999960e+02	1.031110000000000042e+02	1.032489999999999952e+02	1.031800000000000068e+02	1.032259999999999991e+02	1.032030000000000030e+02	1.033169999999999931e+02	1.033169999999999931e+02	1.032489999999999952e+02	1.034320000000000022e+02	1.039350000000000023e+02	1.039809999999999945e+02	1.040040000000000049e+02	1.049879999999999995e+02	1.066590000000000060e+02	1.063389999999999986e+02	1.063840000000000003e+02	1.061779999999999973e+02	1.062009999999999934e+02	1.064069999999999965e+02	1.064530000000000030e+02	1.064989999999999952e+02	1.072770000000000010e+02	1.073679999999999950e+02	1.073679999999999950e+02	1.077120000000000033e+02	1.078949999999999960e+02	1.080780000000000030e+02	1.094969999999999999e+02	1.092219999999999942e+02	1.099549999999999983e+02	1.107330000000000041e+02	1.110310000000000059e+02	1.110759999999999934e+02	1.110759999999999934e+02	1.108700000000000045e+02	1.111449999999999960e+02	1.115109999999999957e+02	1.117399999999999949e+02	1.117860000000000014e+02	1.122669999999999959e+02	1.137999999999999972e+02	1.138689999999999998e+02	1.137770000000000010e+02	1.140060000000000002e+02	1.139140000000000015e+02	1.138919999999999959e+02	1.139599999999999937e+02	1.139830000000000041e+02	1.144639999999999986e+02	1.146009999999999991e+02	1.149899999999999949e+02	1.151959999999999980e+02	1.153790000000000049e+02	1.153340000000000032e+02	1.155400000000000063e+02	1.155400000000000063e+02	1.156539999999999964e+02	1.157459999999999951e+02	1.157909999999999968e+02	1.160199999999999960e+02	1.161119999999999948e+02	1.162030000000000030e+02	1.163640000000000043e+02	1.165240000000000009e+02	1.166149999999999949e+02	1.167300000000000040e+02	1.170729999999999933e+02	1.172789999999999964e+02	1.177830000000000013e+02	1.178280000000000030e+02	1.186069999999999993e+02	1.188580000000000041e+02	1.190409999999999968e+02	1.191560000000000059e+02	1.191560000000000059e+02	1.192019999999999982e+02	1.194530000000000030e+02	1.194309999999999974e+02	1.194530000000000030e+02	1.195220000000000056e+02	1.208040000000000020e+02	1.208949999999999960e+02	1.211009999999999991e+02
0.000000000000000000e+00	2.093580000000000041e+02	1.908189999999999884e+02	1.740879999999999939e+02	1.555939999999999941e+02	1.400989999999999895e+02	1.273269999999999982e+02	1.164320000000000022e+02	1.093139999999999930e+02	1.037060000000000031e+02	9.825900000000000034e+01	9.503199999999999648e+01	9.157599999999999341e+01	8.928700000000000614e+01	8.709000000000000341e+01	8.496099999999999852e+01	8.338200000000000500e+01	8.168800000000000239e+01	8.033799999999999386e+01	7.930800000000000693e+01	7.759099999999999397e+01	7.626300000000000523e+01	7.319599999999999795e+01	7.125100000000000477e+01	6.960299999999999443e+01	6.786299999999999955e+01	6.642199999999999704e+01	6.527700000000000102e+01	6.417799999999999727e+01	6.337700000000000244e+01	6.271399999999999864e+01	6.209599999999999653e+01	6.136299999999999955e+01	6.097399999999999665e+01	6.053900000000000148e+01	6.010399999999999920e+01	5.989800000000000324e+01	5.950900000000000034e+01	5.930299999999999727e+01	5.923499999999999943e+01	5.902900000000000347e+01	5.898299999999999699e+01	5.868500000000000227e+01	5.831900000000000261e+01	5.841100000000000136e+01	5.836500000000000199e+01	5.829599999999999937e+01	5.813600000000000279e+01	5.815899999999999892e+01	5.815899999999999892e+01	5.786099999999999710e+01	5.827300000000000324e+01	5.811299999999999955e+01	5.820499999999999829e+01	5.820499999999999829e+01	5.822800000000000153e+01	5.797599999999999909e+01	5.809000000000000341e+01	5.811299999999999955e+01	5.820499999999999829e+01	5.836500000000000199e+01	5.861699999999999733e+01	5.864000000000000057e+01	5.911999999999999744e+01	5.939500000000000313e+01	5.950900000000000034e+01	5.948599999999999710e+01	5.994400000000000261e+01	5.987500000000000000e+01	5.999000000000000199e+01	6.047099999999999653e+01	6.053900000000000148e+01	6.067699999999999960e+01	6.072200000000000131e+01	6.085999999999999943e+01	6.095100000000000051e+01	6.076800000000000068e+01	6.072200000000000131e+01	6.079099999999999682e+01	6.067699999999999960e+01	6.079099999999999682e+01	6.058500000000000085e+01	6.106600000000000250e+01	6.115699999999999648e+01	6.150099999999999767e+01	6.172899999999999920e+01	6.175200000000000244e+01	6.175200000000000244e+01	6.168399999999999750e+01	6.191299999999999670e+01	6.211899999999999977e+01	6.177499999999999858e+01	6.186699999999999733e+01	6.253099999999999881e+01	6.255299999999999727e+01	6.262199999999999989e+01	6.253099999999999881e+01	6.253099999999999881e+01	6.262199999999999989e+01	6.257600000000000051e+01	6.264500000000000313e+01	6.271399999999999864e+01	6.280499999999999972e+01	6.305700000000000216e+01	6.410999999999999943e+01	6.413299999999999557e+01	6.424699999999999989e+01	6.426999999999999602e+01	6.445300000000000296e+01	6.452200000000000557e+01	6.447599999999999909e+01	6.440699999999999648e+01	6.449899999999999523e+01	6.454500000000000171e+01	6.468200000000000216e+01	6.498000000000000398e+01	6.504800000000000182e+01	6.511700000000000443e+01	6.518600000000000705e+01	6.552899999999999636e+01	6.571200000000000330e+01	6.578100000000000591e+01	6.582599999999999341e+01	6.573499999999999943e+01	6.575799999999999557e+01	6.568899999999999295e+01	6.589499999999999602e+01	6.603199999999999648e+01	6.610099999999999909e+01	6.619299999999999784e+01	6.621599999999999397e+01	6.642199999999999704e+01	6.660500000000000398e+01	6.713100000000000023e+01	6.731399999999999295e+01	6.861899999999999977e+01	6.873300000000000409e+01	6.870999999999999375e+01	6.905400000000000205e+01	6.916800000000000637e+01	6.919100000000000250e+01	6.939700000000000557e+01	6.953400000000000603e+01	6.985500000000000398e+01	6.999200000000000443e+01	7.015200000000000102e+01	7.038100000000000023e+01	7.049599999999999511e+01	7.067900000000000205e+01	7.095300000000000296e+01	7.113599999999999568e+01	7.230400000000000205e+01	7.244100000000000250e+01	7.257800000000000296e+01	7.269299999999999784e+01	7.282999999999999829e+01	7.305899999999999750e+01	7.312800000000000011e+01	7.328799999999999670e+01	7.342499999999999716e+01	7.360800000000000409e+01	7.397499999999999432e+01	7.401999999999999602e+01	7.420300000000000296e+01	7.443200000000000216e+01	7.454699999999999704e+01	7.468399999999999750e+01	7.491299999999999670e+01	7.507299999999999329e+01	7.525600000000000023e+01	7.546200000000000330e+01	7.578300000000000125e+01	7.603499999999999659e+01	7.626300000000000523e+01	7.646899999999999409e+01	7.662999999999999545e+01	7.699599999999999511e+01	7.708700000000000330e+01	7.729300000000000637e+01	7.768200000000000216e+01	7.784300000000000352e+01	7.798000000000000398e+01	7.816299999999999670e+01	7.841500000000000625e+01	7.864400000000000546e+01	7.880400000000000205e+01	7.901000000000000512e+01	7.917000000000000171e+01	7.935299999999999443e+01	7.962800000000000011e+01
1.000000000000000000e+00	2.479250000000000114e+02	2.263180000000000121e+02	2.064279999999999973e+02	1.875229999999999961e+02	1.713180000000000121e+02	1.566469999999999914e+02	1.440120000000000005e+02	1.347199999999999989e+02	1.280589999999999975e+02	1.200480000000000018e+02	1.149440000000000026e+02	1.114200000000000017e+02	1.076659999999999968e+02	1.043239999999999981e+02	1.017609999999999957e+02	9.963200000000000500e+01	9.816700000000000159e+01	9.624500000000000455e+01	9.475700000000000500e+01	9.313200000000000500e+01	9.084300000000000352e+01	8.839400000000000546e+01	8.631100000000000705e+01	8.434300000000000352e+01	8.280899999999999750e+01	8.136700000000000443e+01	8.015399999999999636e+01	7.910200000000000387e+01	7.825499999999999545e+01	7.756799999999999784e+01	7.710999999999999943e+01	7.669799999999999329e+01	7.649200000000000443e+01	7.635500000000000398e+01	7.621800000000000352e+01	7.621800000000000352e+01	7.601200000000000045e+01	7.619499999999999318e+01	7.626300000000000523e+01	7.637800000000000011e+01	7.674399999999999977e+01	7.683599999999999852e+01	7.697299999999999898e+01	7.761400000000000432e+01	7.784300000000000352e+01	7.814000000000000057e+01	7.832299999999999329e+01	7.848399999999999466e+01	7.898699999999999477e+01	7.955899999999999750e+01	7.976500000000000057e+01	8.015399999999999636e+01	8.049800000000000466e+01	8.088700000000000045e+01	8.157299999999999329e+01	8.200799999999999557e+01	8.246599999999999397e+01	8.331300000000000239e+01	8.370199999999999818e+01	8.443500000000000227e+01	8.505200000000000671e+01	8.560200000000000387e+01	8.647199999999999420e+01	8.715800000000000125e+01	8.795900000000000318e+01	8.876000000000000512e+01	8.949299999999999500e+01	9.034000000000000341e+01	9.116400000000000148e+01	9.198799999999999955e+01	9.285699999999999932e+01	9.379600000000000648e+01	9.471099999999999852e+01	9.592400000000000659e+01	9.674800000000000466e+01	9.784699999999999420e+01	9.906000000000000227e+01	1.001590000000000060e+02	1.013949999999999960e+02	1.029509999999999934e+02	1.043020000000000067e+02	1.059719999999999942e+02	1.077579999999999956e+02	1.096119999999999948e+02	1.113739999999999952e+02	1.133649999999999949e+02	1.155849999999999937e+02	1.178970000000000056e+02	1.202090000000000032e+02	1.226350000000000051e+02	1.250379999999999967e+02	1.277159999999999940e+02	1.305310000000000059e+02	1.339639999999999986e+02	1.376270000000000095e+02	1.411279999999999859e+02	1.446529999999999916e+02	1.485900000000000034e+02	1.526639999999999873e+02	1.571959999999999980e+02	1.615219999999999914e+02	1.654819999999999993e+02	1.698760000000000048e+02	1.745910000000000082e+02	1.786879999999999882e+02	1.826479999999999961e+02	1.870879999999999939e+02	1.910929999999999893e+02	1.944350000000000023e+02	1.983259999999999934e+02	2.020339999999999918e+02	2.047810000000000059e+02	2.084199999999999875e+02	2.113269999999999982e+02	2.136380000000000052e+02	2.166370000000000005e+02	2.187199999999999989e+02	2.212829999999999870e+02	2.235029999999999859e+02	2.254259999999999877e+02	2.273029999999999973e+02	2.291109999999999900e+02	2.300720000000000027e+02	2.318569999999999993e+02	2.332309999999999945e+02	2.344439999999999884e+02	2.357709999999999866e+02	2.369610000000000127e+02	2.378770000000000095e+02	2.386779999999999973e+02	2.395020000000000095e+02	2.404399999999999977e+02	2.409209999999999923e+02	2.415389999999999873e+02	2.415850000000000080e+02	2.424770000000000039e+02	2.430949999999999989e+02	2.430269999999999868e+02	2.439190000000000111e+02	2.445370000000000061e+02	2.444689999999999941e+02	2.452700000000000102e+02	2.457500000000000000e+02	2.455670000000000073e+02	2.467580000000000098e+02	2.469410000000000025e+02	2.473979999999999961e+02	2.476500000000000057e+02	2.479710000000000036e+02	2.482680000000000007e+02	2.484739999999999895e+02	2.487259999999999991e+02	2.489319999999999879e+02	2.492290000000000134e+02	2.495269999999999868e+02	2.496870000000000118e+02	2.498930000000000007e+02	2.503050000000000068e+02	2.504879999999999995e+02	2.506030000000000086e+02	2.508770000000000095e+02	2.505569999999999879e+02	2.511519999999999868e+02	2.513350000000000080e+02	2.513120000000000118e+02	2.518389999999999986e+02	2.518839999999999861e+02	2.520219999999999914e+02	2.515180000000000007e+02	2.520219999999999914e+02	2.514269999999999925e+02	2.512889999999999873e+02	2.519070000000000107e+02	2.512210000000000036e+02	2.516100000000000136e+02	2.509689999999999941e+02	2.507860000000000014e+02	2.507400000000000091e+02	2.505339999999999918e+02	2.511750000000000114e+02	1.298449999999999989e+02	1.300049999999999955e+02	1.296390000000000100e+02	1.294559999999999889e+02	1.291810000000000116e+02	1.295240000000000009e+02	1.299590000000000032e+02	1.300049999999999955e+02	1.304399999999999977e+02
1.000000000000000000e+00	2.458650000000000091e+02	2.152630000000000052e+02	1.887820000000000107e+02	1.677019999999999982e+02	1.473770000000000095e+02	1.330720000000000027e+02	1.231159999999999997e+02	1.170729999999999933e+02	1.122669999999999959e+02	1.072079999999999984e+02	1.037519999999999953e+02	1.009140000000000015e+02	9.908299999999999841e+01	9.674800000000000466e+01	9.553499999999999659e+01	9.338400000000000034e+01	9.317799999999999727e+01	9.210200000000000387e+01	9.137000000000000455e+01	9.063700000000000045e+01	9.008799999999999386e+01	8.869199999999999307e+01	8.660899999999999466e+01	8.505200000000000671e+01	8.347299999999999898e+01	8.223699999999999477e+01	8.129900000000000659e+01	8.065800000000000125e+01	8.010899999999999466e+01	7.985699999999999932e+01	8.010899999999999466e+01	7.960500000000000398e+01	7.971999999999999886e+01	7.971999999999999886e+01	8.029200000000000159e+01	8.022299999999999898e+01	8.033799999999999386e+01	8.022299999999999898e+01	7.953600000000000136e+01	7.859799999999999898e+01	7.827800000000000580e+01	7.768200000000000216e+01	7.720199999999999818e+01	7.697299999999999898e+01	7.646899999999999409e+01	7.653799999999999670e+01	7.614900000000000091e+01	7.587399999999999523e+01	7.594299999999999784e+01	7.594299999999999784e+01	7.569100000000000250e+01	7.594299999999999784e+01	7.603499999999999659e+01	7.578300000000000125e+01	7.614900000000000091e+01	7.637800000000000011e+01	7.601200000000000045e+01	7.649200000000000443e+01	7.658400000000000318e+01	7.646899999999999409e+01	7.674399999999999977e+01	7.704200000000000159e+01	7.724800000000000466e+01	7.788800000000000523e+01	7.800300000000000011e+01	7.820900000000000318e+01	7.882699999999999818e+01	7.905599999999999739e+01	7.903300000000000125e+01	7.985699999999999932e+01	8.031499999999999773e+01	8.047499999999999432e+01	8.120699999999999363e+01	8.184799999999999898e+01	8.219100000000000250e+01	8.335899999999999466e+01	8.388500000000000512e+01	8.434300000000000352e+01	8.528100000000000591e+01	8.619700000000000273e+01	8.692900000000000205e+01	8.843999999999999773e+01	8.956100000000000705e+01	9.059099999999999397e+01	9.237699999999999534e+01	9.406999999999999318e+01	9.562699999999999534e+01	9.787000000000000455e+01	1.000900000000000034e+02	1.023100000000000023e+02	1.052169999999999987e+02	1.078719999999999999e+02	1.110310000000000059e+02	1.146700000000000017e+02	1.177830000000000013e+02	1.215589999999999975e+02	1.254729999999999990e+02	1.291579999999999870e+02	1.328890000000000100e+02	1.366649999999999920e+02	1.404650000000000034e+02	1.450649999999999977e+02	1.484989999999999952e+02	1.519319999999999879e+02	1.553650000000000091e+02	1.581339999999999861e+02	1.614300000000000068e+02	1.643600000000000136e+02	1.671069999999999993e+02	1.696009999999999991e+02	1.720500000000000114e+02	1.745910000000000082e+02	1.766279999999999859e+02	1.787110000000000127e+02	1.804960000000000093e+02	1.821440000000000055e+02	1.837460000000000093e+02	1.853710000000000093e+02	1.866759999999999877e+02	1.883009999999999877e+02	1.895600000000000023e+02	1.906589999999999918e+02	1.919399999999999977e+02	1.928100000000000023e+02	1.937940000000000111e+02	1.951220000000000141e+02	1.962659999999999911e+02	1.973420000000000130e+02	1.981889999999999930e+02	1.992189999999999941e+02	2.000430000000000064e+02	2.009350000000000023e+02	2.017820000000000107e+02	2.026750000000000114e+02	2.034989999999999952e+02	2.042309999999999945e+02	2.051469999999999914e+02	2.060389999999999873e+02	2.067489999999999952e+02	2.075039999999999907e+02	2.084660000000000082e+02	2.091980000000000075e+02	2.097930000000000064e+02	2.106169999999999902e+02	2.111659999999999968e+02	2.116930000000000121e+02	2.124250000000000114e+02	2.129519999999999982e+02	2.135929999999999893e+02	2.140269999999999868e+02	2.145769999999999982e+02	2.151260000000000048e+02	2.156750000000000114e+02	2.162479999999999905e+02	2.166819999999999879e+02	2.170029999999999859e+02	2.175060000000000002e+02	2.181699999999999875e+02	2.185819999999999936e+02	2.194749999999999943e+02	2.195660000000000025e+02	2.195660000000000025e+02	2.195430000000000064e+02	2.195660000000000025e+02	2.193830000000000098e+02	2.193600000000000136e+02	2.192230000000000132e+02	2.189939999999999998e+02	2.187880000000000109e+02	2.188110000000000070e+02	2.186740000000000066e+02	2.185130000000000052e+02	2.183530000000000086e+02	2.182849999999999966e+02	2.182160000000000082e+02	2.181469999999999914e+02	2.180099999999999909e+02	2.178959999999999866e+02	2.177810000000000059e+02	2.178729999999999905e+02	2.183069999999999879e+02	2.181469999999999914e+02	2.181239999999999952e+02	2.180099999999999909e+02	2.181239999999999952e+02	2.180099999999999909e+02	2.176899999999999977e+02	2.175060000000000002e+02	2.172090000000000032e+02
0.000000000000000000e+00	1.301649999999999920e+02	1.214449999999999932e+02	1.133419999999999987e+02	1.060639999999999930e+02	9.906000000000000227e+01	9.299500000000000455e+01	8.832599999999999341e+01	8.345000000000000284e+01	7.958199999999999363e+01	7.624099999999999966e+01	7.356300000000000239e+01	7.083899999999999864e+01	6.877899999999999636e+01	6.701699999999999591e+01	6.571200000000000330e+01	6.429300000000000637e+01	6.301100000000000279e+01	6.184400000000000119e+01	6.067699999999999960e+01	6.008100000000000307e+01	5.918900000000000006e+01	5.852499999999999858e+01	5.763199999999999790e+01	5.706000000000000227e+01	5.653399999999999892e+01	5.586999999999999744e+01	5.536699999999999733e+01	5.511500000000000199e+01	5.467999999999999972e+01	5.426800000000000068e+01	5.378699999999999903e+01	5.337500000000000000e+01	5.278000000000000114e+01	5.232200000000000273e+01	5.204800000000000182e+01	5.172699999999999676e+01	5.163600000000000279e+01	5.142999999999999972e+01	5.124699999999999989e+01	5.108599999999999852e+01	5.083500000000000085e+01	5.071999999999999886e+01	5.053699999999999903e+01	5.056000000000000227e+01	5.030799999999999983e+01	5.028499999999999659e+01	5.044599999999999795e+01	5.030799999999999983e+01	5.001100000000000279e+01	4.998799999999999955e+01	5.010199999999999676e+01	4.968999999999999773e+01	4.946099999999999852e+01	4.950699999999999790e+01	4.934700000000000131e+01	4.941599999999999682e+01	4.930100000000000193e+01	4.916400000000000148e+01	4.914099999999999824e+01	4.909499999999999886e+01	4.888900000000000290e+01	4.891199999999999903e+01	4.895799999999999841e+01	4.868299999999999983e+01	4.865999999999999659e+01	4.847699999999999676e+01	3.240999999999999659e+01	3.247800000000000153e+01	3.245499999999999829e+01	3.250099999999999767e+01	3.261599999999999966e+01	3.279899999999999949e+01	3.261599999999999966e+01	3.261599999999999966e+01	3.224900000000000233e+01	3.275300000000000011e+01	3.282200000000000273e+01	3.282200000000000273e+01	3.261599999999999966e+01	3.284499999999999886e+01	3.286699999999999733e+01	3.270700000000000074e+01	3.252400000000000091e+01	3.263900000000000290e+01	3.250099999999999767e+01	3.284499999999999886e+01	3.268399999999999750e+01	3.284499999999999886e+01	3.245499999999999829e+01	3.261599999999999966e+01	3.234100000000000108e+01	3.227199999999999847e+01	3.245499999999999829e+01	3.243299999999999983e+01	3.334799999999999898e+01	3.341700000000000159e+01	3.332500000000000284e+01	3.323400000000000176e+01	3.332500000000000284e+01	3.330199999999999960e+01	3.327900000000000347e+01	3.334799999999999898e+01	3.327900000000000347e+01	3.337100000000000222e+01	3.332500000000000284e+01	3.325699999999999790e+01	3.323400000000000176e+01	3.366899999999999693e+01	3.389699999999999847e+01	3.380599999999999739e+01	3.375999999999999801e+01	3.380599999999999739e+01	3.392000000000000171e+01	3.405799999999999983e+01	3.435499999999999687e+01	3.444700000000000273e+01	3.463000000000000256e+01	3.467600000000000193e+01	3.485900000000000176e+01	3.501899999999999835e+01	3.510999999999999943e+01	3.529399999999999693e+01	3.529399999999999693e+01	3.540800000000000125e+01	3.554500000000000171e+01	3.550000000000000000e+01	3.563700000000000045e+01	3.577400000000000091e+01	3.579699999999999704e+01	3.586599999999999966e+01	3.597999999999999687e+01	3.600300000000000011e+01	3.623199999999999932e+01	3.618599999999999994e+01	3.632399999999999807e+01	3.639200000000000301e+01	3.639200000000000301e+01	3.657500000000000284e+01	3.671300000000000097e+01	3.680400000000000205e+01	3.682699999999999818e+01	3.694200000000000017e+01	3.712500000000000000e+01	3.714800000000000324e+01	3.758200000000000074e+01	3.758200000000000074e+01	3.767399999999999949e+01	3.767399999999999949e+01	3.760499999999999687e+01	3.767399999999999949e+01	3.776599999999999824e+01	3.778799999999999670e+01	3.776599999999999824e+01	3.788000000000000256e+01	3.785699999999999932e+01	3.778799999999999670e+01	3.788000000000000256e+01	3.794899999999999807e+01	3.794899999999999807e+01	3.799399999999999977e+01	3.815500000000000114e+01	3.824600000000000222e+01	3.831499999999999773e+01	3.838300000000000267e+01	3.838300000000000267e+01	3.847500000000000142e+01	3.854399999999999693e+01	3.856700000000000017e+01	3.863499999999999801e+01	3.870400000000000063e+01	3.872699999999999676e+01	4.012299999999999756e+01	4.016899999999999693e+01	4.028300000000000125e+01	4.060399999999999920e+01	4.062700000000000244e+01	4.037500000000000000e+01	4.053499999999999659e+01	4.046600000000000108e+01	4.042099999999999937e+01	4.053499999999999659e+01	4.071800000000000352e+01	4.062700000000000244e+01	4.071800000000000352e+01	4.051200000000000045e+01	4.067199999999999704e+01	4.076400000000000290e+01	4.060399999999999920e+01	4.055799999999999983e+01
1.000000000000000000e+00	2.442400000000000091e+02	2.181699999999999875e+02	1.954420000000000073e+02	1.762160000000000082e+02	1.599199999999999875e+02	1.448820000000000050e+02	1.330029999999999859e+02	1.240540000000000020e+02	1.168439999999999941e+02	1.115799999999999983e+02	1.071850000000000023e+02	1.039579999999999984e+02	1.008449999999999989e+02	9.890000000000000568e+01	9.700000000000000000e+01	9.519199999999999307e+01	9.404800000000000182e+01	9.297199999999999420e+01	9.226200000000000045e+01	9.178199999999999648e+01	9.123199999999999932e+01	9.098099999999999454e+01	9.072899999999999920e+01	9.038500000000000512e+01	9.022499999999999432e+01	9.006499999999999773e+01	8.981300000000000239e+01	8.983599999999999852e+01	8.988200000000000500e+01	8.995099999999999341e+01	9.052299999999999613e+01	9.059099999999999397e+01	9.063700000000000045e+01	9.079699999999999704e+01	9.107200000000000273e+01	9.109499999999999886e+01	9.198799999999999955e+01	9.217100000000000648e+01	9.230800000000000693e+01	9.269700000000000273e+01	9.294899999999999807e+01	9.304000000000000625e+01	9.359000000000000341e+01	9.395600000000000307e+01	9.413899999999999579e+01	9.475700000000000500e+01	9.503199999999999648e+01	9.523799999999999955e+01	9.574099999999999966e+01	9.590099999999999625e+01	9.608499999999999375e+01	9.642799999999999727e+01	9.679399999999999693e+01	9.715999999999999659e+01	9.757200000000000273e+01	9.807599999999999341e+01	9.835099999999999909e+01	9.885399999999999920e+01	9.921999999999999886e+01	9.940300000000000580e+01	9.976999999999999602e+01	1.001129999999999995e+02	1.002729999999999961e+02	1.004789999999999992e+02	1.013029999999999973e+02	1.016689999999999969e+02	1.022420000000000044e+02	1.033169999999999931e+02	1.039120000000000061e+02	1.046910000000000025e+02	1.059719999999999942e+02	1.066359999999999957e+02	1.076659999999999968e+02	1.085589999999999975e+02	1.097030000000000030e+02	1.109849999999999994e+02	1.124039999999999964e+02	1.139369999999999976e+02	1.159060000000000059e+02	1.178970000000000056e+02	1.202090000000000032e+02	1.228640000000000043e+02	1.254729999999999990e+02	1.289519999999999982e+02	1.326829999999999927e+02	1.366879999999999882e+02	1.409000000000000057e+02	1.479490000000000123e+02	1.530989999999999895e+02	1.581800000000000068e+02	1.635130000000000052e+02	1.689379999999999882e+02	1.742940000000000111e+02	1.796719999999999970e+02	1.844559999999999889e+02	1.891939999999999884e+02	1.937479999999999905e+02	1.979370000000000118e+02	2.017820000000000107e+02	2.053990000000000009e+02	2.095409999999999968e+02	2.125629999999999882e+02	2.155840000000000032e+02	2.181699999999999875e+02	2.204130000000000109e+02	2.227709999999999866e+02	2.247620000000000005e+02	2.264329999999999927e+02	2.283329999999999984e+02	2.295910000000000082e+02	2.316740000000000066e+02	2.332079999999999984e+02	2.343520000000000039e+02	2.351529999999999916e+02	2.360229999999999961e+02	2.368700000000000045e+02	2.374190000000000111e+02	2.385180000000000007e+02	2.392040000000000077e+02	2.396620000000000061e+02	2.405089999999999861e+02	2.409900000000000091e+02	2.416990000000000123e+02	2.422709999999999866e+02	2.428209999999999980e+02	2.431179999999999950e+02	2.435529999999999973e+02	2.443770000000000095e+02	2.447429999999999950e+02	2.451550000000000011e+02	2.456129999999999995e+02	2.465060000000000002e+02	2.468029999999999973e+02	2.470780000000000030e+02	2.470780000000000030e+02	2.475360000000000014e+02	2.476959999999999980e+02	2.477189999999999941e+02	2.478559999999999945e+02	2.485200000000000102e+02	2.486570000000000107e+02	2.492520000000000095e+02	2.493669999999999902e+02	2.493209999999999980e+02	2.496639999999999873e+02	2.495039999999999907e+02	2.493899999999999864e+02	2.493209999999999980e+02	2.493439999999999941e+02	2.492520000000000095e+02	2.495960000000000036e+02	2.493439999999999941e+02	2.494579999999999984e+02	2.486800000000000068e+02	2.485660000000000025e+02	2.481990000000000123e+02	2.479710000000000036e+02	2.476959999999999980e+02	2.476959999999999980e+02	2.468259999999999934e+02	2.465289999999999964e+02	2.465970000000000084e+02	2.460939999999999941e+02	2.461169999999999902e+02	2.458880000000000052e+02	2.455900000000000034e+02	2.453160000000000025e+02	2.449720000000000084e+02	2.451550000000000011e+02	2.452009999999999934e+02	2.453609999999999900e+02	2.453160000000000025e+02	2.452239999999999895e+02	2.450180000000000007e+02	2.450639999999999930e+02	2.450869999999999891e+02	2.448120000000000118e+02	2.447429999999999950e+02	2.448120000000000118e+02	2.445600000000000023e+02	2.445829999999999984e+02	2.444689999999999941e+02	2.446750000000000114e+02	2.446750000000000114e+02	2.443540000000000134e+02	2.440339999999999918e+02	2.441479999999999961e+02	2.440569999999999879e+02	2.438509999999999991e+02
1.000000000000000000e+00	2.288129999999999882e+02	2.035449999999999875e+02	1.831970000000000027e+02	1.655500000000000114e+02	1.501920000000000073e+02	1.371229999999999905e+02	1.264110000000000014e+02	1.184459999999999980e+02	1.118769999999999953e+02	1.065220000000000056e+02	1.033859999999999957e+02	1.005939999999999941e+02	9.793899999999999295e+01	9.583299999999999841e+01	9.404800000000000182e+01	9.253700000000000614e+01	9.125499999999999545e+01	8.992799999999999727e+01	8.876000000000000512e+01	8.722700000000000387e+01	8.480100000000000193e+01	8.280899999999999750e+01	8.084099999999999397e+01	7.923900000000000432e+01	7.754500000000000171e+01	7.644700000000000273e+01	7.534799999999999898e+01	7.452400000000000091e+01	7.404300000000000637e+01	7.354000000000000625e+01	7.331100000000000705e+01	7.317400000000000659e+01	7.303600000000000136e+01	7.289900000000000091e+01	7.287600000000000477e+01	7.276200000000000045e+01	7.285299999999999443e+01	7.308199999999999363e+01	7.310500000000000398e+01	7.317400000000000659e+01	7.326500000000000057e+01	7.289900000000000091e+01	7.360800000000000409e+01	7.354000000000000625e+01	7.390600000000000591e+01	7.408899999999999864e+01	7.443200000000000216e+01	7.420300000000000296e+01	7.475300000000000011e+01	7.495900000000000318e+01	7.507299999999999329e+01	7.532500000000000284e+01	7.564499999999999602e+01	7.578300000000000125e+01	7.603499999999999659e+01	7.640099999999999625e+01	7.676699999999999591e+01	7.706499999999999773e+01	7.729300000000000637e+01	7.759099999999999397e+01	7.784300000000000352e+01	7.823199999999999932e+01	7.855200000000000671e+01	7.878100000000000591e+01	7.910200000000000387e+01	7.949099999999999966e+01	7.971999999999999886e+01	8.008599999999999852e+01	8.031499999999999773e+01	8.038299999999999557e+01	8.100100000000000477e+01	8.152800000000000580e+01	8.175700000000000500e+01	8.223699999999999477e+01	8.251200000000000045e+01	8.301500000000000057e+01	8.345000000000000284e+01	8.370199999999999818e+01	8.434300000000000352e+01	8.541899999999999693e+01	8.610500000000000398e+01	8.642600000000000193e+01	8.713500000000000512e+01	8.747899999999999920e+01	8.812000000000000455e+01	8.873699999999999477e+01	8.919499999999999318e+01	8.976699999999999591e+01	9.050000000000000000e+01	9.125499999999999545e+01	9.196500000000000341e+01	9.290300000000000580e+01	9.381900000000000261e+01	9.484900000000000375e+01	9.610699999999999932e+01	9.715999999999999659e+01	9.825900000000000034e+01	9.976999999999999602e+01	1.013029999999999973e+02	1.032259999999999991e+02	1.053539999999999992e+02	1.072309999999999945e+02	1.095430000000000064e+02	1.120150000000000006e+02	1.144869999999999948e+02	1.172560000000000002e+02	1.200939999999999941e+02	1.229320000000000022e+02	1.258160000000000025e+02	1.289060000000000059e+02	1.317669999999999959e+02	1.345370000000000061e+02	1.372829999999999870e+02	1.399149999999999920e+02	1.427990000000000066e+02	1.451339999999999861e+02	1.473770000000000095e+02	1.500320000000000107e+02	1.522750000000000057e+02	1.541980000000000075e+02	1.563720000000000141e+02	1.582719999999999914e+02	1.600109999999999957e+02	1.619110000000000014e+02	1.635360000000000014e+02	1.652299999999999898e+02	1.667179999999999893e+02	1.679989999999999952e+02	1.692119999999999891e+02	1.705629999999999882e+02	1.717529999999999859e+02	1.727599999999999909e+02	1.740420000000000016e+02	1.750490000000000066e+02	1.760099999999999909e+02	1.771090000000000089e+02	1.780929999999999893e+02	1.788940000000000055e+02	1.799699999999999989e+02	1.808400000000000034e+02	1.816409999999999911e+02	1.826709999999999923e+02	1.835399999999999920e+02	1.842729999999999961e+02	1.851649999999999920e+02	1.858750000000000000e+02	1.866069999999999993e+02	1.873859999999999957e+02	1.879809999999999945e+02	1.885989999999999895e+02	1.892620000000000005e+02	1.896970000000000027e+02	1.900629999999999882e+02	1.907729999999999961e+02	1.912079999999999984e+02	1.914600000000000080e+02	1.919859999999999900e+02	1.923069999999999879e+02	1.925579999999999927e+02	1.930159999999999911e+02	1.934509999999999934e+02	1.937259999999999991e+02	1.940459999999999923e+02	1.944809999999999945e+02	1.947330000000000041e+02	1.950989999999999895e+02	1.953959999999999866e+02	1.956020000000000039e+02	1.957630000000000052e+02	1.964490000000000123e+02	1.968149999999999977e+02	1.970670000000000073e+02	1.973189999999999884e+02	1.974790000000000134e+02	1.978000000000000114e+02	1.980509999999999877e+02	1.980509999999999877e+02	1.983029999999999973e+02	1.984629999999999939e+02	1.984629999999999939e+02	1.987379999999999995e+02	1.988530000000000086e+02	1.989900000000000091e+02	1.990809999999999889e+02	1.991500000000000057e+02	1.994480000000000075e+02	2.007520000000000095e+02	2.009579999999999984e+02	2.010039999999999907e+02
0.000000000000000000e+00	3.270720000000000027e+02	3.026960000000000264e+02	2.818910000000000196e+02	2.641979999999999791e+02	2.482220000000000084e+02	2.342150000000000034e+02	2.216260000000000048e+02	2.103420000000000130e+02	2.012330000000000041e+02	1.933360000000000127e+02	1.869279999999999973e+02	1.815260000000000105e+02	1.771769999999999925e+02	1.731260000000000048e+02	1.697160000000000082e+02	1.703340000000000032e+02	1.463930000000000007e+02	1.381990000000000123e+02	1.308520000000000039e+02	1.268919999999999959e+02	1.237109999999999985e+02	1.208949999999999960e+02	1.178739999999999952e+02	1.154710000000000036e+02	1.131129999999999995e+02	1.122210000000000036e+02	1.100919999999999987e+02	1.086730000000000018e+02	1.071400000000000006e+02	1.064300000000000068e+02	1.054459999999999980e+02	1.045529999999999973e+02	1.045759999999999934e+02	1.044620000000000033e+02	1.034770000000000039e+02	1.031569999999999965e+02	1.024020000000000010e+02	1.018070000000000022e+02	1.010739999999999981e+02	1.005709999999999980e+02	1.007540000000000049e+02	1.010969999999999942e+02	1.008910000000000053e+02	1.003190000000000026e+02	9.931199999999999761e+01	9.860200000000000387e+01	9.814499999999999602e+01	9.757200000000000273e+01	9.732099999999999795e+01	9.697700000000000387e+01	9.651900000000000546e+01	9.647400000000000375e+01	9.612999999999999545e+01	9.654200000000000159e+01	9.603900000000000148e+01	9.656499999999999773e+01	9.601600000000000534e+01	9.565000000000000568e+01	9.521500000000000341e+01	9.578700000000000614e+01	9.551200000000000045e+01	9.514600000000000080e+01	9.514600000000000080e+01	9.466599999999999682e+01	9.429900000000000659e+01	9.450499999999999545e+01	9.411599999999999966e+01	9.381900000000000261e+01	9.356699999999999307e+01	9.343000000000000682e+01	9.297199999999999420e+01	9.290300000000000580e+01	9.267400000000000659e+01	9.212500000000000000e+01	9.326900000000000546e+01	9.349800000000000466e+01	9.338400000000000034e+01	9.343000000000000682e+01	9.349800000000000466e+01	9.313200000000000500e+01	9.306300000000000239e+01	9.326900000000000546e+01	9.352100000000000080e+01	9.333799999999999386e+01	9.294899999999999807e+01	9.299500000000000455e+01	9.308599999999999852e+01	9.308599999999999852e+01	9.287999999999999545e+01	9.256000000000000227e+01	9.251399999999999579e+01	9.244499999999999318e+01	9.265099999999999625e+01	9.242199999999999704e+01	9.233100000000000307e+01	9.223900000000000432e+01	9.219400000000000261e+01	9.256000000000000227e+01	9.260599999999999454e+01	9.246800000000000352e+01	9.214799999999999613e+01	9.205599999999999739e+01	9.187300000000000466e+01	9.146099999999999852e+01	9.292600000000000193e+01	9.640500000000000114e+01	9.619899999999999807e+01	9.601600000000000534e+01	9.608499999999999375e+01	9.583299999999999841e+01	9.576399999999999579e+01	9.581000000000000227e+01	9.906000000000000227e+01	9.974699999999999989e+01	9.988400000000000034e+01	9.970099999999999341e+01	9.981499999999999773e+01	9.972400000000000375e+01	9.995300000000000296e+01	9.999800000000000466e+01	9.997599999999999909e+01	9.983799999999999386e+01	9.986100000000000421e+01	9.986100000000000421e+01	9.986100000000000421e+01	9.979200000000000159e+01	9.983799999999999386e+01	9.983799999999999386e+01	9.956399999999999295e+01	9.974699999999999989e+01	9.965500000000000114e+01	9.988400000000000034e+01	9.999800000000000466e+01	9.970099999999999341e+01	9.965500000000000114e+01	9.960899999999999466e+01	9.988400000000000034e+01	9.986100000000000421e+01	9.976999999999999602e+01	9.970099999999999341e+01	1.007770000000000010e+02	1.011659999999999968e+02	1.011659999999999968e+02	1.010280000000000058e+02	1.007540000000000049e+02	1.005019999999999953e+02	1.003649999999999949e+02	1.003190000000000026e+02	1.002039999999999935e+02	1.002039999999999935e+02	1.001820000000000022e+02	1.002039999999999935e+02	1.002960000000000065e+02	1.004789999999999992e+02	1.002729999999999961e+02	1.003419999999999987e+02	9.963200000000000500e+01	1.000210000000000008e+02	1.002270000000000039e+02	1.001590000000000060e+02	1.002270000000000039e+02	1.000669999999999931e+02	9.999800000000000466e+01	1.000669999999999931e+02	1.007079999999999984e+02	1.007079999999999984e+02	1.005250000000000057e+02	1.000210000000000008e+02	1.006850000000000023e+02	1.007540000000000049e+02	1.008220000000000027e+02	1.009369999999999976e+02	1.010969999999999942e+02	1.011200000000000045e+02	1.012339999999999947e+02	1.012800000000000011e+02	1.016239999999999952e+02	1.015550000000000068e+02	1.014180000000000064e+02	1.014180000000000064e+02	1.012120000000000033e+02	1.012120000000000033e+02	1.011889999999999930e+02	1.011430000000000007e+02	1.012800000000000011e+02	1.013719999999999999e+02	1.010739999999999981e+02	1.009830000000000041e+02	1.013029999999999973e+02
0.000000000000000000e+00	1.420670000000000073e+02	1.311490000000000009e+02	1.211700000000000017e+02	1.111449999999999960e+02	1.016460000000000008e+02	9.432200000000000273e+01	8.944700000000000273e+01	8.569299999999999784e+01	8.278700000000000614e+01	8.125300000000000011e+01	7.930800000000000693e+01	7.834600000000000364e+01	7.667499999999999716e+01	7.761400000000000432e+01	7.738500000000000512e+01	7.644700000000000273e+01	7.479900000000000659e+01	7.456999999999999318e+01	7.289900000000000091e+01	7.109099999999999397e+01	6.919100000000000250e+01	6.729099999999999682e+01	6.584900000000000375e+01	6.447599999999999909e+01	6.330899999999999750e+01	6.223299999999999699e+01	6.140899999999999892e+01	6.069899999999999807e+01	6.031000000000000227e+01	5.982999999999999829e+01	5.932600000000000051e+01	5.918900000000000006e+01	5.866199999999999903e+01	5.852499999999999858e+01	5.829599999999999937e+01	5.797599999999999909e+01	5.781600000000000250e+01	5.756400000000000006e+01	5.758700000000000330e+01	5.751800000000000068e+01	5.742600000000000193e+01	5.742600000000000193e+01	5.738100000000000023e+01	5.726599999999999824e+01	5.708299999999999841e+01	5.696900000000000119e+01	5.694599999999999795e+01	5.694599999999999795e+01	5.685399999999999920e+01	5.701400000000000290e+01	5.724300000000000210e+01	5.715200000000000102e+01	5.717499999999999716e+01	5.715200000000000102e+01	5.721999999999999886e+01	5.719800000000000040e+01	5.699199999999999733e+01	5.696900000000000119e+01	5.699199999999999733e+01	5.703699999999999903e+01	5.726599999999999824e+01	5.731199999999999761e+01	5.726599999999999824e+01	5.721999999999999886e+01	5.751800000000000068e+01	5.765500000000000114e+01	5.765500000000000114e+01	5.797599999999999909e+01	5.806700000000000017e+01	5.834199999999999875e+01	5.850200000000000244e+01	5.879999999999999716e+01	5.898299999999999699e+01	5.953199999999999648e+01	5.957800000000000296e+01	5.978399999999999892e+01	5.994400000000000261e+01	6.017300000000000182e+01	6.044800000000000040e+01	6.058500000000000085e+01	6.072200000000000131e+01	6.092799999999999727e+01	6.111099999999999710e+01	6.127199999999999847e+01	6.147800000000000153e+01	6.161500000000000199e+01	6.177499999999999858e+01	6.191299999999999670e+01	6.211899999999999977e+01	6.225600000000000023e+01	6.241599999999999682e+01	6.259899999999999665e+01	6.285099999999999909e+01	6.296500000000000341e+01	6.307999999999999829e+01	6.324000000000000199e+01	6.349199999999999733e+01	6.372099999999999653e+01	6.392699999999999960e+01	6.410999999999999943e+01	6.429300000000000637e+01	6.443000000000000682e+01	6.465900000000000603e+01	6.488800000000000523e+01	6.514000000000000057e+01	6.532299999999999329e+01	6.548300000000000409e+01	6.568899999999999295e+01	6.596399999999999864e+01	6.621599999999999397e+01	6.637600000000000477e+01	6.674200000000000443e+01	6.692499999999999716e+01	6.731399999999999295e+01	6.772599999999999909e+01	6.800100000000000477e+01	6.854999999999999716e+01	6.898499999999999943e+01	6.912199999999999989e+01	6.937399999999999523e+01	6.978600000000000136e+01	7.012900000000000489e+01	7.045000000000000284e+01	7.079300000000000637e+01	7.113599999999999568e+01	7.148000000000000398e+01	7.177700000000000102e+01	7.216599999999999682e+01	7.246399999999999864e+01	7.287600000000000477e+01	7.317400000000000659e+01	7.349399999999999977e+01	7.385999999999999943e+01	7.404300000000000637e+01	7.434099999999999397e+01	7.475300000000000011e+01	7.498199999999999932e+01	7.534799999999999898e+01	7.580599999999999739e+01	7.605700000000000216e+01	7.635500000000000398e+01	7.662999999999999545e+01	7.699599999999999511e+01	7.724800000000000466e+01	7.765999999999999659e+01	7.749899999999999523e+01	7.747700000000000387e+01	7.754500000000000171e+01	7.765999999999999659e+01	7.770499999999999829e+01	7.763700000000000045e+01	7.763700000000000045e+01	7.759099999999999397e+01	7.763700000000000045e+01	7.765999999999999659e+01	7.763700000000000045e+01	7.765999999999999659e+01	7.779699999999999704e+01	7.795699999999999363e+01	7.779699999999999704e+01	7.775100000000000477e+01	7.779699999999999704e+01	7.772799999999999443e+01	7.768200000000000216e+01	7.770499999999999829e+01	7.765999999999999659e+01	7.779699999999999704e+01	7.770499999999999829e+01	7.770499999999999829e+01	7.765999999999999659e+01	7.772799999999999443e+01	7.765999999999999659e+01	7.761400000000000432e+01	7.772799999999999443e+01	7.770499999999999829e+01	7.777400000000000091e+01	7.775100000000000477e+01	7.761400000000000432e+01	7.759099999999999397e+01	7.756799999999999784e+01	7.754500000000000171e+01	7.754500000000000171e+01	7.761400000000000432e+01	7.754500000000000171e+01	7.770499999999999829e+01	7.761400000000000432e+01	7.745399999999999352e+01	7.756799999999999784e+01	7.754500000000000171e+01
0.000000000000000000e+00	5.990750000000000455e+02	5.150990000000000464e+02	4.381709999999999923e+02	3.776089999999999804e+02	3.245539999999999736e+02	2.814789999999999850e+02	2.502589999999999861e+02	2.285389999999999873e+02	2.124480000000000075e+02	1.985550000000000068e+02	1.878890000000000100e+02	1.793979999999999961e+02	1.728969999999999914e+02	1.668319999999999936e+02	1.623230000000000075e+02	1.578600000000000136e+02	1.538540000000000134e+02	1.502150000000000034e+02	1.484989999999999952e+02	1.453629999999999995e+02	1.430970000000000084e+02	1.412199999999999989e+02	1.397549999999999955e+02	1.388400000000000034e+02	1.376949999999999932e+02	1.365279999999999916e+02	1.357959999999999923e+02	1.354290000000000020e+02	1.346510000000000105e+02	1.343079999999999927e+02	1.322709999999999866e+02	1.320649999999999977e+02	1.320879999999999939e+02	1.318360000000000127e+02	1.339650000000000034e+02	1.341709999999999923e+02	1.342849999999999966e+02	1.345140000000000100e+02	1.347199999999999989e+02	1.359099999999999966e+02	1.358870000000000005e+02	1.361390000000000100e+02	1.365740000000000123e+02	1.364590000000000032e+02	1.366879999999999882e+02	1.370540000000000020e+02	1.372379999999999995e+02	1.370089999999999861e+02	1.377870000000000061e+02	1.380620000000000118e+02	1.386570000000000107e+02	1.394350000000000023e+02	1.393890000000000100e+02	1.404420000000000073e+02	1.406250000000000000e+02	1.409449999999999932e+02	1.413120000000000118e+02	1.416779999999999973e+02	1.414950000000000045e+02	1.415409999999999968e+02	1.417920000000000016e+02	1.418379999999999939e+02	1.421810000000000116e+02	1.418149999999999977e+02	1.418839999999999861e+02	1.422729999999999961e+02	1.423650000000000091e+02	1.427539999999999907e+02	1.424329999999999927e+02	1.437839999999999918e+02	1.414720000000000084e+02	1.423870000000000005e+02	1.432110000000000127e+02	1.432800000000000011e+02	1.436229999999999905e+02	1.439209999999999923e+02	1.442640000000000100e+02	1.446299999999999955e+02	1.447680000000000007e+02	1.448590000000000089e+02	1.452709999999999866e+02	1.456380000000000052e+02	1.457750000000000057e+02	1.460720000000000027e+02	1.464610000000000127e+02	1.465300000000000011e+02	1.468729999999999905e+02	1.475829999999999984e+02	1.475829999999999984e+02	1.476059999999999945e+02	1.477199999999999989e+02	1.478120000000000118e+02	1.481090000000000089e+02	1.482470000000000141e+02	1.483839999999999861e+02	1.486819999999999879e+02	1.487050000000000125e+02	1.487959999999999923e+02	1.489790000000000134e+02	1.491390000000000100e+02	1.492769999999999868e+02	1.495509999999999877e+02	1.498950000000000102e+02	1.501690000000000111e+02	1.499859999999999900e+02	1.503069999999999879e+02	1.503979999999999961e+02	1.505130000000000052e+02	1.507419999999999902e+02	1.508329999999999984e+02	1.511310000000000002e+02	1.512909999999999968e+02	1.514050000000000011e+02	1.518629999999999995e+02	1.520000000000000000e+02	1.519319999999999879e+02	1.521380000000000052e+02	1.523209999999999980e+02	1.524579999999999984e+02	1.527100000000000080e+02	1.529389999999999930e+02	1.529389999999999930e+02	1.531450000000000102e+02	1.532139999999999986e+02	1.532820000000000107e+02	1.534650000000000034e+02	1.537630000000000052e+02	1.538540000000000134e+02	1.541519999999999868e+02	1.543810000000000002e+02	1.543350000000000080e+02	1.544490000000000123e+02	1.547009999999999934e+02	1.546779999999999973e+02	1.549530000000000030e+02	1.550670000000000073e+02	1.553189999999999884e+02	1.554339999999999975e+02	1.555709999999999980e+02	1.551819999999999879e+02	1.554339999999999975e+02	1.555020000000000095e+02	1.556169999999999902e+02	1.559600000000000080e+02	1.560060000000000002e+02	1.558909999999999911e+02	1.562119999999999891e+02	1.563029999999999973e+02	1.565550000000000068e+02	1.567609999999999957e+02	1.568979999999999961e+02	1.568760000000000048e+02	1.571730000000000018e+02	1.571959999999999980e+02	1.573100000000000023e+02	1.574250000000000114e+02	1.574710000000000036e+02	1.577220000000000084e+02	1.577450000000000045e+02	1.577220000000000084e+02	1.577680000000000007e+02	1.579509999999999934e+02	1.580660000000000025e+02	1.579509999999999934e+02	1.580660000000000025e+02	1.581800000000000068e+02	1.581339999999999861e+02	1.585240000000000009e+02	1.583859999999999957e+02	1.583400000000000034e+02	1.583400000000000034e+02	1.585240000000000009e+02	1.582719999999999914e+02	1.585010000000000048e+02	1.587299999999999898e+02	1.587520000000000095e+02	1.592560000000000002e+02	1.592100000000000080e+02	1.589809999999999945e+02	1.590269999999999868e+02	1.593700000000000045e+02	1.591189999999999998e+02	1.592560000000000002e+02	1.592560000000000002e+02	1.590960000000000036e+02	1.591639999999999873e+02	1.591419999999999959e+02	1.590730000000000075e+02	1.590269999999999868e+02
0.000000000000000000e+00	1.304599999999999937e+01	1.361800000000000033e+01	1.375600000000000023e+01	1.377899999999999991e+01	1.448799999999999955e+01	1.270299999999999940e+01	1.270299999999999940e+01	1.238299999999999912e+01	1.217699999999999960e+01	1.283999999999999986e+01	1.263400000000000034e+01	1.316099999999999959e+01	1.327500000000000036e+01	1.304599999999999937e+01	1.329800000000000004e+01	1.313799999999999990e+01	1.348099999999999987e+01	1.309200000000000053e+01	1.322899999999999920e+01	1.359600000000000009e+01	1.352699999999999925e+01	1.329800000000000004e+01	1.329800000000000004e+01	1.318399999999999928e+01	1.306900000000000084e+01	1.288599999999999923e+01	1.263400000000000034e+01	1.302299999999999969e+01	1.283999999999999986e+01	1.290900000000000070e+01	1.322899999999999920e+01	1.213100000000000023e+01	1.304599999999999937e+01	1.297799999999999976e+01	1.309200000000000053e+01	1.286299999999999955e+01	1.332099999999999973e+01	1.357300000000000040e+01	1.272600000000000087e+01	1.267999999999999972e+01	4.371600000000000108e+01	4.378499999999999659e+01	4.634899999999999665e+01	4.726400000000000290e+01	4.724099999999999966e+01	4.623400000000000176e+01	4.502100000000000080e+01	4.410600000000000165e+01	4.378499999999999659e+01	4.540999999999999659e+01	4.815699999999999648e+01	4.792799999999999727e+01	4.820300000000000296e+01	4.843099999999999739e+01	4.872899999999999920e+01	4.852300000000000324e+01	4.669200000000000017e+01	4.861500000000000199e+01	4.914099999999999824e+01	4.408299999999999841e+01	4.431199999999999761e+01	4.394500000000000028e+01	4.369400000000000261e+01	4.387700000000000244e+01	4.403699999999999903e+01	4.511299999999999955e+01	4.701200000000000045e+01	4.476899999999999835e+01	4.403699999999999903e+01	4.396800000000000352e+01	4.886599999999999966e+01	4.870600000000000307e+01	4.895799999999999841e+01	4.756199999999999761e+01	4.872899999999999920e+01	4.872899999999999920e+01	4.916400000000000148e+01	4.877499999999999858e+01	4.882000000000000028e+01	4.357900000000000063e+01	4.369400000000000261e+01	4.401400000000000290e+01	4.708100000000000307e+01	4.460900000000000176e+01	4.385399999999999920e+01	4.380799999999999983e+01	4.868299999999999983e+01	4.886599999999999966e+01	4.515800000000000125e+01	4.383100000000000307e+01	4.486099999999999710e+01	4.364800000000000324e+01	4.318999999999999773e+01	4.779099999999999682e+01	4.341899999999999693e+01	4.225200000000000244e+01	4.220600000000000307e+01	4.227400000000000091e+01	4.280100000000000193e+01	4.202300000000000324e+01	4.268599999999999994e+01	4.328199999999999648e+01	4.705799999999999983e+01	4.769899999999999807e+01	4.195400000000000063e+01	4.158800000000000097e+01	4.181700000000000017e+01	4.174799999999999756e+01	4.170199999999999818e+01	4.158800000000000097e+01	4.170199999999999818e+01	4.161099999999999710e+01	4.165599999999999881e+01	4.154200000000000159e+01	4.252600000000000335e+01	4.763000000000000256e+01	4.653199999999999648e+01	4.296099999999999852e+01	4.218299999999999983e+01	4.417399999999999949e+01	4.184000000000000341e+01	4.804200000000000159e+01	4.751599999999999824e+01	4.788199999999999790e+01	4.744700000000000273e+01	4.769899999999999807e+01	4.779099999999999682e+01	4.769899999999999807e+01	4.774499999999999744e+01	4.753900000000000148e+01	4.753900000000000148e+01	4.758500000000000085e+01	4.758500000000000085e+01	4.749300000000000210e+01	4.772200000000000131e+01	4.742399999999999949e+01	4.756199999999999761e+01	4.744700000000000273e+01	4.797399999999999665e+01	4.783599999999999852e+01	4.598199999999999932e+01	4.149600000000000222e+01	4.232000000000000028e+01	4.275500000000000256e+01	4.888900000000000290e+01	4.824799999999999756e+01	4.856900000000000261e+01	4.859199999999999875e+01	4.859199999999999875e+01	4.824799999999999756e+01	4.808800000000000097e+01	4.850000000000000000e+01	4.850000000000000000e+01	4.829399999999999693e+01	4.852300000000000324e+01	4.756199999999999761e+01	4.767600000000000193e+01	4.785900000000000176e+01	4.790500000000000114e+01	4.753900000000000148e+01	4.765299999999999869e+01	4.751599999999999824e+01	4.783599999999999852e+01	4.742399999999999949e+01	4.797399999999999665e+01	4.749300000000000210e+01	4.788199999999999790e+01	4.765299999999999869e+01	4.763000000000000256e+01	4.779099999999999682e+01	4.785900000000000176e+01	4.788199999999999790e+01	4.746999999999999886e+01	4.746999999999999886e+01	4.721800000000000352e+01	4.765299999999999869e+01	4.740100000000000335e+01	4.669200000000000017e+01	4.714999999999999858e+01	4.698899999999999721e+01	4.724099999999999966e+01	4.733299999999999841e+01	4.710399999999999920e+01	4.689800000000000324e+01	4.543299999999999983e+01	4.003099999999999881e+01	3.959700000000000131e+01	4.106099999999999994e+01	4.733299999999999841e+01
1.000000000000000000e+00	2.449950000000000045e+02	2.247620000000000005e+02	2.046659999999999968e+02	1.856459999999999866e+02	1.680910000000000082e+02	1.553420000000000130e+02	1.455459999999999923e+02	1.374890000000000043e+02	1.315610000000000070e+02	1.268460000000000036e+02	1.230699999999999932e+02	1.200939999999999941e+02	1.181260000000000048e+02	1.161800000000000068e+02	1.139599999999999937e+02	1.120379999999999967e+02	1.101380000000000052e+02	1.084210000000000065e+02	1.068419999999999987e+02	1.048280000000000030e+02	1.022189999999999941e+02	9.981499999999999773e+01	9.764100000000000534e+01	9.571800000000000352e+01	9.409300000000000352e+01	9.274299999999999500e+01	9.175900000000000034e+01	9.107200000000000273e+01	9.017900000000000205e+01	8.935500000000000398e+01	8.889799999999999613e+01	8.853100000000000591e+01	8.795900000000000318e+01	8.766200000000000614e+01	8.711199999999999477e+01	8.640300000000000580e+01	8.635699999999999932e+01	8.603700000000000614e+01	8.544199999999999307e+01	8.514400000000000546e+01	8.484600000000000364e+01	8.477800000000000580e+01	8.475499999999999545e+01	8.464100000000000534e+01	8.480100000000000193e+01	8.454900000000000659e+01	8.450300000000000011e+01	8.448000000000000398e+01	8.434300000000000352e+01	8.429699999999999704e+01	8.409099999999999397e+01	8.420600000000000307e+01	8.409099999999999397e+01	8.402299999999999613e+01	8.445699999999999363e+01	8.470900000000000318e+01	8.493800000000000239e+01	8.544199999999999307e+01	8.573900000000000432e+01	8.569299999999999784e+01	8.599099999999999966e+01	8.695199999999999818e+01	8.681499999999999773e+01	8.674599999999999511e+01	8.715800000000000125e+01	8.699800000000000466e+01	8.782200000000000273e+01	8.800499999999999545e+01	8.837099999999999511e+01	8.866899999999999693e+01	8.850900000000000034e+01	8.876000000000000512e+01	8.933299999999999841e+01	8.933299999999999841e+01	8.946999999999999886e+01	8.962999999999999545e+01	8.974500000000000455e+01	9.004200000000000159e+01	9.024800000000000466e+01	9.084300000000000352e+01	9.068300000000000693e+01	9.102599999999999625e+01	9.116400000000000148e+01	9.123199999999999932e+01	9.148399999999999466e+01	9.168999999999999773e+01	9.201000000000000512e+01	9.207899999999999352e+01	9.203300000000000125e+01	9.212500000000000000e+01	9.242199999999999704e+01	9.240000000000000568e+01	9.271999999999999886e+01	9.310899999999999466e+01	9.326900000000000546e+01	9.349800000000000466e+01	9.352100000000000080e+01	9.356699999999999307e+01	9.381900000000000261e+01	9.386400000000000432e+01	9.416200000000000614e+01	9.420799999999999841e+01	9.441400000000000148e+01	9.491700000000000159e+01	9.500900000000000034e+01	9.537500000000000000e+01	9.581000000000000227e+01	9.594700000000000273e+01	9.686299999999999955e+01	1.006389999999999958e+02	1.006389999999999958e+02	1.010739999999999981e+02	1.015090000000000003e+02	1.019669999999999987e+02	1.036380000000000052e+02	1.045990000000000038e+02	1.055150000000000006e+02	1.064530000000000030e+02	1.073679999999999950e+02	1.087650000000000006e+02	1.103670000000000044e+02	1.121979999999999933e+02	1.140520000000000067e+02	1.163409999999999940e+02	1.189500000000000028e+02	1.214680000000000035e+02	1.242369999999999948e+02	1.270070000000000050e+02	1.297529999999999859e+02	1.326599999999999966e+02	1.354979999999999905e+02	1.381990000000000123e+02	1.408540000000000134e+02	1.433489999999999895e+02	1.456829999999999927e+02	1.488189999999999884e+02	1.509929999999999950e+02	1.531450000000000102e+02	1.556850000000000023e+02	1.574480000000000075e+02	1.594850000000000136e+02	1.618189999999999884e+02	1.643830000000000098e+02	1.665120000000000005e+02	1.678849999999999909e+02	1.699219999999999970e+02	1.717069999999999936e+02	1.728060000000000116e+02	1.743849999999999909e+02	1.689149999999999920e+02	1.699910000000000139e+02	1.712719999999999914e+02	1.728290000000000077e+02	1.740420000000000016e+02	1.751630000000000109e+02	1.765140000000000100e+02	1.773830000000000098e+02	1.785740000000000123e+02	1.794890000000000043e+02	1.817090000000000032e+02	1.820759999999999934e+02	1.826020000000000039e+02	1.831279999999999859e+02	1.841349999999999909e+02	1.847309999999999945e+02	1.853710000000000093e+02	1.862640000000000100e+02	1.872479999999999905e+02	1.882779999999999916e+02	1.891479999999999961e+02	1.903839999999999861e+02	1.911620000000000061e+02	1.919399999999999977e+02	1.929470000000000027e+02	1.936109999999999900e+02	1.944120000000000061e+02	1.952820000000000107e+02	1.960600000000000023e+02	1.968379999999999939e+02	1.975939999999999941e+02	1.981889999999999930e+02	1.987839999999999918e+02	1.997220000000000084e+02	1.998830000000000098e+02	2.007520000000000095e+02	2.016450000000000102e+02	2.020800000000000125e+02	2.037050000000000125e+02	2.046430000000000007e+02
1.000000000000000000e+00	2.791899999999999977e+02	2.614289999999999736e+02	2.453160000000000025e+02	2.303240000000000123e+02	2.160190000000000055e+02	2.027439999999999998e+02	1.897889999999999873e+02	1.806790000000000020e+02	1.720500000000000114e+02	1.662139999999999986e+02	1.613389999999999986e+02	1.570819999999999936e+02	1.535569999999999879e+02	1.506959999999999980e+02	1.482009999999999934e+02	1.462330000000000041e+02	1.441040000000000134e+02	1.418609999999999900e+02	1.393429999999999893e+02	1.371229999999999905e+02	1.342390000000000043e+02	1.310809999999999889e+02	1.278080000000000069e+02	1.248319999999999936e+02	1.221310000000000002e+02	1.197049999999999983e+02	1.178739999999999952e+02	1.164320000000000022e+02	1.151959999999999980e+02	1.141200000000000045e+02	1.134800000000000040e+02	1.127930000000000064e+02	1.122890000000000015e+02	1.117169999999999987e+02	1.116710000000000065e+02	1.112819999999999965e+02	1.113050000000000068e+02	1.111680000000000064e+02	1.124729999999999990e+02	1.121290000000000049e+02	1.121059999999999945e+02	1.122890000000000015e+02	1.121979999999999933e+02	1.124729999999999990e+02	1.124950000000000045e+02	1.127240000000000038e+02	1.125180000000000007e+02	1.123810000000000002e+02	1.127469999999999999e+02	1.133649999999999949e+02	1.137770000000000010e+02	1.143949999999999960e+02	1.150360000000000014e+02	1.150360000000000014e+02	1.155169999999999959e+02	1.156080000000000041e+02	1.160660000000000025e+02	1.163859999999999957e+02	1.163859999999999957e+02	1.171189999999999998e+02	1.176910000000000025e+02	1.181719999999999970e+02	1.185150000000000006e+02	1.190409999999999968e+02	1.193850000000000051e+02	1.196590000000000060e+02	1.196370000000000005e+02	1.197740000000000009e+02	1.204380000000000024e+02	1.208719999999999999e+02	1.212620000000000005e+02	1.217189999999999941e+02	1.222000000000000028e+02	1.225889999999999986e+02	1.228870000000000005e+02	1.233439999999999941e+02	1.238020000000000067e+02	1.241910000000000025e+02	1.246260000000000048e+02	1.257710000000000008e+02	1.258160000000000025e+02	1.261370000000000005e+02	1.265490000000000066e+02	1.269609999999999985e+02	1.274639999999999986e+02	1.278529999999999944e+02	1.284710000000000036e+02	1.289749999999999943e+02	1.294559999999999889e+02	1.299590000000000032e+02	1.303940000000000055e+02	1.308979999999999961e+02	1.312640000000000100e+02	1.316299999999999955e+02	1.321560000000000059e+02	1.325229999999999961e+02	1.330029999999999859e+02	1.335980000000000132e+02	1.338729999999999905e+02	1.343540000000000134e+02	1.346740000000000066e+02	1.349490000000000123e+02	1.353609999999999900e+02	1.354979999999999905e+02	1.357959999999999923e+02	1.358640000000000043e+02	1.359329999999999927e+02	1.361160000000000139e+02	1.360929999999999893e+02	1.362529999999999859e+02	1.362760000000000105e+02	1.362529999999999859e+02	1.363679999999999950e+02	1.363449999999999989e+02	1.360699999999999932e+02	1.360929999999999893e+02	1.360929999999999893e+02	1.361850000000000023e+02	1.360929999999999893e+02	1.362760000000000105e+02	1.361620000000000061e+02	1.368940000000000055e+02	1.370320000000000107e+02	1.371229999999999905e+02	1.371459999999999866e+02	1.371690000000000111e+02	1.372599999999999909e+02	1.372829999999999870e+02	1.374660000000000082e+02	1.375579999999999927e+02	1.379699999999999989e+02	1.379929999999999950e+02	1.382680000000000007e+02	1.384509999999999934e+02	1.387249999999999943e+02	1.392969999999999970e+02	1.395949999999999989e+02	1.398470000000000084e+02	1.404190000000000111e+02	1.409449999999999932e+02	1.416779999999999973e+02	1.426160000000000139e+02	1.435780000000000030e+02	1.445850000000000080e+02	1.458439999999999941e+02	1.471250000000000000e+02	1.488420000000000130e+02	1.504900000000000091e+02	1.521839999999999975e+02	1.545869999999999891e+02	1.567379999999999995e+02	1.590500000000000114e+02	1.614530000000000030e+02	1.639939999999999998e+02	1.666030000000000086e+02	1.691889999999999930e+02	1.717529999999999859e+02	1.744770000000000039e+02	1.771769999999999925e+02	1.798549999999999898e+02	1.826479999999999961e+02	1.853029999999999973e+02	1.877290000000000134e+02	1.897429999999999950e+02	1.915970000000000084e+02	1.938629999999999995e+02	1.955800000000000125e+02	1.971129999999999995e+02	1.986920000000000073e+02	2.001570000000000107e+02	2.012789999999999964e+02	2.025380000000000109e+02	2.034530000000000030e+02	2.063369999999999891e+02	2.070010000000000048e+02	2.076870000000000118e+02	2.069319999999999879e+02	2.077330000000000041e+02	2.085109999999999957e+02	2.088779999999999859e+02	2.093580000000000041e+02	2.099530000000000030e+02	2.103650000000000091e+02	2.109600000000000080e+02	2.113950000000000102e+02	2.117609999999999957e+02	2.121959999999999980e+02	2.124250000000000114e+02	2.128139999999999930e+02
0.000000000000000000e+00	4.496840000000000259e+02	4.009549999999999841e+02	3.579710000000000036e+02	3.212359999999999900e+02	2.908170000000000073e+02	2.635570000000000164e+02	2.446289999999999907e+02	2.267079999999999984e+02	2.122419999999999902e+02	2.010500000000000114e+02	1.920089999999999861e+02	1.844559999999999889e+02	1.777270000000000039e+02	1.723710000000000093e+02	1.669459999999999980e+02	1.605149999999999864e+02	1.545180000000000007e+02	1.485900000000000034e+02	1.435780000000000030e+02	1.390459999999999923e+02	1.347199999999999989e+02	1.308520000000000039e+02	1.278529999999999944e+02	1.250379999999999967e+02	1.223599999999999994e+02	1.204830000000000041e+02	1.187210000000000036e+02	1.169360000000000070e+02	1.154479999999999933e+02	1.142810000000000059e+02	1.135019999999999953e+02	1.125639999999999930e+02	1.118319999999999936e+02	1.114429999999999978e+02	1.110990000000000038e+02	1.107099999999999937e+02	1.104579999999999984e+02	1.104360000000000070e+02	1.104579999999999984e+02	1.103209999999999980e+02	1.106640000000000015e+02	1.108479999999999990e+02	1.114659999999999940e+02	1.118769999999999953e+02	1.117630000000000052e+02	1.123349999999999937e+02	1.124719999999999942e+02	1.125639999999999930e+02	1.128389999999999986e+02	1.129759999999999991e+02	1.130900000000000034e+02	1.137079999999999984e+02	1.140060000000000002e+02	1.142120000000000033e+02	1.144410000000000025e+02	1.147840000000000060e+02	1.159519999999999982e+02	1.165010000000000048e+02	1.173020000000000067e+02	1.173940000000000055e+02	1.177600000000000051e+02	1.184240000000000066e+02	1.186749999999999972e+02	1.190870000000000033e+02	1.192699999999999960e+02	1.194080000000000013e+02	1.197969999999999970e+02	1.203460000000000036e+02	1.211700000000000017e+02	1.217189999999999941e+02	1.225199999999999960e+02	1.228179999999999978e+02	1.231380000000000052e+02	1.240540000000000020e+02	1.243520000000000039e+02	1.243739999999999952e+02	1.246490000000000009e+02	1.250840000000000032e+02	1.255649999999999977e+02	1.259539999999999935e+02	1.261830000000000069e+02	1.265939999999999941e+02	1.269380000000000024e+02	1.271440000000000055e+02	1.272120000000000033e+02	1.275559999999999974e+02	1.281510000000000105e+02	1.284259999999999877e+02	1.287460000000000093e+02	1.289749999999999943e+02	1.291810000000000116e+02	1.299360000000000070e+02	1.304170000000000016e+02	1.306459999999999866e+02	1.310120000000000005e+02	1.316069999999999993e+02	1.317669999999999959e+02	1.321339999999999861e+02	1.324310000000000116e+02	1.326829999999999927e+02	1.330720000000000027e+02	1.334149999999999920e+02	1.336899999999999977e+02	1.341930000000000121e+02	1.346510000000000105e+02	1.350399999999999920e+02	1.355440000000000111e+02	1.359099999999999966e+02	1.361160000000000139e+02	1.365509999999999877e+02	1.368029999999999973e+02	1.371920000000000073e+02	1.375809999999999889e+02	1.379240000000000066e+02	1.381299999999999955e+02	1.386109999999999900e+02	1.390689999999999884e+02	1.393199999999999932e+02	1.397549999999999955e+02	1.401220000000000141e+02	1.402820000000000107e+02	1.407620000000000005e+02	1.410829999999999984e+02	1.411970000000000027e+02	1.417690000000000055e+02	1.420900000000000034e+02	1.424099999999999966e+02	1.428679999999999950e+02	1.432110000000000127e+02	1.434399999999999977e+02	1.438979999999999961e+02	1.442410000000000139e+02	1.446990000000000123e+02	1.451800000000000068e+02	1.455920000000000130e+02	1.457290000000000134e+02	1.462330000000000041e+02	1.466220000000000141e+02	1.467820000000000107e+02	1.475370000000000061e+02	1.478810000000000002e+02	1.481550000000000011e+02	1.488650000000000091e+02	1.490709999999999980e+02	1.493220000000000027e+02	1.497340000000000089e+02	1.501920000000000073e+02	1.503069999999999879e+02	1.508329999999999984e+02	1.511539999999999964e+02	1.513369999999999891e+02	1.520920000000000130e+02	1.523899999999999864e+02	1.525500000000000114e+02	1.530989999999999895e+02	1.535109999999999957e+02	1.537630000000000052e+02	1.543120000000000118e+02	1.546779999999999973e+02	1.549530000000000030e+02	1.554339999999999975e+02	1.558460000000000036e+02	1.561659999999999968e+02	1.566009999999999991e+02	1.570589999999999975e+02	1.573329999999999984e+02	1.578369999999999891e+02	1.582030000000000030e+02	1.585459999999999923e+02	1.590500000000000114e+02	1.595080000000000098e+02	1.597369999999999948e+02	1.602400000000000091e+02	1.606980000000000075e+02	1.609499999999999886e+02	1.615449999999999875e+02	1.619110000000000014e+02	1.621860000000000070e+02	1.627810000000000059e+02	1.631699999999999875e+02	1.634900000000000091e+02	1.641539999999999964e+02	1.644519999999999982e+02	1.647949999999999875e+02	1.655269999999999868e+02	1.658480000000000132e+02	1.662829999999999870e+02	1.669919999999999902e+02	1.677019999999999982e+02
1.000000000000000000e+00	3.060380000000000109e+02	2.757570000000000050e+02	2.511289999999999907e+02	2.276229999999999905e+02	2.072980000000000018e+02	1.899720000000000084e+02	1.769029999999999916e+02	1.631239999999999952e+02	1.518170000000000073e+02	1.437379999999999995e+02	1.338040000000000020e+02	1.270289999999999964e+02	1.215819999999999936e+02	1.151280000000000001e+02	1.095199999999999960e+02	1.043010000000000019e+02	9.825900000000000034e+01	9.313200000000000500e+01	8.876000000000000512e+01	8.612800000000000011e+01	8.329000000000000625e+01	8.061199999999999477e+01	7.832299999999999329e+01	7.530200000000000671e+01	7.360800000000000409e+01	7.202899999999999636e+01	7.102200000000000557e+01	6.987800000000000011e+01	6.900799999999999557e+01	6.802400000000000091e+01	6.829800000000000182e+01	6.751999999999999602e+01	6.690200000000000102e+01	6.708499999999999375e+01	6.632999999999999829e+01	6.603199999999999648e+01	6.573499999999999943e+01	6.559799999999999898e+01	6.541400000000000148e+01	6.516299999999999670e+01	6.507099999999999795e+01	6.486499999999999488e+01	6.495699999999999363e+01	6.493399999999999750e+01	6.493399999999999750e+01	6.470499999999999829e+01	6.493399999999999750e+01	6.484199999999999875e+01	6.502500000000000568e+01	6.541400000000000148e+01	6.534600000000000364e+01	6.520799999999999841e+01	6.552899999999999636e+01	6.568899999999999295e+01	6.557500000000000284e+01	6.564300000000000068e+01	6.555200000000000671e+01	6.617000000000000171e+01	6.662800000000000011e+01	6.678799999999999670e+01	6.726800000000000068e+01	6.735999999999999943e+01	6.706199999999999761e+01	6.669599999999999795e+01	6.697100000000000364e+01	6.779500000000000171e+01	6.795499999999999829e+01	6.825300000000000011e+01	6.841299999999999670e+01	6.854999999999999716e+01	6.843600000000000705e+01	6.836700000000000443e+01	6.864199999999999591e+01	6.836700000000000443e+01	6.834399999999999409e+01	6.859600000000000364e+01	6.845900000000000318e+01	6.852700000000000102e+01	6.848099999999999454e+01	6.839000000000000057e+01	6.829800000000000182e+01	6.820699999999999363e+01	6.955700000000000216e+01	7.031199999999999761e+01	7.015200000000000102e+01	7.010699999999999932e+01	7.006100000000000705e+01	6.990099999999999625e+01	6.996899999999999409e+01	7.029000000000000625e+01	7.109099999999999397e+01	7.122799999999999443e+01	7.159399999999999409e+01	7.134199999999999875e+01	7.138800000000000523e+01	7.141100000000000136e+01	7.193800000000000239e+01	7.232699999999999818e+01	7.303600000000000136e+01	7.326500000000000057e+01	7.406600000000000250e+01	7.340200000000000102e+01	7.360800000000000409e+01	7.388299999999999557e+01	7.404300000000000637e+01	7.424899999999999523e+01	7.447799999999999443e+01	7.459300000000000352e+01	7.491299999999999670e+01	7.683599999999999852e+01	7.720199999999999818e+01	7.811700000000000443e+01	7.884999999999999432e+01	7.971999999999999886e+01	8.551000000000000512e+01	8.594499999999999318e+01	8.667799999999999727e+01	8.798199999999999932e+01	8.983599999999999852e+01	9.093500000000000227e+01	9.274299999999999500e+01	9.452800000000000580e+01	9.693099999999999739e+01	9.896899999999999409e+01	1.015090000000000003e+02	1.045300000000000011e+02	1.072309999999999945e+02	1.094060000000000059e+02	1.116029999999999944e+02	1.142349999999999994e+02	1.166610000000000014e+02	1.189959999999999951e+02	1.211929999999999978e+02	1.232069999999999936e+02	1.265490000000000066e+02	1.293410000000000082e+02	1.242830000000000013e+02	1.257019999999999982e+02	1.267549999999999955e+02	1.284259999999999877e+02	1.370089999999999861e+02	1.394120000000000061e+02	1.413799999999999955e+02	1.427539999999999907e+02	1.440349999999999966e+02	1.452259999999999991e+02	1.465759999999999934e+02	1.477889999999999873e+02	1.484530000000000030e+02	1.493679999999999950e+02	1.506270000000000095e+02	1.515660000000000025e+02	1.521839999999999975e+02	1.531910000000000025e+02	1.536479999999999961e+02	1.542889999999999873e+02	1.548609999999999900e+02	1.556630000000000109e+02	1.573100000000000023e+02	1.581119999999999948e+02	1.591639999999999873e+02	1.598739999999999952e+02	1.378559999999999945e+02	1.385190000000000055e+02	1.391599999999999966e+02	1.394120000000000061e+02	1.401440000000000055e+02	1.405790000000000077e+02	1.467820000000000107e+02	1.479950000000000045e+02	1.495740000000000123e+02	1.516570000000000107e+02	1.525960000000000036e+02	1.543120000000000118e+02	1.555020000000000095e+02	1.563259999999999934e+02	1.570360000000000014e+02	1.576769999999999925e+02	1.584089999999999918e+02	1.589579999999999984e+02	1.593930000000000007e+02	1.603549999999999898e+02	1.614530000000000030e+02	1.617740000000000009e+02	1.623000000000000114e+02	1.629869999999999948e+02	1.621860000000000070e+02	1.634670000000000130e+02	1.641769999999999925e+02
0.000000000000000000e+00	2.703099999999999881e+01	2.680199999999999960e+01	2.682499999999999929e+01	2.018700000000000117e+01	2.382700000000000173e+01	2.016400000000000148e+01	1.950100000000000122e+01	2.403300000000000125e+01	2.240800000000000125e+01	2.524599999999999866e+01	2.540599999999999881e+01	2.657300000000000040e+01	2.419300000000000139e+01	1.938599999999999923e+01	2.194999999999999929e+01	2.471900000000000119e+01	2.641300000000000026e+01	2.645899999999999963e+01	2.208699999999999974e+01	2.421600000000000108e+01	2.053099999999999881e+01	2.178999999999999915e+01	2.265899999999999892e+01	2.666499999999999915e+01	2.277400000000000091e+01	2.096600000000000108e+01	2.130900000000000105e+01	2.069099999999999895e+01	2.554299999999999926e+01	2.767200000000000060e+01	2.721399999999999864e+01	2.650499999999999901e+01	2.726000000000000156e+01	2.515399999999999991e+01	2.815200000000000102e+01	2.405499999999999972e+01	2.453600000000000136e+01	2.135500000000000043e+01	2.481099999999999994e+01	2.359799999999999898e+01	2.819800000000000040e+01	2.716799999999999926e+01	2.773999999999999844e+01	2.309400000000000119e+01	2.304799999999999827e+01	2.279700000000000060e+01	2.524599999999999866e+01	2.847299999999999898e+01	2.764900000000000091e+01	2.693900000000000006e+01	2.476500000000000057e+01	2.298000000000000043e+01	2.192699999999999960e+01	2.487900000000000134e+01	2.593199999999999861e+01	2.378099999999999881e+01	2.810699999999999932e+01	2.899899999999999878e+01	2.593199999999999861e+01	2.256800000000000139e+01	2.460500000000000043e+01	2.204100000000000037e+01	2.847299999999999898e+01	2.838100000000000023e+01	2.238500000000000156e+01	2.639000000000000057e+01	2.366600000000000037e+01	2.286499999999999844e+01	2.371199999999999974e+01	2.865599999999999881e+01	2.561199999999999832e+01	2.833599999999999852e+01	2.362099999999999866e+01	2.659600000000000009e+01	2.899899999999999878e+01	2.888500000000000156e+01	2.755699999999999861e+01	2.542899999999999849e+01	2.815200000000000102e+01	2.391799999999999926e+01	2.481099999999999994e+01	2.629899999999999949e+01	2.540599999999999881e+01	2.268199999999999861e+01	2.519999999999999929e+01	2.224699999999999989e+01	2.265899999999999892e+01	2.897599999999999909e+01	2.799200000000000088e+01	2.242999999999999972e+01	2.916000000000000014e+01	2.824399999999999977e+01	2.916000000000000014e+01	2.771799999999999997e+01	2.604700000000000060e+01	2.879299999999999926e+01	2.932000000000000028e+01	2.860999999999999943e+01	2.819800000000000040e+01	2.895400000000000063e+01	2.579500000000000171e+01	2.620700000000000074e+01	2.444500000000000028e+01	2.458200000000000074e+01	2.453600000000000136e+01	2.249899999999999878e+01	2.664199999999999946e+01	2.682499999999999929e+01	2.865599999999999881e+01	2.874800000000000111e+01	2.904500000000000171e+01	2.348300000000000054e+01	2.810699999999999932e+01	2.359799999999999898e+01	2.838100000000000023e+01	2.785500000000000043e+01	2.895400000000000063e+01	2.922800000000000153e+01	2.941100000000000136e+01	2.938800000000000168e+01	2.904500000000000171e+01	2.849599999999999866e+01	2.842699999999999960e+01	2.922800000000000153e+01	2.895400000000000063e+01	2.595499999999999829e+01	2.918199999999999861e+01	2.545200000000000173e+01	2.927400000000000091e+01	2.432999999999999829e+01	2.451300000000000168e+01	2.421600000000000108e+01	2.519999999999999929e+01	2.893100000000000094e+01	2.927400000000000091e+01	2.918199999999999861e+01	2.906800000000000139e+01	2.655000000000000071e+01	2.721399999999999864e+01	2.645899999999999963e+01	2.600100000000000122e+01	2.167500000000000071e+01	2.304799999999999827e+01	2.643599999999999994e+01	2.403300000000000125e+01	2.275100000000000122e+01	2.739699999999999847e+01	2.860999999999999943e+01	2.872500000000000142e+01	2.906800000000000139e+01	2.918199999999999861e+01	2.909100000000000108e+01	2.094300000000000139e+01	2.178999999999999915e+01	2.801500000000000057e+01	2.620700000000000074e+01	2.330000000000000071e+01	2.314000000000000057e+01	2.421600000000000108e+01	2.336899999999999977e+01	2.176699999999999946e+01	2.172100000000000009e+01	2.153800000000000026e+01	2.879299999999999926e+01	2.890800000000000125e+01	2.483399999999999963e+01	2.796900000000000119e+01	2.590899999999999892e+01	2.753399999999999892e+01	2.137800000000000011e+01	2.629899999999999949e+01	2.435300000000000153e+01	2.801500000000000057e+01	2.849599999999999866e+01	2.801500000000000057e+01	2.359799999999999898e+01	2.165200000000000102e+01	2.426099999999999923e+01	2.332300000000000040e+01	2.757999999999999829e+01	2.737399999999999878e+01	2.863299999999999912e+01	2.897599999999999909e+01	2.696199999999999974e+01	2.819800000000000040e+01	2.890800000000000125e+01	2.783200000000000074e+01	2.895400000000000063e+01	2.886199999999999832e+01
0.000000000000000000e+00	3.304370000000000118e+02	2.944340000000000259e+02	2.640609999999999786e+02	2.376939999999999884e+02	2.140049999999999955e+02	1.948930000000000007e+02	1.779790000000000134e+02	1.629869999999999948e+02	1.515879999999999939e+02	1.424790000000000134e+02	1.338729999999999905e+02	1.274869999999999948e+02	1.216050000000000040e+02	1.170729999999999933e+02	1.125870000000000033e+02	1.082150000000000034e+02	1.041869999999999976e+02	1.000210000000000008e+02	9.576399999999999579e+01	9.139300000000000068e+01	8.720399999999999352e+01	8.381699999999999307e+01	8.042900000000000205e+01	7.761400000000000432e+01	7.509600000000000364e+01	7.301300000000000523e+01	7.122799999999999443e+01	6.964900000000000091e+01	6.859600000000000364e+01	6.749699999999999989e+01	6.667300000000000182e+01	6.614700000000000557e+01	6.578100000000000591e+01	6.566599999999999682e+01	6.516299999999999670e+01	6.525400000000000489e+01	6.488800000000000523e+01	6.493399999999999750e+01	6.486499999999999488e+01	6.507099999999999795e+01	6.463599999999999568e+01	6.465900000000000603e+01	6.417799999999999727e+01	6.424699999999999989e+01	6.415600000000000591e+01	6.397200000000000131e+01	6.424699999999999989e+01	6.413299999999999557e+01	6.477400000000000091e+01	6.545999999999999375e+01	6.529999999999999716e+01	6.525400000000000489e+01	6.518600000000000705e+01	6.514000000000000057e+01	6.550600000000000023e+01	6.591800000000000637e+01	6.584900000000000375e+01	6.623799999999999955e+01	6.635299999999999443e+01	6.708499999999999375e+01	6.811499999999999488e+01	6.779500000000000171e+01	6.834399999999999409e+01	6.841299999999999670e+01	6.850400000000000489e+01	6.845900000000000318e+01	7.125100000000000477e+01	7.111400000000000432e+01	7.049599999999999511e+01	7.072400000000000375e+01	7.081600000000000250e+01	7.063299999999999557e+01	7.047299999999999898e+01	7.038100000000000023e+01	7.029000000000000625e+01	7.079300000000000637e+01	7.097599999999999909e+01	7.129699999999999704e+01	7.186899999999999977e+01	7.179999999999999716e+01	7.177700000000000102e+01	7.179999999999999716e+01	7.179999999999999716e+01	7.189199999999999591e+01	7.198300000000000409e+01	7.200600000000000023e+01	7.214400000000000546e+01	7.225799999999999557e+01	7.248699999999999477e+01	7.473000000000000398e+01	7.452400000000000091e+01	7.461499999999999488e+01	7.459300000000000352e+01	7.461499999999999488e+01	7.486700000000000443e+01	7.479900000000000659e+01	7.495900000000000318e+01	7.493600000000000705e+01	7.500499999999999545e+01	7.500499999999999545e+01	7.500499999999999545e+01	7.534799999999999898e+01	7.559999999999999432e+01	7.566800000000000637e+01	7.578300000000000125e+01	7.576000000000000512e+01	7.603499999999999659e+01	7.624099999999999966e+01	7.624099999999999966e+01	7.642400000000000659e+01	7.646899999999999409e+01	7.651500000000000057e+01	7.665300000000000580e+01	7.722499999999999432e+01	7.738500000000000512e+01	7.745399999999999352e+01	7.775100000000000477e+01	7.752200000000000557e+01	7.761400000000000432e+01	7.784300000000000352e+01	7.798000000000000398e+01	7.811700000000000443e+01	7.834600000000000364e+01	7.850600000000000023e+01	7.862099999999999511e+01	7.875799999999999557e+01	7.882699999999999818e+01	7.907899999999999352e+01	7.917000000000000171e+01	7.937600000000000477e+01	7.958199999999999363e+01	7.962800000000000011e+01	7.974200000000000443e+01	7.985699999999999932e+01	8.004000000000000625e+01	8.024599999999999511e+01	8.035999999999999943e+01	8.063500000000000512e+01	8.084099999999999397e+01	8.097799999999999443e+01	8.116100000000000136e+01	8.143600000000000705e+01	8.166500000000000625e+01	8.189400000000000546e+01	8.216899999999999693e+01	8.237500000000000000e+01	8.269499999999999318e+01	8.283199999999999363e+01	8.315300000000000580e+01	8.338200000000000500e+01	8.377100000000000080e+01	8.409099999999999397e+01	8.425100000000000477e+01	8.457200000000000273e+01	8.493800000000000239e+01	8.541899999999999693e+01	8.569299999999999784e+01	8.603700000000000614e+01	8.617400000000000659e+01	8.642600000000000193e+01	8.647199999999999420e+01	8.674599999999999511e+01	8.702100000000000080e+01	8.736400000000000432e+01	8.766200000000000614e+01	8.805100000000000193e+01	8.830299999999999727e+01	8.866899999999999693e+01	8.901200000000000045e+01	8.937800000000000011e+01	8.958400000000000318e+01	8.995099999999999341e+01	9.027100000000000080e+01	9.047700000000000387e+01	9.086599999999999966e+01	9.116400000000000148e+01	9.155299999999999727e+01	9.205599999999999739e+01	9.242199999999999704e+01	9.276600000000000534e+01	9.329200000000000159e+01	9.352100000000000080e+01	9.381900000000000261e+01	9.539799999999999613e+01	9.521500000000000341e+01	9.562699999999999534e+01	9.578700000000000614e+01	9.601600000000000534e+01	9.626800000000000068e+01
0.000000000000000000e+00	2.723690000000000282e+02	2.498700000000000045e+02	2.283329999999999984e+02	2.080310000000000059e+02	1.896289999999999907e+02	1.728739999999999952e+02	1.614070000000000107e+02	1.525730000000000075e+02	1.454089999999999918e+02	1.399379999999999882e+02	1.356119999999999948e+02	1.316529999999999916e+02	1.284939999999999998e+02	1.258160000000000025e+02	1.236650000000000063e+02	1.222000000000000028e+02	1.209180000000000064e+02	1.199569999999999936e+02	1.189500000000000028e+02	1.182630000000000052e+02	1.173930000000000007e+02	1.168670000000000044e+02	1.161119999999999948e+02	1.155619999999999976e+02	1.150589999999999975e+02	1.147379999999999995e+02	1.144180000000000064e+02	1.143719999999999999e+02	1.142579999999999956e+02	1.142120000000000033e+02	1.141889999999999930e+02	1.142120000000000033e+02	1.140979999999999990e+02	1.142810000000000059e+02	1.145319999999999965e+02	1.145319999999999965e+02	1.146929999999999978e+02	1.147609999999999957e+02	1.158370000000000033e+02	1.159969999999999999e+02	1.159290000000000020e+02	1.159969999999999999e+02	1.163409999999999940e+02	1.163859999999999957e+02	1.164549999999999983e+02	1.166380000000000052e+02	1.170960000000000036e+02	1.169129999999999967e+02	1.173479999999999990e+02	1.175540000000000020e+02	1.176449999999999960e+02	1.182630000000000052e+02	1.189270000000000067e+02	1.187439999999999998e+02	1.190409999999999968e+02	1.192469999999999999e+02	1.199339999999999975e+02	1.202770000000000010e+02	1.204150000000000063e+02	1.204830000000000041e+02	1.208040000000000020e+02	1.210100000000000051e+02	1.211009999999999991e+02	1.213990000000000009e+02	1.216050000000000040e+02	1.217189999999999941e+02	1.220630000000000024e+02	1.223829999999999956e+02	1.224980000000000047e+02	1.228870000000000005e+02	1.231159999999999997e+02	1.231610000000000014e+02	1.235280000000000058e+02	1.236419999999999959e+02	1.237560000000000002e+02	1.242369999999999948e+02	1.243289999999999935e+02	1.244429999999999978e+02	1.247180000000000035e+02	1.249240000000000066e+02	1.256099999999999994e+02	1.257019999999999982e+02	1.273960000000000008e+02	1.276250000000000000e+02	1.278760000000000048e+02	1.281970000000000027e+02	1.284259999999999877e+02	1.286320000000000050e+02	1.289060000000000059e+02	1.290889999999999986e+02	1.292719999999999914e+02	1.293410000000000082e+02	1.296620000000000061e+02	1.299819999999999993e+02	1.305080000000000098e+02	1.305999999999999943e+02	1.310809999999999889e+02	1.312179999999999893e+02	1.314929999999999950e+02	1.318129999999999882e+02	1.323389999999999986e+02	1.324770000000000039e+02	1.327510000000000048e+02	1.334379999999999882e+02	1.337810000000000059e+02	1.339650000000000034e+02	1.342160000000000082e+02	1.343990000000000009e+02	1.347889999999999873e+02	1.348799999999999955e+02	1.349950000000000045e+02	1.352920000000000016e+02	1.353379999999999939e+02	1.354979999999999905e+02	1.357959999999999923e+02	1.360020000000000095e+02	1.360699999999999932e+02	1.364360000000000070e+02	1.365509999999999877e+02	1.365509999999999877e+02	1.369170000000000016e+02	1.370089999999999861e+02	1.371229999999999905e+02	1.373750000000000000e+02	1.376040000000000134e+02	1.378100000000000023e+02	1.381299999999999955e+02	1.382899999999999920e+02	1.384509999999999934e+02	1.387019999999999982e+02	1.388400000000000034e+02	1.390229999999999961e+02	1.393199999999999932e+02	1.395720000000000027e+02	1.397319999999999993e+02	1.398700000000000045e+02	1.407390000000000043e+02	1.407170000000000130e+02	1.408309999999999889e+02	1.410370000000000061e+02	1.411510000000000105e+02	1.413350000000000080e+02	1.415629999999999882e+02	1.415180000000000007e+02	1.418379999999999939e+02	1.419300000000000068e+02	1.420900000000000034e+02	1.421589999999999918e+02	1.421589999999999918e+02	1.422040000000000077e+02	1.424559999999999889e+02	1.425480000000000018e+02	1.425480000000000018e+02	1.426620000000000061e+02	1.428220000000000027e+02	1.427990000000000066e+02	1.429139999999999873e+02	1.430740000000000123e+02	1.430970000000000084e+02	1.431200000000000045e+02	1.432110000000000127e+02	1.454089999999999918e+02	1.452479999999999905e+02	1.452940000000000111e+02	1.453859999999999957e+02	1.453859999999999957e+02	1.454089999999999918e+02	1.454540000000000077e+02	1.455229999999999961e+02	1.456380000000000052e+02	1.456380000000000052e+02	1.456829999999999927e+02	1.457980000000000018e+02	1.459350000000000023e+02	1.459350000000000023e+02	1.458660000000000139e+02	1.460039999999999907e+02	1.460269999999999868e+02	1.461179999999999950e+02	1.460720000000000027e+02	1.462100000000000080e+02	1.463240000000000123e+02	1.463240000000000123e+02	1.463700000000000045e+02	1.464159999999999968e+02	1.464610000000000127e+02	1.464389999999999930e+02	1.465070000000000050e+02	1.465529999999999973e+02
1.000000000000000000e+00	2.093580000000000041e+02	1.902690000000000055e+02	1.726229999999999905e+02	1.568979999999999961e+02	1.430509999999999877e+02	1.311949999999999932e+02	1.216280000000000001e+02	1.140289999999999964e+02	1.085360000000000014e+02	1.039350000000000023e+02	1.002500000000000000e+02	9.674800000000000466e+01	9.393300000000000693e+01	9.155299999999999727e+01	8.951600000000000534e+01	8.697499999999999432e+01	8.454900000000000659e+01	8.209999999999999432e+01	7.997100000000000364e+01	7.761400000000000432e+01	7.580599999999999739e+01	7.390600000000000591e+01	7.246399999999999864e+01	7.104500000000000171e+01	6.976300000000000523e+01	6.854999999999999716e+01	6.763500000000000512e+01	6.678799999999999670e+01	6.591800000000000637e+01	6.520799999999999841e+01	6.459000000000000341e+01	6.401800000000000068e+01	6.376599999999999824e+01	6.339999999999999858e+01	6.321699999999999875e+01	6.303399999999999892e+01	6.285099999999999909e+01	6.269100000000000250e+01	6.255299999999999727e+01	6.243900000000000006e+01	6.232500000000000284e+01	6.234700000000000131e+01	6.243900000000000006e+01	6.248499999999999943e+01	6.259899999999999665e+01	6.264500000000000313e+01	6.262199999999999989e+01	6.275900000000000034e+01	6.294299999999999784e+01	6.301100000000000279e+01	6.314800000000000324e+01	6.333200000000000074e+01	6.344599999999999795e+01	6.360600000000000165e+01	6.369800000000000040e+01	6.408700000000000330e+01	6.415600000000000591e+01	6.445300000000000296e+01	6.488800000000000523e+01	6.514000000000000057e+01	6.529999999999999716e+01	6.566599999999999682e+01	6.591800000000000637e+01	6.605500000000000682e+01	6.610099999999999909e+01	6.651300000000000523e+01	6.671899999999999409e+01	6.699399999999999977e+01	6.720000000000000284e+01	6.745099999999999341e+01	6.772599999999999909e+01	6.790900000000000603e+01	6.839000000000000057e+01	6.864199999999999591e+01	6.891599999999999682e+01	6.903100000000000591e+01	6.930500000000000682e+01	6.955700000000000216e+01	6.971699999999999875e+01	6.999200000000000443e+01	7.029000000000000625e+01	7.047299999999999898e+01	7.065600000000000591e+01	7.102200000000000557e+01	7.118200000000000216e+01	7.138800000000000523e+01	7.159399999999999409e+01	7.179999999999999716e+01	7.189199999999999591e+01	7.228100000000000591e+01	7.244100000000000250e+01	7.253300000000000125e+01	7.280700000000000216e+01	7.296800000000000352e+01	7.317400000000000659e+01	7.354000000000000625e+01	7.376900000000000546e+01	7.406600000000000250e+01	7.436400000000000432e+01	7.456999999999999318e+01	7.500499999999999545e+01	7.530200000000000671e+01	7.573699999999999477e+01	7.594299999999999784e+01	7.651500000000000057e+01	7.690399999999999636e+01	7.752200000000000557e+01	7.823199999999999932e+01	7.891800000000000637e+01	7.974200000000000443e+01	8.070399999999999352e+01	8.184799999999999898e+01	8.310699999999999932e+01	8.461799999999999500e+01	8.637999999999999545e+01	8.805100000000000193e+01	9.022499999999999432e+01	9.246800000000000352e+01	9.491700000000000159e+01	9.759499999999999886e+01	1.003419999999999987e+02	1.031569999999999965e+02	1.060180000000000007e+02	1.089710000000000036e+02	1.119920000000000044e+02	1.150360000000000014e+02	1.178970000000000056e+02	1.207579999999999956e+02	1.235499999999999972e+02	1.262740000000000009e+02	1.288830000000000098e+02	1.314929999999999950e+02	1.340099999999999909e+02	1.364590000000000032e+02	1.389540000000000077e+02	1.412659999999999911e+02	1.435089999999999861e+02	1.453629999999999995e+02	1.473540000000000134e+02	1.494600000000000080e+02	1.514279999999999973e+02	1.533050000000000068e+02	1.551359999999999957e+02	1.570360000000000014e+02	1.587069999999999936e+02	1.603089999999999975e+02	1.620480000000000018e+02	1.635360000000000014e+02	1.650010000000000048e+02	1.664660000000000082e+02	1.678619999999999948e+02	1.692119999999999891e+02	1.701510000000000105e+02	1.714319999999999879e+02	1.727599999999999909e+02	1.741790000000000020e+02	1.755070000000000050e+02	1.766279999999999859e+02	1.779099999999999966e+02	1.791229999999999905e+02	1.802669999999999959e+02	1.813429999999999893e+02	1.824869999999999948e+02	1.836550000000000011e+02	1.847529999999999859e+02	1.858750000000000000e+02	1.869509999999999934e+02	1.879579999999999984e+02	1.889879999999999995e+02	1.901090000000000089e+02	1.910929999999999893e+02	1.920780000000000030e+02	1.930159999999999911e+02	1.939089999999999918e+02	1.950300000000000011e+02	1.958309999999999889e+02	1.967239999999999895e+02	1.975480000000000018e+02	1.982800000000000011e+02	1.988530000000000086e+02	1.991730000000000018e+02	1.992419999999999902e+02	1.993789999999999907e+02	1.995159999999999911e+02	1.998369999999999891e+02	2.000200000000000102e+02	2.000430000000000064e+02	2.001570000000000107e+02	2.002719999999999914e+02
0.000000000000000000e+00	2.634200000000000159e+02	2.429579999999999984e+02	2.220149999999999864e+02	2.028580000000000041e+02	1.857150000000000034e+02	1.712719999999999914e+02	1.605380000000000109e+02	1.527789999999999964e+02	1.461870000000000118e+02	1.410829999999999984e+02	1.368259999999999934e+02	1.342390000000000043e+02	1.309430000000000121e+02	1.282649999999999864e+02	1.268689999999999998e+02	1.252669999999999959e+02	1.242369999999999948e+02	1.230699999999999932e+02	1.222690000000000055e+02	1.215589999999999975e+02	1.207120000000000033e+02	1.199569999999999936e+02	1.190870000000000033e+02	1.183319999999999936e+02	1.174159999999999968e+02	1.163859999999999957e+02	1.151500000000000057e+02	1.138689999999999998e+02	1.127009999999999934e+02	1.118550000000000040e+02	1.109620000000000033e+02	1.103670000000000044e+02	1.099090000000000060e+02	1.096340000000000003e+02	1.094969999999999999e+02	1.094509999999999934e+02	1.099320000000000022e+02	1.101149999999999949e+02	1.102289999999999992e+02	1.106410000000000053e+02	1.111219999999999999e+02	1.116260000000000048e+02	1.121749999999999972e+02	1.129300000000000068e+02	1.136629999999999967e+02	1.143949999999999960e+02	1.153790000000000049e+02	1.163409999999999940e+02	1.174389999999999930e+02	1.189270000000000067e+02	1.196140000000000043e+02	1.202549999999999955e+02	1.205060000000000002e+02	1.207810000000000059e+02	1.209869999999999948e+02	1.211009999999999991e+02	1.213529999999999944e+02	1.215589999999999975e+02	1.217650000000000006e+02	1.220400000000000063e+02	1.222690000000000055e+02	1.224980000000000047e+02	1.227039999999999935e+02	1.229549999999999983e+02	1.231839999999999975e+02	1.234360000000000070e+02	1.236650000000000063e+02	1.237339999999999947e+02	1.239170000000000016e+02	1.242139999999999986e+02	1.244659999999999940e+02	1.246490000000000009e+02	1.249009999999999962e+02	1.251069999999999993e+02	1.252900000000000063e+02	1.255420000000000016e+02	1.257930000000000064e+02	1.259770000000000039e+02	1.261599999999999966e+02	1.264339999999999975e+02	1.267319999999999993e+02	1.268919999999999959e+02	1.271209999999999951e+02	1.273499999999999943e+02	1.275100000000000051e+02	1.277849999999999966e+02	1.279909999999999997e+02	1.281510000000000105e+02	1.284029999999999916e+02	1.284939999999999998e+02	1.287690000000000055e+02	1.289979999999999905e+02	1.292270000000000039e+02	1.293640000000000043e+02	1.295699999999999932e+02	1.298899999999999864e+02	1.300509999999999877e+02	1.301649999999999920e+02	1.305310000000000059e+02	1.306690000000000111e+02	1.308520000000000039e+02	1.310809999999999889e+02	1.313319999999999936e+02	1.314470000000000027e+02	1.315840000000000032e+02	1.317669999999999959e+02	1.318590000000000089e+02	1.320420000000000016e+02	1.322019999999999982e+02	1.329350000000000023e+02	1.330490000000000066e+02	1.330949999999999989e+02	1.333240000000000123e+02	1.335070000000000050e+02	1.336440000000000055e+02	1.337359999999999900e+02	1.338499999999999943e+02	1.338959999999999866e+02	1.339420000000000073e+02	1.341250000000000000e+02	1.342160000000000082e+02	1.343540000000000134e+02	1.345600000000000023e+02	1.344679999999999893e+02	1.345600000000000023e+02	1.347199999999999989e+02	1.348569999999999993e+02	1.349029999999999916e+02	1.349490000000000123e+02	1.351090000000000089e+02	1.351779999999999973e+02	1.353149999999999977e+02	1.353609999999999900e+02	1.355209999999999866e+02	1.356119999999999948e+02	1.355670000000000073e+02	1.357270000000000039e+02	1.357270000000000039e+02	1.357959999999999923e+02	1.358640000000000043e+02	1.359329999999999927e+02	1.359559999999999889e+02	1.359559999999999889e+02	1.360240000000000009e+02	1.360699999999999932e+02	1.360699999999999932e+02	1.361850000000000023e+02	1.362079999999999984e+02	1.362990000000000066e+02	1.363220000000000027e+02	1.363449999999999989e+02	1.363909999999999911e+02	1.364819999999999993e+02	1.365740000000000123e+02	1.365740000000000123e+02	1.366649999999999920e+02	1.367110000000000127e+02	1.367800000000000011e+02	1.367570000000000050e+02	1.368710000000000093e+02	1.369399999999999977e+02	1.369399999999999977e+02	1.369629999999999939e+02	1.369859999999999900e+02	1.370320000000000107e+02	1.371459999999999866e+02	1.372829999999999870e+02	1.372379999999999995e+02	1.373060000000000116e+02	1.373520000000000039e+02	1.373750000000000000e+02	1.373750000000000000e+02	1.376040000000000134e+02	1.377179999999999893e+02	1.378329999999999984e+02	1.378329999999999984e+02	1.378779999999999859e+02	1.379470000000000027e+02	1.380159999999999911e+02	1.381069999999999993e+02	1.382220000000000084e+02	1.381990000000000123e+02	1.382220000000000084e+02	1.385649999999999977e+02	1.386570000000000107e+02	1.387709999999999866e+02	1.388849999999999909e+02	1.389310000000000116e+02	1.389540000000000077e+02
1.000000000000000000e+00	1.853029999999999973e+02	1.719590000000000032e+02	1.601939999999999884e+02	1.495509999999999877e+02	1.411289999999999907e+02	1.310349999999999966e+02	1.233220000000000027e+02	1.161580000000000013e+02	1.098629999999999995e+02	1.037289999999999992e+02	9.841899999999999693e+01	9.370399999999999352e+01	8.942400000000000659e+01	8.571599999999999397e+01	8.258100000000000307e+01	7.987999999999999545e+01	7.710999999999999943e+01	7.523300000000000409e+01	7.342499999999999716e+01	7.184600000000000364e+01	7.042700000000000671e+01	6.912199999999999989e+01	6.770300000000000296e+01	6.674200000000000443e+01	6.582599999999999341e+01	6.555200000000000671e+01	6.484199999999999875e+01	6.381199999999999761e+01	6.307999999999999829e+01	6.292000000000000171e+01	6.271399999999999864e+01	6.202700000000000102e+01	6.175200000000000244e+01	6.207300000000000040e+01	6.168399999999999750e+01	6.104299999999999926e+01	6.124900000000000233e+01	6.044800000000000040e+01	6.047099999999999653e+01	6.090500000000000114e+01	6.056199999999999761e+01	5.909700000000000131e+01	5.733500000000000085e+01	5.612199999999999989e+01	5.509199999999999875e+01	5.573299999999999699e+01	5.596200000000000330e+01	5.699199999999999733e+01	5.689999999999999858e+01	5.749499999999999744e+01	5.788400000000000034e+01	5.799900000000000233e+01	5.836500000000000199e+01	5.831900000000000261e+01	5.875399999999999778e+01	5.834199999999999875e+01	5.907399999999999807e+01	5.834199999999999875e+01	5.939500000000000313e+01	5.969200000000000017e+01	6.008100000000000307e+01	6.099699999999999989e+01	6.113400000000000034e+01	6.262199999999999989e+01	6.307999999999999829e+01	6.346900000000000119e+01	6.431600000000000250e+01	6.447599999999999909e+01	6.468200000000000216e+01	6.529999999999999716e+01	6.504800000000000182e+01	6.552899999999999636e+01	6.612399999999999523e+01	6.619299999999999784e+01	6.612399999999999523e+01	6.401800000000000068e+01	6.408700000000000330e+01	6.484199999999999875e+01	6.575799999999999557e+01	6.562000000000000455e+01	6.564300000000000068e+01	6.655899999999999750e+01	6.674200000000000443e+01	6.747400000000000375e+01	6.756600000000000250e+01	6.795499999999999829e+01	6.793200000000000216e+01	6.909900000000000375e+01	6.889300000000000068e+01	7.022100000000000364e+01	7.129699999999999704e+01	7.239499999999999602e+01	7.315099999999999625e+01	7.415800000000000125e+01	7.546200000000000330e+01	7.688100000000000023e+01	7.841500000000000625e+01	8.026900000000000546e+01	8.196299999999999386e+01	8.335899999999999466e+01	8.619700000000000273e+01	8.857699999999999818e+01	9.038500000000000512e+01	9.487199999999999989e+01	9.777800000000000580e+01	1.005250000000000057e+02	1.010060000000000002e+02	1.044849999999999994e+02	1.049419999999999931e+02	1.063840000000000003e+02	1.078949999999999960e+02	1.090160000000000053e+02	1.112139999999999986e+02	1.131359999999999957e+02	1.149899999999999949e+02	1.177600000000000051e+02	1.166610000000000014e+02	1.375809999999999889e+02	1.364139999999999873e+02	1.364819999999999993e+02	1.446299999999999955e+02	1.527789999999999964e+02	1.523899999999999864e+02	1.517940000000000111e+02	1.518170000000000073e+02	1.524809999999999945e+02	1.564410000000000025e+02	1.522059999999999889e+02	1.564410000000000025e+02	1.574480000000000075e+02	1.587750000000000057e+02	1.528240000000000123e+02	1.561430000000000007e+02	1.494600000000000080e+02	1.536250000000000000e+02	1.496200000000000045e+02	1.494600000000000080e+02	1.462100000000000080e+02	1.476289999999999907e+02	1.480869999999999891e+02	1.444699999999999989e+02	1.535339999999999918e+02	1.456380000000000052e+02	1.519319999999999879e+02	1.471250000000000000e+02	1.546550000000000011e+02	1.586839999999999975e+02	1.621399999999999864e+02	1.382899999999999920e+02	1.484759999999999991e+02	1.531450000000000102e+02	1.566930000000000121e+02	1.580889999999999986e+02	1.517940000000000111e+02	1.381069999999999993e+02	1.440579999999999927e+02	1.432800000000000011e+02	1.723019999999999925e+02	1.673129999999999882e+02	1.646119999999999948e+02	1.623000000000000114e+02	1.605829999999999984e+02	1.604000000000000057e+02	1.581800000000000068e+02	1.581339999999999861e+02	1.575389999999999873e+02	1.567379999999999995e+02	1.561200000000000045e+02	1.559830000000000041e+02	1.557309999999999945e+02	1.552280000000000086e+02	1.546779999999999973e+02	1.550670000000000073e+02	1.547470000000000141e+02	1.546100000000000136e+02	1.543350000000000080e+02	1.543810000000000002e+02	1.543580000000000041e+02	1.540370000000000061e+02	1.543580000000000041e+02	1.543120000000000118e+02	1.541519999999999868e+02	1.537860000000000014e+02	1.533050000000000068e+02	1.532359999999999900e+02	1.534879999999999995e+02	1.532820000000000107e+02	1.539000000000000057e+02	1.547239999999999895e+02
0.000000000000000000e+00	2.826689999999999827e+02	2.604220000000000255e+02	2.395020000000000095e+02	2.186970000000000027e+02	2.004550000000000125e+02	1.854859999999999900e+02	1.736529999999999916e+02	1.652760000000000105e+02	1.592560000000000002e+02	1.545869999999999891e+02	1.501690000000000111e+02	1.470339999999999918e+02	1.442640000000000100e+02	1.418149999999999977e+02	1.396870000000000118e+02	1.380620000000000118e+02	1.367570000000000050e+02	1.357270000000000039e+02	1.364819999999999993e+02	1.325229999999999961e+02	1.310349999999999966e+02	1.292500000000000000e+02	1.266170000000000044e+02	1.234129999999999967e+02	1.202319999999999993e+02	1.172330000000000041e+02	1.146470000000000056e+02	1.122210000000000036e+02	1.101149999999999949e+02	1.084210000000000065e+02	1.070250000000000057e+02	1.057429999999999950e+02	1.045300000000000011e+02	1.034770000000000039e+02	1.025619999999999976e+02	1.017840000000000060e+02	1.011430000000000007e+02	1.007540000000000049e+02	1.002960000000000065e+02	9.988400000000000034e+01	9.951800000000000068e+01	9.928900000000000148e+01	9.890000000000000568e+01	9.894599999999999795e+01	9.855700000000000216e+01	9.855700000000000216e+01	9.841899999999999693e+01	9.896899999999999409e+01	9.903700000000000614e+01	9.919700000000000273e+01	9.960899999999999466e+01	9.976999999999999602e+01	9.970099999999999341e+01	9.979200000000000159e+01	9.974699999999999989e+01	1.000439999999999969e+02	1.001129999999999995e+02	1.014180000000000064e+02	1.014399999999999977e+02	1.021959999999999980e+02	1.021269999999999953e+02	1.025160000000000053e+02	1.027219999999999942e+02	1.034320000000000022e+02	1.038209999999999980e+02	1.039350000000000023e+02	1.039809999999999945e+02	1.047129999999999939e+02	1.046910000000000025e+02	1.050340000000000060e+02	1.055829999999999984e+02	1.057210000000000036e+02	1.064759999999999991e+02	1.065220000000000056e+02	1.067500000000000000e+02	1.076659999999999968e+02	1.076430000000000007e+02	1.080780000000000030e+02	1.099320000000000022e+02	1.100919999999999987e+02	1.101610000000000014e+02	1.104809999999999945e+02	1.105729999999999933e+02	1.108930000000000007e+02	1.113050000000000068e+02	1.117860000000000014e+02	1.122210000000000036e+02	1.129759999999999991e+02	1.129989999999999952e+02	1.147609999999999957e+02	1.148070000000000022e+02	1.149899999999999949e+02	1.152650000000000006e+02	1.157000000000000028e+02	1.161119999999999948e+02	1.164549999999999983e+02	1.168209999999999980e+02	1.178050000000000068e+02	1.181949999999999932e+02	1.185840000000000032e+02	1.189270000000000067e+02	1.195679999999999978e+02	1.200259999999999962e+02	1.205060000000000002e+02	1.208949999999999960e+02	1.211009999999999991e+02	1.215130000000000052e+02	1.220630000000000024e+02	1.224290000000000020e+02	1.229320000000000022e+02	1.232990000000000066e+02	1.237789999999999964e+02	1.243059999999999974e+02	1.246949999999999932e+02	1.250840000000000032e+02	1.256560000000000059e+02	1.261830000000000069e+02	1.268460000000000036e+02	1.273499999999999943e+02	1.278529999999999944e+02	1.283799999999999955e+02	1.288830000000000098e+02	1.295010000000000048e+02	1.300740000000000123e+02	1.305540000000000020e+02	1.312640000000000100e+02	1.318590000000000089e+02	1.324079999999999870e+02	1.330260000000000105e+02	1.336210000000000093e+02	1.341709999999999923e+02	1.348340000000000032e+02	1.354979999999999905e+02	1.362299999999999898e+02	1.369399999999999977e+02	1.377410000000000139e+02	1.385190000000000055e+02	1.392750000000000057e+02	1.400300000000000011e+02	1.408770000000000095e+02	1.417009999999999934e+02	1.425020000000000095e+02	1.432110000000000127e+02	1.438750000000000000e+02	1.444699999999999989e+02	1.449050000000000011e+02	1.452030000000000030e+02	1.458660000000000139e+02	1.462549999999999955e+02	1.468509999999999991e+02	1.473309999999999889e+02	1.477429999999999950e+02	1.482470000000000141e+02	1.485670000000000073e+02	1.490020000000000095e+02	1.493909999999999911e+02	1.498950000000000102e+02	1.504670000000000130e+02	1.507189999999999941e+02	1.508329999999999984e+02	1.508559999999999945e+02	1.510620000000000118e+02	1.511759999999999877e+02	1.512909999999999968e+02	1.514739999999999895e+02	1.515430000000000064e+02	1.516109999999999900e+02	1.517489999999999952e+02	1.517030000000000030e+02	1.517940000000000111e+02	1.519780000000000086e+02	1.520920000000000130e+02	1.521380000000000052e+02	1.523209999999999980e+02	1.523669999999999902e+02	1.524579999999999984e+02	1.525960000000000036e+02	1.526639999999999873e+02	1.527100000000000080e+02	1.528470000000000084e+02	1.528930000000000007e+02	1.529159999999999968e+02	1.530759999999999934e+02	1.531680000000000064e+02	1.532139999999999986e+02	1.533969999999999914e+02	1.534879999999999995e+02	1.535569999999999879e+02	1.537860000000000014e+02
1.000000000000000000e+00	2.901990000000000123e+02	2.663960000000000150e+02	2.436220000000000141e+02	2.234120000000000061e+02	2.041630000000000109e+02	1.892620000000000005e+02	1.735610000000000070e+02	1.624830000000000041e+02	1.534879999999999995e+02	1.460039999999999907e+02	1.403729999999999905e+02	1.351550000000000011e+02	1.311949999999999932e+02	1.270289999999999964e+02	1.237339999999999947e+02	1.213529999999999944e+02	1.190409999999999968e+02	1.157229999999999990e+02	1.113509999999999991e+02	1.076430000000000007e+02	1.044849999999999994e+02	1.016460000000000008e+02	9.906000000000000227e+01	9.706900000000000261e+01	9.535200000000000387e+01	9.384199999999999875e+01	9.265099999999999625e+01	9.162099999999999511e+01	9.081999999999999318e+01	9.013400000000000034e+01	8.985899999999999466e+01	8.960699999999999932e+01	8.949299999999999500e+01	8.937800000000000011e+01	8.965300000000000580e+01	8.985899999999999466e+01	8.997299999999999898e+01	9.011100000000000421e+01	9.031699999999999307e+01	9.081999999999999318e+01	9.120900000000000318e+01	9.178199999999999648e+01	9.242199999999999704e+01	9.324599999999999511e+01	9.375000000000000000e+01	9.450499999999999545e+01	9.526099999999999568e+01	9.601600000000000534e+01	9.674800000000000466e+01	9.736599999999999966e+01	9.798399999999999466e+01	9.867100000000000648e+01	9.937999999999999545e+01	1.001359999999999957e+02	1.013029999999999973e+02	1.019669999999999987e+02	1.027219999999999942e+02	1.034090000000000060e+02	1.041640000000000015e+02	1.048280000000000030e+02	1.055600000000000023e+02	1.063389999999999986e+02	1.068880000000000052e+02	1.077579999999999956e+02	1.085819999999999936e+02	1.093599999999999994e+02	1.102289999999999992e+02	1.111219999999999999e+02	1.119000000000000057e+02	1.128850000000000051e+02	1.139599999999999937e+02	1.149669999999999987e+02	1.160660000000000025e+02	1.172330000000000041e+02	1.184689999999999941e+02	1.198430000000000035e+02	1.211239999999999952e+02	1.226119999999999948e+02	1.242369999999999948e+02	1.259309999999999974e+02	1.276700000000000017e+02	1.305999999999999943e+02	1.308750000000000000e+02	1.350399999999999920e+02	1.372829999999999870e+02	1.400989999999999895e+02	1.431659999999999968e+02	1.464840000000000089e+02	1.503750000000000000e+02	1.544720000000000084e+02	1.588439999999999941e+02	1.641539999999999964e+02	1.694869999999999948e+02	1.738820000000000050e+02	1.807019999999999982e+02	1.847760000000000105e+02	1.909099999999999966e+02	1.969989999999999952e+02	2.022170000000000130e+02	2.080080000000000098e+02	2.137069999999999936e+02	2.187880000000000109e+02	2.252429999999999950e+02	2.304379999999999882e+02	2.354509999999999934e+02	2.403950000000000102e+02	2.452009999999999934e+02	2.497100000000000080e+02	2.538760000000000048e+02	2.579730000000000132e+02	2.616120000000000232e+02	2.649769999999999754e+02	2.682719999999999914e+02	2.714769999999999754e+02	2.741549999999999727e+02	2.765579999999999927e+02	2.791669999999999732e+02	2.812500000000000000e+02	2.833330000000000268e+02	2.851639999999999873e+02	2.877500000000000000e+02	2.879100000000000250e+02	2.891009999999999991e+02	2.903589999999999804e+02	2.918240000000000123e+02	2.928310000000000173e+02	2.937470000000000141e+02	2.943650000000000091e+02	2.953260000000000218e+02	2.969279999999999973e+02	2.985989999999999895e+02	2.989649999999999750e+02	2.985760000000000218e+02	2.999499999999999886e+02	3.002699999999999818e+02	3.011399999999999864e+02	3.021929999999999836e+02	3.031080000000000041e+02	3.032679999999999723e+02	3.038410000000000082e+02	3.054889999999999759e+02	3.055110000000000241e+02	3.053050000000000068e+02	3.056259999999999764e+02	3.061070000000000277e+02	3.066329999999999814e+02	3.072049999999999841e+02	3.091510000000000105e+02	3.085099999999999909e+02	3.095860000000000127e+02	3.085099999999999909e+02	3.088759999999999764e+02	3.091279999999999859e+02	3.093109999999999786e+02	3.105699999999999932e+02	3.105009999999999764e+02	3.106610000000000014e+02	3.113709999999999809e+02	3.118740000000000236e+02	3.115079999999999814e+02	3.132710000000000150e+02	3.124689999999999941e+02	3.145070000000000050e+02	3.133620000000000232e+02	3.126299999999999955e+02	3.129270000000000209e+02	3.135450000000000159e+02	3.137049999999999841e+02	3.135910000000000082e+02	3.144610000000000127e+02	3.137740000000000009e+02	3.140720000000000027e+02	3.175280000000000200e+02	3.168639999999999759e+02	3.178249999999999886e+02	3.158340000000000032e+02	3.161320000000000050e+02	3.164750000000000227e+02	3.148729999999999905e+02	3.164519999999999982e+02	3.144150000000000205e+02	3.148500000000000227e+02	3.138430000000000177e+02	3.136829999999999927e+02	3.132930000000000064e+02	3.130419999999999732e+02	3.130649999999999977e+02	3.116229999999999905e+02	3.123090000000000259e+02
1.000000000000000000e+00	2.701949999999999932e+02	2.537379999999999995e+02	2.385860000000000127e+02	2.227479999999999905e+02	2.086939999999999884e+02	1.960140000000000100e+02	1.846390000000000100e+02	1.746370000000000005e+02	1.672210000000000036e+02	1.635130000000000052e+02	1.626889999999999930e+02	1.579279999999999973e+02	1.535109999999999957e+02	1.497570000000000050e+02	1.469420000000000073e+02	1.442640000000000100e+02	1.419070000000000107e+02	1.394809999999999945e+02	1.371459999999999866e+02	1.342849999999999966e+02	1.305310000000000059e+02	1.269839999999999947e+02	1.230240000000000009e+02	1.195450000000000017e+02	1.164549999999999983e+02	1.138919999999999959e+02	1.135480000000000018e+02	1.096340000000000003e+02	1.077800000000000011e+02	1.062240000000000038e+02	1.048509999999999991e+02	1.038889999999999958e+02	1.029509999999999934e+02	1.023100000000000023e+02	1.015780000000000030e+02	1.009599999999999937e+02	1.005709999999999980e+02	1.001129999999999995e+02	9.983799999999999386e+01	9.983799999999999386e+01	9.954099999999999682e+01	9.933499999999999375e+01	9.912900000000000489e+01	9.921999999999999886e+01	9.910599999999999454e+01	9.908299999999999841e+01	9.919700000000000273e+01	9.935800000000000409e+01	9.928900000000000148e+01	9.935800000000000409e+01	9.954099999999999682e+01	9.974699999999999989e+01	1.000210000000000008e+02	1.003419999999999987e+02	1.004789999999999992e+02	1.006389999999999958e+02	1.007770000000000010e+02	1.009140000000000015e+02	1.012339999999999947e+02	1.012570000000000050e+02	1.015090000000000003e+02	1.017150000000000034e+02	1.019210000000000065e+02	1.021039999999999992e+02	1.022420000000000044e+02	1.024699999999999989e+02	1.027450000000000045e+02	1.028589999999999947e+02	1.029969999999999999e+02	1.031800000000000068e+02	1.034770000000000039e+02	1.035690000000000026e+02	1.037980000000000018e+02	1.040499999999999972e+02	1.043469999999999942e+02	1.044849999999999994e+02	1.046449999999999960e+02	1.049650000000000034e+02	1.053089999999999975e+02	1.055600000000000023e+02	1.059039999999999964e+02	1.062009999999999934e+02	1.064759999999999991e+02	1.067960000000000065e+02	1.069110000000000014e+02	1.071400000000000006e+02	1.073460000000000036e+02	1.075289999999999964e+02	1.077120000000000033e+02	1.080090000000000003e+02	1.082609999999999957e+02	1.083979999999999961e+02	1.086039999999999992e+02	1.087650000000000006e+02	1.089249999999999972e+02	1.091080000000000041e+02	1.093599999999999994e+02	1.094969999999999999e+02	1.098629999999999995e+02	1.101380000000000052e+02	1.102750000000000057e+02	1.105960000000000036e+02	1.108469999999999942e+02	1.109389999999999930e+02	1.111680000000000064e+02	1.113280000000000030e+02	1.114650000000000034e+02	1.116029999999999944e+02	1.118089999999999975e+02	1.120610000000000070e+02	1.121059999999999945e+02	1.122439999999999998e+02	1.125639999999999930e+02	1.127930000000000064e+02	1.130679999999999978e+02	1.134110000000000014e+02	1.137309999999999945e+02	1.138460000000000036e+02	1.140060000000000002e+02	1.142349999999999994e+02	1.144869999999999948e+02	1.146929999999999978e+02	1.150130000000000052e+02	1.151730000000000018e+02	1.153110000000000070e+02	1.156310000000000002e+02	1.159519999999999982e+02	1.162950000000000017e+02	1.168209999999999980e+02	1.171419999999999959e+02	1.175310000000000059e+02	1.179890000000000043e+02	1.183089999999999975e+02	1.187900000000000063e+02	1.192930000000000064e+02	1.200939999999999941e+02	1.208040000000000020e+02	1.218110000000000070e+02	1.228870000000000005e+02	1.240999999999999943e+02	1.256099999999999994e+02	1.273269999999999982e+02	1.294559999999999889e+02	1.317669999999999959e+02	1.344449999999999932e+02	1.373520000000000039e+02	1.405329999999999870e+02	1.439209999999999923e+02	1.474689999999999941e+02	1.513139999999999930e+02	1.551819999999999879e+02	1.588209999999999980e+02	1.626659999999999968e+02	1.664199999999999875e+02	1.698300000000000125e+02	1.732860000000000014e+02	1.767199999999999989e+02	1.800840000000000032e+02	1.829449999999999932e+02	1.855999999999999943e+02	1.880720000000000027e+02	1.904749999999999943e+02	1.926500000000000057e+02	1.947560000000000002e+02	1.967930000000000064e+02	1.985780000000000030e+02	2.000660000000000025e+02	2.016220000000000141e+02	2.031560000000000059e+02	2.044139999999999873e+02	2.058110000000000070e+02	2.073209999999999980e+02	2.084660000000000082e+02	2.100219999999999914e+02	2.109379999999999882e+02	2.114410000000000025e+02	2.121730000000000018e+02	2.129519999999999982e+02	2.139590000000000032e+02	2.148060000000000116e+02	2.156299999999999955e+02	2.162700000000000102e+02	2.170029999999999859e+02	2.180099999999999909e+02	2.186740000000000066e+02	2.195889999999999986e+02	2.205279999999999916e+02	2.209629999999999939e+02	2.220610000000000070e+02
0.000000000000000000e+00	6.068799999999999955e+02	5.247340000000000373e+02	4.518129999999999882e+02	3.908389999999999986e+02	3.377610000000000241e+02	2.940219999999999914e+02	2.617029999999999745e+02	2.389979999999999905e+02	2.194290000000000020e+02	2.038420000000000130e+02	1.924900000000000091e+02	1.824650000000000034e+02	1.752549999999999955e+02	1.690749999999999886e+02	1.640399999999999920e+02	1.597139999999999986e+02	1.556399999999999864e+02	1.517719999999999914e+02	1.482470000000000141e+02	1.458439999999999941e+02	1.434399999999999977e+02	1.412429999999999950e+02	1.397549999999999955e+02	1.389079999999999870e+02	1.374660000000000082e+02	1.365049999999999955e+02	1.357270000000000039e+02	1.348110000000000070e+02	1.346740000000000066e+02	1.341709999999999923e+02	1.331409999999999911e+02	1.322709999999999866e+02	1.316529999999999916e+02	1.309430000000000121e+02	1.306690000000000111e+02	1.304859999999999900e+02	1.302340000000000089e+02	1.302110000000000127e+02	1.301419999999999959e+02	1.304399999999999977e+02	1.306690000000000111e+02	1.304629999999999939e+02	1.308290000000000077e+02	1.313319999999999936e+02	1.317210000000000036e+02	1.323849999999999909e+02	1.329350000000000023e+02	1.336440000000000055e+02	1.343770000000000095e+02	1.350399999999999920e+02	1.357270000000000039e+02	1.361390000000000100e+02	1.364139999999999873e+02	1.367800000000000011e+02	1.369399999999999977e+02	1.371690000000000111e+02	1.373060000000000116e+02	1.374660000000000082e+02	1.377640000000000100e+02	1.381759999999999877e+02	1.383820000000000050e+02	1.387709999999999866e+02	1.388629999999999995e+02	1.391599999999999966e+02	1.405790000000000077e+02	1.408540000000000134e+02	1.411289999999999907e+02	1.413569999999999993e+02	1.421589999999999918e+02	1.423870000000000005e+02	1.426160000000000139e+02	1.428909999999999911e+02	1.430279999999999916e+02	1.430049999999999955e+02	1.433029999999999973e+02	1.435320000000000107e+02	1.438060000000000116e+02	1.441040000000000134e+02	1.441500000000000057e+02	1.444019999999999868e+02	1.446080000000000041e+02	1.448590000000000089e+02	1.449279999999999973e+02	1.449970000000000141e+02	1.452030000000000030e+02	1.454770000000000039e+02	1.457290000000000134e+02	1.457750000000000057e+02	1.460039999999999907e+02	1.458439999999999941e+02	1.458890000000000100e+02	1.459350000000000023e+02	1.459809999999999945e+02	1.460720000000000027e+02	1.465070000000000050e+02	1.464159999999999968e+02	1.465989999999999895e+02	1.466220000000000141e+02	1.468959999999999866e+02	1.468050000000000068e+02	1.468280000000000030e+02	1.467359999999999900e+02	1.468509999999999991e+02	1.468280000000000030e+02	1.469190000000000111e+02	1.469650000000000034e+02	1.471250000000000000e+02	1.471479999999999961e+02	1.472170000000000130e+02	1.472630000000000052e+02	1.474000000000000057e+02	1.474000000000000057e+02	1.474459999999999980e+02	1.475140000000000100e+02	1.474910000000000139e+02	1.474459999999999980e+02	1.476059999999999945e+02	1.475140000000000100e+02	1.476289999999999907e+02	1.476289999999999907e+02	1.474000000000000057e+02	1.475829999999999984e+02	1.476750000000000114e+02	1.478350000000000080e+02	1.480409999999999968e+02	1.481320000000000050e+02	1.486359999999999957e+02	1.489110000000000014e+02	1.491850000000000023e+02	1.493230000000000075e+02	1.494830000000000041e+02	1.495740000000000123e+02	1.496430000000000007e+02	1.500550000000000068e+02	1.500089999999999861e+02	1.499629999999999939e+02	1.502150000000000034e+02	1.503069999999999879e+02	1.504670000000000130e+02	1.505809999999999889e+02	1.506040000000000134e+02	1.471250000000000000e+02	1.471709999999999923e+02	1.473309999999999889e+02	1.474000000000000057e+02	1.475600000000000023e+02	1.476289999999999907e+02	1.477659999999999911e+02	1.478810000000000002e+02	1.481320000000000050e+02	1.483839999999999861e+02	1.485900000000000034e+02	1.487050000000000125e+02	1.490250000000000057e+02	1.493230000000000075e+02	1.491850000000000023e+02	1.493000000000000114e+02	1.495509999999999877e+02	1.497119999999999891e+02	1.498029999999999973e+02	1.498259999999999934e+02	1.499180000000000064e+02	1.500089999999999861e+02	1.500780000000000030e+02	1.501690000000000111e+02	1.501690000000000111e+02	1.502609999999999957e+02	1.503520000000000039e+02	1.503069999999999879e+02	1.504670000000000130e+02	1.504900000000000091e+02	1.505360000000000014e+02	1.506500000000000057e+02	1.507189999999999941e+02	1.507640000000000100e+02	1.508100000000000023e+02	1.509929999999999950e+02	1.510620000000000118e+02	1.510159999999999911e+02	1.511080000000000041e+02	1.511990000000000123e+02	1.512909999999999968e+02	1.511990000000000123e+02	1.510389999999999873e+02	1.512220000000000084e+02	1.512909999999999968e+02	1.513369999999999891e+02	1.513600000000000136e+02	1.512909999999999968e+02
0.000000000000000000e+00	2.369159999999999968e+02	2.155840000000000032e+02	1.971819999999999879e+02	1.776119999999999948e+02	1.632839999999999918e+02	1.529159999999999968e+02	1.452479999999999905e+02	1.377410000000000139e+02	1.326599999999999966e+02	1.288149999999999977e+02	1.253589999999999947e+02	1.227039999999999935e+02	1.205750000000000028e+02	1.188810000000000002e+02	1.172789999999999964e+02	1.160430000000000064e+02	1.151500000000000057e+02	1.142349999999999994e+02	1.137079999999999984e+02	1.130909999999999940e+02	1.125870000000000033e+02	1.121979999999999933e+02	1.118550000000000040e+02	1.116029999999999944e+02	1.114879999999999995e+02	1.113509999999999991e+02	1.110759999999999934e+02	1.109620000000000033e+02	1.108930000000000007e+02	1.106869999999999976e+02	1.107330000000000041e+02	1.107330000000000041e+02	1.107099999999999937e+02	1.106869999999999976e+02	1.106189999999999998e+02	1.106640000000000015e+02	1.107560000000000002e+02	1.108700000000000045e+02	1.109849999999999994e+02	1.111449999999999960e+02	1.112590000000000003e+02	1.112819999999999965e+02	1.114879999999999995e+02	1.116710000000000065e+02	1.116940000000000026e+02	1.120150000000000006e+02	1.121979999999999933e+02	1.122890000000000015e+02	1.124950000000000045e+02	1.127699999999999960e+02	1.129300000000000068e+02	1.131590000000000060e+02	1.133880000000000052e+02	1.135709999999999980e+02	1.137999999999999972e+02	1.140979999999999990e+02	1.141430000000000007e+02	1.145100000000000051e+02	1.146700000000000017e+02	1.148529999999999944e+02	1.151500000000000057e+02	1.153790000000000049e+02	1.156080000000000041e+02	1.159060000000000059e+02	1.161580000000000013e+02	1.162720000000000056e+02	1.165240000000000009e+02	1.168670000000000044e+02	1.169819999999999993e+02	1.173250000000000028e+02	1.175310000000000059e+02	1.177830000000000013e+02	1.181029999999999944e+02	1.184459999999999980e+02	1.186069999999999993e+02	1.188580000000000041e+02	1.191099999999999994e+02	1.192019999999999982e+02	1.195679999999999978e+02	1.197049999999999983e+02	1.198649999999999949e+02	1.201400000000000006e+02	1.204150000000000063e+02	1.204830000000000041e+02	1.207810000000000059e+02	1.208949999999999960e+02	1.210559999999999974e+02	1.213990000000000009e+02	1.215589999999999975e+02	1.216740000000000066e+02	1.219249999999999972e+02	1.222459999999999951e+02	1.223370000000000033e+02	1.226350000000000051e+02	1.227489999999999952e+02	1.228179999999999978e+02	1.230010000000000048e+02	1.232069999999999936e+02	1.232530000000000001e+02	1.235280000000000058e+02	1.236880000000000024e+02	1.237339999999999947e+02	1.240310000000000059e+02	1.241460000000000008e+02	1.242830000000000013e+02	1.245120000000000005e+02	1.245570000000000022e+02	1.245570000000000022e+02	1.248550000000000040e+02	1.249240000000000066e+02	1.250150000000000006e+02	1.251979999999999933e+02	1.253359999999999985e+02	1.252669999999999959e+02	1.254959999999999951e+02	1.255190000000000055e+02	1.255420000000000016e+02	1.257480000000000047e+02	1.257930000000000064e+02	1.258389999999999986e+02	1.259989999999999952e+02	1.261140000000000043e+02	1.261140000000000043e+02	1.263430000000000035e+02	1.263430000000000035e+02	1.264569999999999936e+02	1.265720000000000027e+02	1.266170000000000044e+02	1.266170000000000044e+02	1.268010000000000019e+02	1.269380000000000024e+02	1.268919999999999959e+02	1.270070000000000050e+02	1.270750000000000028e+02	1.270070000000000050e+02	1.270520000000000067e+02	1.271899999999999977e+02	1.271899999999999977e+02	1.273960000000000008e+02	1.274869999999999948e+02	1.274869999999999948e+02	1.275789999999999935e+02	1.276929999999999978e+02	1.276929999999999978e+02	1.278310000000000031e+02	1.278990000000000009e+02	1.278080000000000069e+02	1.279219999999999970e+02	1.280140000000000100e+02	1.279909999999999997e+02	1.280819999999999936e+02	1.281279999999999859e+02	1.281510000000000105e+02	1.283340000000000032e+02	1.283569999999999993e+02	1.283799999999999955e+02	1.284259999999999877e+02	1.284939999999999998e+02	1.285629999999999882e+02	1.285169999999999959e+02	1.286539999999999964e+02	1.286539999999999964e+02	1.286539999999999964e+02	1.287920000000000016e+02	1.289519999999999982e+02	1.289060000000000059e+02	1.289979999999999905e+02	1.289749999999999943e+02	1.291579999999999870e+02	1.291810000000000116e+02	1.291810000000000116e+02	1.293410000000000082e+02	1.292949999999999875e+02	1.293410000000000082e+02	1.294329999999999927e+02	1.295240000000000009e+02	1.296390000000000100e+02	1.296390000000000100e+02	1.297299999999999898e+02	1.297069999999999936e+02	1.298449999999999989e+02	1.299130000000000109e+02	1.298449999999999989e+02	1.299819999999999993e+02	1.299590000000000032e+02	1.299590000000000032e+02	1.301419999999999959e+02	1.302110000000000127e+02	1.301649999999999920e+02
1.000000000000000000e+00	3.686139999999999759e+02	3.312149999999999750e+02	2.976840000000000259e+02	2.683410000000000082e+02	2.433700000000000045e+02	2.220610000000000070e+02	2.030639999999999930e+02	1.873859999999999957e+02	1.765370000000000061e+02	1.666030000000000086e+02	1.587980000000000018e+02	1.532139999999999986e+02	1.490020000000000095e+02	1.445389999999999873e+02	1.407390000000000043e+02	1.374890000000000043e+02	1.352460000000000093e+02	1.337129999999999939e+02	1.309199999999999875e+02	1.287230000000000132e+02	1.271899999999999977e+02	1.258389999999999986e+02	1.246490000000000009e+02	1.243739999999999952e+02	1.237339999999999947e+02	1.236189999999999998e+02	1.229320000000000022e+02	1.215130000000000052e+02	1.193850000000000051e+02	1.178509999999999991e+02	1.164320000000000022e+02	1.175310000000000059e+02	1.171880000000000024e+02	1.150589999999999975e+02	1.133649999999999949e+02	1.125180000000000007e+02	1.120150000000000006e+02	1.116490000000000009e+02	1.116260000000000048e+02	1.115570000000000022e+02	1.118319999999999936e+02	1.122439999999999998e+02	1.126099999999999994e+02	1.128850000000000051e+02	1.136629999999999967e+02	1.143259999999999934e+02	1.151959999999999980e+02	1.159969999999999999e+02	1.169590000000000032e+02	1.178509999999999991e+02	1.189959999999999951e+02	1.200490000000000066e+02	1.227489999999999952e+02	1.239399999999999977e+02	1.252210000000000036e+02	1.263199999999999932e+02	1.276470000000000056e+02	1.292270000000000039e+02	1.305080000000000098e+02	1.319269999999999925e+02	1.332549999999999955e+02	1.345829999999999984e+02	1.361850000000000023e+02	1.375579999999999927e+02	1.384050000000000011e+02	1.390689999999999884e+02	1.396870000000000118e+02	1.403050000000000068e+02	1.411059999999999945e+02	1.417239999999999895e+02	1.419530000000000030e+02	1.425250000000000057e+02	1.429819999999999993e+02	1.434859999999999900e+02	1.439209999999999923e+02	1.444929999999999950e+02	1.447680000000000007e+02	1.450879999999999939e+02	1.454540000000000077e+02	1.459809999999999945e+02	1.468959999999999866e+02	1.476519999999999868e+02	1.482930000000000064e+02	1.490709999999999980e+02	1.501459999999999866e+02	1.511759999999999877e+02	1.525730000000000075e+02	1.537630000000000052e+02	1.549070000000000107e+02	1.564180000000000064e+02	1.578369999999999891e+02	1.592560000000000002e+02	1.612239999999999895e+02	1.628720000000000141e+02	1.647719999999999914e+02	1.670380000000000109e+02	1.696009999999999991e+02	1.719130000000000109e+02	1.746829999999999927e+02	1.774290000000000020e+02	1.801529999999999916e+02	1.830600000000000023e+02	1.859890000000000043e+02	1.887359999999999900e+02	1.913909999999999911e+02	1.942980000000000018e+02	1.971589999999999918e+02	2.009809999999999945e+02	2.044600000000000080e+02	2.076639999999999873e+02	2.110060000000000002e+02	2.142330000000000041e+02	2.174379999999999882e+02	2.207789999999999964e+02	2.241670000000000016e+02	2.268909999999999911e+02	2.303470000000000084e+02	2.334819999999999993e+02	2.360920000000000130e+02	2.392959999999999923e+02	2.416990000000000123e+02	2.439650000000000034e+02	2.462079999999999984e+02	2.485889999999999986e+02	2.505800000000000125e+02	2.541049999999999898e+02	2.556380000000000052e+02	2.576290000000000191e+02	2.595289999999999964e+02	2.611770000000000209e+02	2.625500000000000114e+02	2.641070000000000277e+02	2.665559999999999832e+02	2.677230000000000132e+02	2.689130000000000109e+02	2.698969999999999914e+02	2.703779999999999859e+02	2.713620000000000232e+02	2.717060000000000173e+02	2.719800000000000182e+02	2.723919999999999959e+02	2.736050000000000182e+02	2.728960000000000150e+02	2.735600000000000023e+02	2.741779999999999973e+02	2.742919999999999732e+02	2.744979999999999905e+02	2.748870000000000005e+02	2.750470000000000255e+02	2.752529999999999859e+02	2.753220000000000027e+02	2.755509999999999877e+02	2.757110000000000127e+02	2.759630000000000223e+02	2.760539999999999736e+02	2.774510000000000218e+02	2.784580000000000268e+02	2.783890000000000100e+02	2.789150000000000205e+02	2.785720000000000027e+02	2.784580000000000268e+02	2.784809999999999945e+02	2.785029999999999859e+02	2.785950000000000273e+02	2.789379999999999882e+02	2.786870000000000118e+02	2.787090000000000032e+02	2.787090000000000032e+02	2.786639999999999873e+02	2.799449999999999932e+02	2.790760000000000218e+02	2.787320000000000277e+02	2.783659999999999854e+02	2.779769999999999754e+02	2.782060000000000173e+02	2.775419999999999732e+02	2.777250000000000227e+02	2.773820000000000050e+02	2.771990000000000123e+02	2.770840000000000032e+02	2.766039999999999850e+02	2.768330000000000268e+02	2.775649999999999977e+02	2.771530000000000200e+02	2.768550000000000182e+02	2.768100000000000023e+02	2.766720000000000255e+02	2.769700000000000273e+02	2.766490000000000009e+02
1.000000000000000000e+00	1.698760000000000048e+02	1.546100000000000136e+02	1.407390000000000043e+02	1.277849999999999966e+02	1.159519999999999982e+02	1.057660000000000053e+02	9.647400000000000375e+01	8.912699999999999534e+01	8.397700000000000387e+01	7.923900000000000432e+01	7.646899999999999409e+01	7.459300000000000352e+01	7.246399999999999864e+01	7.067900000000000205e+01	6.912199999999999989e+01	6.779500000000000171e+01	6.619299999999999784e+01	6.445300000000000296e+01	6.248499999999999943e+01	6.058500000000000085e+01	5.893699999999999761e+01	5.742600000000000193e+01	5.603000000000000114e+01	5.493200000000000216e+01	5.406199999999999761e+01	5.321500000000000341e+01	5.255100000000000193e+01	5.204800000000000182e+01	5.147599999999999909e+01	5.108599999999999852e+01	5.081199999999999761e+01	5.058299999999999841e+01	5.042300000000000182e+01	5.033100000000000307e+01	5.037700000000000244e+01	5.014800000000000324e+01	5.012500000000000000e+01	5.014800000000000324e+01	5.019400000000000261e+01	5.010199999999999676e+01	5.007900000000000063e+01	5.017099999999999937e+01	5.026200000000000045e+01	5.046800000000000352e+01	5.046800000000000352e+01	5.062899999999999778e+01	5.076599999999999824e+01	5.101800000000000068e+01	5.113199999999999790e+01	5.120100000000000051e+01	5.138400000000000034e+01	5.161299999999999955e+01	5.181900000000000261e+01	5.190999999999999659e+01	5.225399999999999778e+01	5.250500000000000256e+01	5.259700000000000131e+01	5.300900000000000034e+01	5.303199999999999648e+01	5.355799999999999983e+01	5.392499999999999716e+01	5.396999999999999886e+01	5.415299999999999869e+01	5.445100000000000051e+01	5.490899999999999892e+01	5.509199999999999875e+01	5.516100000000000136e+01	5.552700000000000102e+01	5.564099999999999824e+01	5.580100000000000193e+01	5.593900000000000006e+01	5.600699999999999790e+01	5.616799999999999926e+01	5.628199999999999648e+01	5.671699999999999875e+01	5.701400000000000290e+01	5.712899999999999778e+01	5.763199999999999790e+01	5.799900000000000233e+01	5.811299999999999955e+01	5.850200000000000244e+01	5.870799999999999841e+01	5.896000000000000085e+01	5.928000000000000114e+01	5.964699999999999847e+01	5.989800000000000324e+01	6.021900000000000119e+01	6.047099999999999653e+01	6.074499999999999744e+01	6.120300000000000296e+01	6.147800000000000153e+01	6.182099999999999795e+01	6.216400000000000148e+01	6.255299999999999727e+01	6.287400000000000233e+01	6.328600000000000136e+01	6.374399999999999977e+01	6.420099999999999341e+01	6.461299999999999955e+01	6.507099999999999795e+01	6.557500000000000284e+01	6.614700000000000557e+01	6.671899999999999409e+01	6.731399999999999295e+01	6.804699999999999704e+01	6.873300000000000409e+01	6.957999999999999829e+01	7.070199999999999818e+01	7.177700000000000102e+01	7.315099999999999625e+01	7.479900000000000659e+01	7.674399999999999977e+01	7.894100000000000250e+01	8.143600000000000705e+01	8.425100000000000477e+01	8.713500000000000512e+01	9.040800000000000125e+01	9.375000000000000000e+01	9.695399999999999352e+01	1.002270000000000039e+02	1.035000000000000000e+02	1.062240000000000038e+02	1.086730000000000018e+02	1.113970000000000056e+02	1.138460000000000036e+02	1.162259999999999991e+02	1.184230000000000018e+02	1.203919999999999959e+02	1.223370000000000033e+02	1.240769999999999982e+02	1.254270000000000067e+02	1.268010000000000019e+02	1.282419999999999902e+02	1.293870000000000005e+02	1.304399999999999977e+02	1.310349999999999966e+02	1.320649999999999977e+02	1.326599999999999966e+02	1.332779999999999916e+02	1.336440000000000055e+02	1.340560000000000116e+02	1.346049999999999898e+02	1.349950000000000045e+02	1.353149999999999977e+02	1.358870000000000005e+02	1.359559999999999889e+02	1.363909999999999911e+02	1.365049999999999955e+02	1.368029999999999973e+02	1.367800000000000011e+02	1.369399999999999977e+02	1.375120000000000005e+02	1.378779999999999859e+02	1.381529999999999916e+02	1.383129999999999882e+02	1.385420000000000016e+02	1.385879999999999939e+02	1.388170000000000073e+02	1.388170000000000073e+02	1.390459999999999923e+02	1.391370000000000005e+02	1.391599999999999966e+02	1.392059999999999889e+02	1.395720000000000027e+02	1.398470000000000084e+02	1.398009999999999877e+02	1.400989999999999895e+02	1.402589999999999861e+02	1.401670000000000016e+02	1.400989999999999895e+02	1.402820000000000107e+02	1.401210000000000093e+02	1.401670000000000016e+02	1.400759999999999934e+02	1.401670000000000016e+02	1.400759999999999934e+02	1.401670000000000016e+02	1.406020000000000039e+02	1.404420000000000073e+02	1.405790000000000077e+02	4.591400000000000148e+01	4.593699999999999761e+01	4.593699999999999761e+01	4.586800000000000210e+01	4.586800000000000210e+01	4.584499999999999886e+01	4.593699999999999761e+01	4.664600000000000080e+01	4.751599999999999824e+01
0.000000000000000000e+00	2.047580000000000098e+02	1.879120000000000061e+02	1.721189999999999998e+02	1.583400000000000034e+02	1.459350000000000023e+02	1.349490000000000123e+02	1.257249999999999943e+02	1.181490000000000009e+02	1.123810000000000002e+02	1.077120000000000033e+02	1.041640000000000015e+02	1.010739999999999981e+02	9.805299999999999727e+01	9.464300000000000068e+01	9.102599999999999625e+01	8.789100000000000534e+01	8.523600000000000421e+01	8.267199999999999704e+01	8.086400000000000432e+01	7.896399999999999864e+01	7.752200000000000557e+01	7.633199999999999363e+01	7.504999999999999716e+01	7.418099999999999739e+01	7.340200000000000102e+01	7.271599999999999397e+01	7.202899999999999636e+01	7.161700000000000443e+01	7.111400000000000432e+01	7.081600000000000250e+01	7.063299999999999557e+01	7.029000000000000625e+01	7.008400000000000318e+01	6.992300000000000182e+01	6.985500000000000398e+01	6.976300000000000523e+01	6.976300000000000523e+01	6.964900000000000091e+01	6.953400000000000603e+01	6.978600000000000136e+01	7.006100000000000705e+01	7.024399999999999977e+01	7.063299999999999557e+01	7.106799999999999784e+01	7.127400000000000091e+01	7.145699999999999363e+01	7.177700000000000102e+01	7.173199999999999932e+01	7.202899999999999636e+01	7.207500000000000284e+01	7.255599999999999739e+01	7.289900000000000091e+01	7.331100000000000705e+01	7.372299999999999898e+01	7.397499999999999432e+01	7.436400000000000432e+01	7.450100000000000477e+01	7.473000000000000398e+01	7.482099999999999795e+01	7.525600000000000023e+01	7.566800000000000637e+01	7.598900000000000432e+01	7.617199999999999704e+01	7.649200000000000443e+01	7.679000000000000625e+01	7.697299999999999898e+01	7.713299999999999557e+01	7.763700000000000045e+01	7.798000000000000398e+01	7.823199999999999932e+01	7.850600000000000023e+01	7.873499999999999943e+01	7.930800000000000693e+01	7.987999999999999545e+01	8.029200000000000159e+01	8.061199999999999477e+01	8.095600000000000307e+01	8.125300000000000011e+01	8.150499999999999545e+01	8.189400000000000546e+01	8.219100000000000250e+01	8.253499999999999659e+01	8.278700000000000614e+01	8.312999999999999545e+01	8.363299999999999557e+01	8.406799999999999784e+01	8.431999999999999318e+01	8.468600000000000705e+01	8.512099999999999511e+01	8.537300000000000466e+01	8.571599999999999397e+01	8.601399999999999579e+01	8.637999999999999545e+01	8.672299999999999898e+01	8.709000000000000341e+01	8.743300000000000693e+01	8.782200000000000273e+01	8.812000000000000455e+01	8.848600000000000421e+01	8.876000000000000512e+01	8.931000000000000227e+01	8.967600000000000193e+01	8.997299999999999898e+01	9.034000000000000341e+01	9.068300000000000693e+01	9.107200000000000273e+01	9.146099999999999852e+01	9.171299999999999386e+01	9.210200000000000387e+01	9.242199999999999704e+01	9.271999999999999886e+01	9.308599999999999852e+01	9.340699999999999648e+01	9.386400000000000432e+01	9.420799999999999841e+01	9.452800000000000580e+01	9.480299999999999727e+01	9.514600000000000080e+01	9.548999999999999488e+01	9.578700000000000614e+01	9.606199999999999761e+01	9.640500000000000114e+01	9.656499999999999773e+01	9.695399999999999352e+01	9.725199999999999534e+01	9.764100000000000534e+01	9.791599999999999682e+01	9.814499999999999602e+01	9.848799999999999955e+01	9.873999999999999488e+01	9.910599999999999454e+01	9.940300000000000580e+01	9.972400000000000375e+01	1.000210000000000008e+02	1.003649999999999949e+02	1.006389999999999958e+02	1.009140000000000015e+02	1.013490000000000038e+02	1.016919999999999931e+02	1.019440000000000026e+02	1.022639999999999958e+02	1.025390000000000015e+02	1.029740000000000038e+02	1.032939999999999969e+02	1.035690000000000026e+02	1.039120000000000061e+02	1.042330000000000041e+02	1.044849999999999994e+02	1.048739999999999952e+02	1.051710000000000065e+02	1.053769999999999953e+02	1.056749999999999972e+02	1.059950000000000045e+02	1.062930000000000064e+02	1.066129999999999995e+02	1.068880000000000052e+02	1.071850000000000023e+02	1.074830000000000041e+02	1.076889999999999930e+02	1.079410000000000025e+02	1.082379999999999995e+02	1.084440000000000026e+02	1.086500000000000057e+02	1.089710000000000036e+02	1.092000000000000028e+02	1.094279999999999973e+02	1.097030000000000030e+02	1.098400000000000034e+02	1.100460000000000065e+02	1.102980000000000018e+02	1.104579999999999984e+02	1.104809999999999945e+02	1.106189999999999998e+02	1.107330000000000041e+02	1.107789999999999964e+02	1.109159999999999968e+02	1.110079999999999956e+02	1.110310000000000059e+02	1.110759999999999934e+02	1.111449999999999960e+02	1.112139999999999986e+02	1.113050000000000068e+02	1.113280000000000030e+02	1.114200000000000017e+02	1.114659999999999940e+02	1.115799999999999983e+02	1.116029999999999944e+02	1.116490000000000009e+02	1.117169999999999987e+02
0.000000000000000000e+00	3.650210000000000150e+02	3.149639999999999986e+02	2.707210000000000036e+02	2.388379999999999939e+02	2.135010000000000048e+02	1.929929999999999950e+02	1.754610000000000127e+02	1.617050000000000125e+02	1.495740000000000123e+02	1.403269999999999982e+02	1.330720000000000027e+02	1.271440000000000055e+02	1.222000000000000028e+02	1.178509999999999991e+02	1.140289999999999964e+02	1.102289999999999992e+02	1.072079999999999984e+02	1.030879999999999939e+02	1.003419999999999987e+02	9.798399999999999466e+01	9.574099999999999966e+01	9.375000000000000000e+01	9.180500000000000682e+01	9.040800000000000125e+01	8.935500000000000398e+01	8.793600000000000705e+01	8.670000000000000284e+01	8.576200000000000045e+01	8.477800000000000580e+01	8.406799999999999784e+01	8.372499999999999432e+01	8.292400000000000659e+01	8.260299999999999443e+01	8.223699999999999477e+01	8.166500000000000625e+01	8.139000000000000057e+01	8.150499999999999545e+01	8.127599999999999625e+01	8.104699999999999704e+01	8.116100000000000136e+01	8.118399999999999750e+01	8.134499999999999886e+01	8.209999999999999432e+01	8.212300000000000466e+01	8.177899999999999636e+01	8.164199999999999591e+01	8.145900000000000318e+01	8.109300000000000352e+01	8.093300000000000693e+01	8.024599999999999511e+01	7.994799999999999329e+01	7.949099999999999966e+01	7.928499999999999659e+01	7.923900000000000432e+01	7.955899999999999750e+01	7.914700000000000557e+01	7.919299999999999784e+01	7.944499999999999318e+01	7.910200000000000387e+01	7.914700000000000557e+01	7.928499999999999659e+01	7.923900000000000432e+01	7.976500000000000057e+01	7.965099999999999625e+01	8.004000000000000625e+01	8.042900000000000205e+01	8.015399999999999636e+01	8.017700000000000671e+01	8.029200000000000159e+01	7.976500000000000057e+01	8.008599999999999852e+01	7.990300000000000580e+01	7.999399999999999977e+01	7.999399999999999977e+01	7.992600000000000193e+01	7.992600000000000193e+01	8.010899999999999466e+01	7.997100000000000364e+01	8.022299999999999898e+01	8.013200000000000500e+01	7.994799999999999329e+01	7.981100000000000705e+01	7.985699999999999932e+01	7.994799999999999329e+01	8.020000000000000284e+01	8.040600000000000591e+01	8.029200000000000159e+01	8.042900000000000205e+01	8.052100000000000080e+01	8.031499999999999773e+01	8.020000000000000284e+01	8.045199999999999818e+01	8.056600000000000250e+01	8.035999999999999943e+01	8.008599999999999852e+01	8.015399999999999636e+01	8.148199999999999932e+01	8.129900000000000659e+01	8.125300000000000011e+01	8.116100000000000136e+01	8.100100000000000477e+01	8.123000000000000398e+01	8.118399999999999750e+01	8.148199999999999932e+01	8.129900000000000659e+01	8.136700000000000443e+01	8.118399999999999750e+01	8.109300000000000352e+01	8.111599999999999966e+01	8.102400000000000091e+01	8.106999999999999318e+01	8.104699999999999704e+01	8.102400000000000091e+01	8.090999999999999659e+01	8.090999999999999659e+01	8.084099999999999397e+01	8.086400000000000432e+01	8.100100000000000477e+01	8.095600000000000307e+01	8.159600000000000364e+01	8.171099999999999852e+01	8.177899999999999636e+01	8.180200000000000671e+01	8.180200000000000671e+01	8.175700000000000500e+01	8.182500000000000284e+01	8.191700000000000159e+01	8.200799999999999557e+01	8.216899999999999693e+01	8.214600000000000080e+01	8.214600000000000080e+01	8.221399999999999864e+01	8.226000000000000512e+01	8.221399999999999864e+01	8.230599999999999739e+01	8.235200000000000387e+01	8.242000000000000171e+01	8.251200000000000045e+01	8.248900000000000432e+01	8.253499999999999659e+01	8.248900000000000432e+01	8.255800000000000693e+01	8.274099999999999966e+01	8.271800000000000352e+01	8.349599999999999511e+01	8.347299999999999898e+01	8.383899999999999864e+01	8.386199999999999477e+01	8.390800000000000125e+01	8.402299999999999613e+01	8.431999999999999318e+01	8.404500000000000171e+01	8.420600000000000307e+01	8.425100000000000477e+01	8.438899999999999579e+01	8.452599999999999625e+01	8.459499999999999886e+01	8.473199999999999932e+01	8.493800000000000239e+01	8.521299999999999386e+01	8.509799999999999898e+01	8.521299999999999386e+01	8.532699999999999818e+01	8.548699999999999477e+01	8.560200000000000387e+01	8.576200000000000045e+01	8.594499999999999318e+01	8.612800000000000011e+01	8.631100000000000705e+01	8.658599999999999852e+01	8.672299999999999898e+01	8.690600000000000591e+01	8.695199999999999818e+01	8.715800000000000125e+01	8.731799999999999784e+01	8.745600000000000307e+01	8.734099999999999397e+01	8.745600000000000307e+01	8.763899999999999579e+01	8.768500000000000227e+01	8.782200000000000273e+01	8.798199999999999932e+01	8.818800000000000239e+01	8.837099999999999511e+01	8.855400000000000205e+01	8.871500000000000341e+01	8.905800000000000693e+01	8.921800000000000352e+01	8.940099999999999625e+01
0.000000000000000000e+00	1.685260000000000105e+02	1.544950000000000045e+02	1.435780000000000030e+02	1.315840000000000032e+02	1.194530000000000030e+02	1.099320000000000022e+02	1.016239999999999952e+02	9.514600000000000080e+01	8.969899999999999807e+01	8.532699999999999818e+01	8.200799999999999557e+01	7.928499999999999659e+01	7.706499999999999773e+01	7.482099999999999795e+01	7.326500000000000057e+01	7.170900000000000318e+01	7.001500000000000057e+01	6.806900000000000261e+01	6.596399999999999864e+01	6.378900000000000148e+01	6.179800000000000182e+01	6.010399999999999920e+01	5.864000000000000057e+01	5.726599999999999824e+01	5.607600000000000051e+01	5.511500000000000199e+01	5.435900000000000176e+01	5.367300000000000182e+01	5.319200000000000017e+01	5.257399999999999807e+01	5.216199999999999903e+01	5.179599999999999937e+01	5.152100000000000080e+01	5.120100000000000051e+01	5.104099999999999682e+01	5.090299999999999869e+01	5.065200000000000102e+01	5.076599999999999824e+01	5.081199999999999761e+01	5.081199999999999761e+01	5.124699999999999989e+01	5.122399999999999665e+01	5.117799999999999727e+01	5.142999999999999972e+01	5.149799999999999756e+01	5.124699999999999989e+01	5.115500000000000114e+01	5.149799999999999756e+01	5.170400000000000063e+01	5.200200000000000244e+01	5.211599999999999966e+01	5.220799999999999841e+01	5.307800000000000296e+01	5.298599999999999710e+01	5.300900000000000034e+01	5.293999999999999773e+01	5.280299999999999727e+01	5.273400000000000176e+01	5.310099999999999909e+01	5.353499999999999659e+01	5.385600000000000165e+01	5.403900000000000148e+01	5.472599999999999909e+01	5.552700000000000102e+01	5.564099999999999824e+01	5.616799999999999926e+01	5.625900000000000034e+01	5.648799999999999955e+01	5.669400000000000261e+01	5.726599999999999824e+01	5.744899999999999807e+01	5.763199999999999790e+01	5.763199999999999790e+01	5.767799999999999727e+01	5.774699999999999989e+01	5.795300000000000296e+01	5.802199999999999847e+01	5.838799999999999812e+01	5.857099999999999795e+01	5.861699999999999733e+01	5.882300000000000040e+01	5.905199999999999960e+01	5.923499999999999943e+01	5.944100000000000250e+01	5.964699999999999847e+01	5.973799999999999955e+01	6.035600000000000165e+01	6.072200000000000131e+01	6.117999999999999972e+01	6.221000000000000085e+01	6.236999999999999744e+01	6.266799999999999926e+01	6.454500000000000171e+01	6.461299999999999955e+01	6.488800000000000523e+01	6.523099999999999454e+01	6.562000000000000455e+01	6.582599999999999341e+01	6.644400000000000261e+01	6.697100000000000364e+01	6.717700000000000671e+01	6.745099999999999341e+01	6.765699999999999648e+01	6.793200000000000216e+01	6.811499999999999488e+01	6.841299999999999670e+01	6.870999999999999375e+01	6.887099999999999511e+01	6.948900000000000432e+01	6.960299999999999443e+01	6.987800000000000011e+01	7.006100000000000705e+01	7.026699999999999591e+01	7.049599999999999511e+01	7.070199999999999818e+01	7.086199999999999477e+01	7.113599999999999568e+01	7.129699999999999704e+01	7.143399999999999750e+01	7.168600000000000705e+01	7.184600000000000364e+01	7.193800000000000239e+01	7.216599999999999682e+01	7.230400000000000205e+01	7.253300000000000125e+01	7.269299999999999784e+01	7.282999999999999829e+01	7.305899999999999750e+01	7.328799999999999670e+01	7.347100000000000364e+01	7.358599999999999852e+01	7.385999999999999943e+01	7.397499999999999432e+01	7.418099999999999739e+01	7.438700000000000045e+01	7.452400000000000091e+01	7.468399999999999750e+01	7.486700000000000443e+01	7.500499999999999545e+01	7.509600000000000364e+01	7.532500000000000284e+01	7.543899999999999295e+01	7.557699999999999818e+01	7.578300000000000125e+01	7.596599999999999397e+01	7.603499999999999659e+01	7.633199999999999363e+01	7.656100000000000705e+01	7.662999999999999545e+01	7.688100000000000023e+01	7.708700000000000330e+01	7.722499999999999432e+01	7.752200000000000557e+01	7.761400000000000432e+01	7.784300000000000352e+01	7.802599999999999625e+01	7.816299999999999670e+01	7.832299999999999329e+01	7.859799999999999898e+01	7.862099999999999511e+01	7.894100000000000250e+01	7.901000000000000512e+01	7.921599999999999397e+01	7.942199999999999704e+01	8.020000000000000284e+01	8.024599999999999511e+01	8.047499999999999432e+01	8.068099999999999739e+01	8.079500000000000171e+01	8.088700000000000045e+01	8.109300000000000352e+01	8.127599999999999625e+01	8.152800000000000580e+01	8.155100000000000193e+01	8.175700000000000500e+01	8.189400000000000546e+01	8.223699999999999477e+01	8.244299999999999784e+01	8.253499999999999659e+01	8.269499999999999318e+01	8.267199999999999704e+01	8.269499999999999318e+01	8.285500000000000398e+01	8.310699999999999932e+01	8.319899999999999807e+01	8.351900000000000546e+01	8.386199999999999477e+01	8.370199999999999818e+01	8.381699999999999307e+01
1.000000000000000000e+00	1.501690000000000111e+02	1.381759999999999877e+02	1.278760000000000048e+02	1.183780000000000001e+02	1.100010000000000048e+02	1.021039999999999992e+02	9.530599999999999739e+01	8.935500000000000398e+01	8.425100000000000477e+01	7.953600000000000136e+01	7.566800000000000637e+01	7.218899999999999295e+01	7.024399999999999977e+01	6.804699999999999704e+01	6.642199999999999704e+01	6.470499999999999829e+01	6.362899999999999778e+01	6.223299999999999699e+01	6.136299999999999955e+01	6.067699999999999960e+01	5.973799999999999955e+01	5.893699999999999761e+01	5.834199999999999875e+01	5.788400000000000034e+01	5.726599999999999824e+01	5.664800000000000324e+01	5.637400000000000233e+01	5.605299999999999727e+01	5.586999999999999744e+01	5.550399999999999778e+01	5.527499999999999858e+01	5.513799999999999812e+01	5.538900000000000290e+01	5.513799999999999812e+01	5.532099999999999795e+01	5.525200000000000244e+01	5.500000000000000000e+01	5.486299999999999955e+01	5.527499999999999858e+01	5.543500000000000227e+01	5.536699999999999733e+01	5.534400000000000119e+01	5.552700000000000102e+01	5.520600000000000307e+01	5.536699999999999733e+01	5.548100000000000165e+01	5.554999999999999716e+01	5.564099999999999824e+01	5.557300000000000040e+01	5.584700000000000131e+01	5.603000000000000114e+01	5.630499999999999972e+01	5.660199999999999676e+01	5.669400000000000261e+01	5.662500000000000000e+01	5.655700000000000216e+01	5.669400000000000261e+01	5.715200000000000102e+01	5.694599999999999795e+01	5.712899999999999778e+01	5.728900000000000148e+01	5.726599999999999824e+01	5.735799999999999699e+01	5.733500000000000085e+01	5.733500000000000085e+01	5.770100000000000051e+01	5.774699999999999989e+01	5.772399999999999665e+01	5.772399999999999665e+01	5.797599999999999909e+01	5.836500000000000199e+01	5.834199999999999875e+01	5.864000000000000057e+01	5.859400000000000119e+01	5.884599999999999653e+01	5.870799999999999841e+01	5.925800000000000267e+01	5.898299999999999699e+01	5.925800000000000267e+01	5.937199999999999989e+01	5.946399999999999864e+01	5.946399999999999864e+01	5.941799999999999926e+01	5.969200000000000017e+01	5.960099999999999909e+01	5.989800000000000324e+01	5.948599999999999710e+01	5.962400000000000233e+01	5.999000000000000199e+01	5.987500000000000000e+01	6.017300000000000182e+01	6.042499999999999716e+01	6.024199999999999733e+01	6.033299999999999841e+01	6.058500000000000085e+01	6.033299999999999841e+01	6.069899999999999807e+01	6.047099999999999653e+01	6.079099999999999682e+01	6.097399999999999665e+01	6.113400000000000034e+01	6.063100000000000023e+01	6.076800000000000068e+01	6.067699999999999960e+01	6.076800000000000068e+01	6.095100000000000051e+01	6.111099999999999710e+01	6.131700000000000017e+01	6.127199999999999847e+01	6.136299999999999955e+01	6.182099999999999795e+01	6.184400000000000119e+01	6.211899999999999977e+01	6.214099999999999824e+01	6.202700000000000102e+01	6.195799999999999841e+01	6.193500000000000227e+01	6.170700000000000074e+01	6.209599999999999653e+01	6.211899999999999977e+01	6.200399999999999778e+01	6.223299999999999699e+01	6.255299999999999727e+01	6.275900000000000034e+01	6.255299999999999727e+01	6.296500000000000341e+01	6.298799999999999955e+01	6.301100000000000279e+01	6.319400000000000261e+01	6.324000000000000199e+01	6.351500000000000057e+01	6.374399999999999977e+01	6.424699999999999989e+01	6.447599999999999909e+01	6.495699999999999363e+01	6.584900000000000375e+01	6.658199999999999363e+01	6.733700000000000330e+01	6.816100000000000136e+01	6.905400000000000205e+01	7.012900000000000489e+01	7.166299999999999670e+01	7.324200000000000443e+01	7.477599999999999625e+01	7.665300000000000580e+01	7.884999999999999432e+01	8.097799999999999443e+01	8.345000000000000284e+01	8.589900000000000091e+01	8.894299999999999784e+01	9.178199999999999648e+01	9.443699999999999761e+01	9.715999999999999659e+01	9.979200000000000159e+01	1.030879999999999939e+02	1.055600000000000023e+02	1.077800000000000011e+02	1.095430000000000064e+02	1.116029999999999944e+02	1.133419999999999987e+02	1.150360000000000014e+02	1.170040000000000049e+02	1.183089999999999975e+02	1.196590000000000060e+02	1.209869999999999948e+02	1.221310000000000002e+02	1.233670000000000044e+02	1.251530000000000058e+02	1.256790000000000020e+02	1.263889999999999958e+02	1.270289999999999964e+02	1.276700000000000017e+02	1.284259999999999877e+02	1.289749999999999943e+02	1.294780000000000086e+02	1.301419999999999959e+02	1.305999999999999943e+02	1.309430000000000121e+02	1.318360000000000127e+02	1.336210000000000093e+02	1.334610000000000127e+02	1.337359999999999900e+02	1.338959999999999866e+02	1.341709999999999923e+02	1.342620000000000005e+02	1.347429999999999950e+02	1.353379999999999939e+02	1.358180000000000121e+02	1.357959999999999923e+02
0.000000000000000000e+00	3.756870000000000118e+02	3.312379999999999995e+02	2.893980000000000246e+02	2.536009999999999991e+02	2.246930000000000121e+02	2.014619999999999891e+02	1.826479999999999961e+02	1.680449999999999875e+02	1.563720000000000141e+02	1.481779999999999973e+02	1.422500000000000000e+02	1.375120000000000005e+02	1.336210000000000093e+02	1.303940000000000055e+02	1.274869999999999948e+02	1.249920000000000044e+02	1.230930000000000035e+02	1.209639999999999986e+02	1.191560000000000059e+02	1.173479999999999990e+02	1.160430000000000064e+02	1.152189999999999941e+02	1.141659999999999968e+02	1.126790000000000020e+02	1.123580000000000041e+02	1.116260000000000048e+02	1.106410000000000053e+02	1.102289999999999992e+02	1.099549999999999983e+02	1.098629999999999995e+02	1.095660000000000025e+02	1.090849999999999937e+02	1.087650000000000006e+02	1.084899999999999949e+02	1.084669999999999987e+02	1.082150000000000034e+02	1.086959999999999980e+02	1.086269999999999953e+02	1.086959999999999980e+02	1.087650000000000006e+02	1.087879999999999967e+02	1.089249999999999972e+02	1.093829999999999956e+02	1.094060000000000059e+02	1.094060000000000059e+02	1.099549999999999983e+02	1.051479999999999961e+02	9.919700000000000273e+01	9.551200000000000045e+01	9.324599999999999511e+01	9.159900000000000375e+01	9.079699999999999704e+01	9.017900000000000205e+01	8.969899999999999807e+01	8.974500000000000455e+01	8.956100000000000705e+01	8.960699999999999932e+01	8.985899999999999466e+01	8.956100000000000705e+01	8.953900000000000148e+01	8.974500000000000455e+01	8.981300000000000239e+01	8.999599999999999511e+01	9.015699999999999648e+01	9.052299999999999613e+01	9.068300000000000693e+01	9.109499999999999886e+01	9.164400000000000546e+01	9.178199999999999648e+01	9.230800000000000693e+01	9.283400000000000318e+01	9.322400000000000375e+01	9.381900000000000261e+01	9.423099999999999454e+01	9.500900000000000034e+01	9.519199999999999307e+01	9.560399999999999920e+01	9.592400000000000659e+01	9.658799999999999386e+01	9.718300000000000693e+01	9.796099999999999852e+01	9.857899999999999352e+01	9.912900000000000489e+01	9.986100000000000421e+01	1.005939999999999941e+02	1.011659999999999968e+02	1.017379999999999995e+02	1.023559999999999945e+02	1.029279999999999973e+02	1.033400000000000034e+02	1.038889999999999958e+02	1.041640000000000015e+02	1.047129999999999939e+02	1.054230000000000018e+02	1.062009999999999934e+02	1.066359999999999957e+02	1.071850000000000023e+02	1.077349999999999994e+02	1.084210000000000065e+02	1.089479999999999933e+02	1.094969999999999999e+02	1.099320000000000022e+02	1.104809999999999945e+02	1.107330000000000041e+02	1.111219999999999999e+02	1.116710000000000065e+02	1.120829999999999984e+02	1.124270000000000067e+02	1.129530000000000030e+02	1.134339999999999975e+02	1.140060000000000002e+02	1.148760000000000048e+02	1.151050000000000040e+02	1.155849999999999937e+02	1.159060000000000059e+02	1.165699999999999932e+02	1.170499999999999972e+02	1.174620000000000033e+02	1.178280000000000030e+02	1.182860000000000014e+02	1.187900000000000063e+02	1.189500000000000028e+02	1.190870000000000033e+02	1.194989999999999952e+02	1.199110000000000014e+02	1.204609999999999985e+02	1.207810000000000059e+02	1.211700000000000017e+02	1.214449999999999932e+02	1.218110000000000070e+02	1.223139999999999930e+02	1.223599999999999994e+02	1.224060000000000059e+02	1.223829999999999956e+02	1.224980000000000047e+02	1.226119999999999948e+02	1.226119999999999948e+02	1.226809999999999974e+02	1.226580000000000013e+02	1.227950000000000017e+02	1.228409999999999940e+02	1.229549999999999983e+02	1.230240000000000009e+02	1.228179999999999978e+02	1.227950000000000017e+02	1.227489999999999952e+02	1.227489999999999952e+02	1.227720000000000056e+02	1.227039999999999935e+02	1.227259999999999991e+02	1.225889999999999986e+02	1.225889999999999986e+02	1.230699999999999932e+02	1.230699999999999932e+02	1.229099999999999966e+02	1.227720000000000056e+02	1.227950000000000017e+02	1.226350000000000051e+02	1.224519999999999982e+02	1.223829999999999956e+02	1.223829999999999956e+02	1.222690000000000055e+02	1.223599999999999994e+02	1.224749999999999943e+02	1.226809999999999974e+02	1.227720000000000056e+02	1.226580000000000013e+02	1.223599999999999994e+02	1.224749999999999943e+02	1.224519999999999982e+02	1.226119999999999948e+02	1.227489999999999952e+02	1.226809999999999974e+02	1.228870000000000005e+02	1.227489999999999952e+02	1.224980000000000047e+02	1.224749999999999943e+02	1.224519999999999982e+02	1.221310000000000002e+02	1.221080000000000041e+02	1.221080000000000041e+02	1.221539999999999964e+02	1.221310000000000002e+02	1.220630000000000024e+02	1.221310000000000002e+02	1.221770000000000067e+02	1.221080000000000041e+02	1.224519999999999982e+02	1.225199999999999960e+02
0.000000000000000000e+00	5.123289999999999509e+02	4.557500000000000000e+02	4.059449999999999932e+02	3.611759999999999877e+02	3.190160000000000196e+02	2.841340000000000146e+02	2.560500000000000114e+02	2.349010000000000105e+02	2.105480000000000018e+02	1.969759999999999991e+02	1.860120000000000005e+02	1.771769999999999925e+02	1.704710000000000036e+02	1.632390000000000043e+02	1.578830000000000098e+02	1.536479999999999961e+02	1.499180000000000064e+02	1.467820000000000107e+02	1.439670000000000130e+02	1.421129999999999995e+02	1.402129999999999939e+02	1.381529999999999916e+02	1.365970000000000084e+02	1.351779999999999973e+02	1.332090000000000032e+02	1.317899999999999920e+02	1.296620000000000061e+02	1.271670000000000016e+02	1.248550000000000040e+02	1.228409999999999940e+02	1.216959999999999980e+02	1.197510000000000048e+02	1.183089999999999975e+02	1.170729999999999933e+02	1.161350000000000051e+02	1.155619999999999976e+02	1.147840000000000060e+02	1.142579999999999956e+02	1.143490000000000038e+02	1.139140000000000015e+02	1.136629999999999967e+02	1.135709999999999980e+02	1.138689999999999998e+02	1.136170000000000044e+02	1.137079999999999984e+02	1.137540000000000049e+02	1.141430000000000007e+02	1.145319999999999965e+02	1.147840000000000060e+02	1.150130000000000052e+02	1.153790000000000049e+02	1.157680000000000007e+02	1.161800000000000068e+02	1.165699999999999932e+02	1.171419999999999959e+02	1.175990000000000038e+02	1.179200000000000017e+02	1.182860000000000014e+02	1.185610000000000070e+02	1.189500000000000028e+02	1.193160000000000025e+02	1.198649999999999949e+02	1.202549999999999955e+02	1.207349999999999994e+02	1.213990000000000009e+02	1.219020000000000010e+02	1.224980000000000047e+02	1.228640000000000043e+02	1.231610000000000014e+02	1.234360000000000070e+02	1.238020000000000067e+02	1.242830000000000013e+02	1.248089999999999975e+02	1.255190000000000055e+02	1.259309999999999974e+02	1.265030000000000001e+02	1.269609999999999985e+02	1.275789999999999935e+02	1.282649999999999864e+02	1.290889999999999986e+02	1.299130000000000109e+02	1.306229999999999905e+02	1.312179999999999893e+02	1.320190000000000055e+02	1.330029999999999859e+02	1.336210000000000093e+02	1.343540000000000134e+02	1.351090000000000089e+02	1.355440000000000111e+02	1.359329999999999927e+02	1.357729999999999961e+02	1.359329999999999927e+02	1.360699999999999932e+02	1.362529999999999859e+02	1.363679999999999950e+02	1.364819999999999993e+02	1.365279999999999916e+02	1.364139999999999873e+02	1.364590000000000032e+02	1.365049999999999955e+02	1.365049999999999955e+02	1.368480000000000132e+02	1.369629999999999939e+02	1.370769999999999982e+02	1.371920000000000073e+02	1.370769999999999982e+02	1.369859999999999900e+02	1.370089999999999861e+02	1.372150000000000034e+02	1.371920000000000073e+02	1.370769999999999982e+02	1.370320000000000107e+02	1.368710000000000093e+02	1.370320000000000107e+02	1.370320000000000107e+02	1.369629999999999939e+02	1.370999999999999943e+02	1.370999999999999943e+02	1.370320000000000107e+02	1.368940000000000055e+02	1.369629999999999939e+02	1.367340000000000089e+02	1.369170000000000016e+02	1.368940000000000055e+02	1.369170000000000016e+02	1.371459999999999866e+02	1.369629999999999939e+02	1.370540000000000020e+02	1.372379999999999995e+02	1.371690000000000111e+02	1.371229999999999905e+02	1.370769999999999982e+02	1.370769999999999982e+02	1.372599999999999909e+02	1.373520000000000039e+02	1.373979999999999961e+02	1.373979999999999961e+02	1.374209999999999923e+02	1.372599999999999909e+02	1.373520000000000039e+02	1.373750000000000000e+02	1.373290000000000077e+02	1.374439999999999884e+02	1.373979999999999961e+02	1.374209999999999923e+02	1.372150000000000034e+02	1.372150000000000034e+02	1.372829999999999870e+02	1.372599999999999909e+02	1.373520000000000039e+02	1.375120000000000005e+02	1.376040000000000134e+02	1.375809999999999889e+02	1.375579999999999927e+02	1.373750000000000000e+02	1.373750000000000000e+02	1.373750000000000000e+02	1.372599999999999909e+02	1.374890000000000043e+02	1.374439999999999884e+02	1.376500000000000057e+02	1.377179999999999893e+02	1.378329999999999984e+02	1.377410000000000139e+02	1.378559999999999945e+02	1.378559999999999945e+02	1.377179999999999893e+02	1.379010000000000105e+02	1.379470000000000027e+02	1.378329999999999984e+02	1.379699999999999989e+02	1.380840000000000032e+02	1.381759999999999877e+02	1.382899999999999920e+02	1.383590000000000089e+02	1.387019999999999982e+02	1.387709999999999866e+02	1.387249999999999943e+02	1.387709999999999866e+02	1.389310000000000116e+02	1.389770000000000039e+02	1.389310000000000116e+02	1.390459999999999923e+02	1.390229999999999961e+02	1.390000000000000000e+02	1.389770000000000039e+02	1.390689999999999884e+02	1.389540000000000077e+02	1.390910000000000082e+02
0.000000000000000000e+00	1.743849999999999909e+02	1.587520000000000095e+02	1.444240000000000066e+02	1.328199999999999932e+02	1.221539999999999964e+02	1.119920000000000044e+02	1.033629999999999995e+02	9.489400000000000546e+01	8.866899999999999693e+01	8.331300000000000239e+01	7.912399999999999523e+01	7.562300000000000466e+01	7.228100000000000591e+01	6.935099999999999909e+01	6.687900000000000489e+01	6.390400000000000347e+01	6.150099999999999767e+01	5.944100000000000250e+01	5.738100000000000023e+01	5.543500000000000227e+01	5.378699999999999903e+01	5.234499999999999886e+01	5.097200000000000131e+01	4.973599999999999710e+01	4.884300000000000352e+01	4.767600000000000193e+01	4.673799999999999955e+01	4.607399999999999807e+01	4.529599999999999937e+01	4.453999999999999915e+01	4.410600000000000165e+01	4.360199999999999676e+01	4.337299999999999756e+01	4.309799999999999898e+01	4.296099999999999852e+01	4.282399999999999807e+01	4.266400000000000148e+01	4.266400000000000148e+01	4.261800000000000210e+01	4.252600000000000335e+01	4.266400000000000148e+01	4.270900000000000318e+01	4.282399999999999807e+01	4.298400000000000176e+01	4.307600000000000051e+01	4.314399999999999835e+01	4.316700000000000159e+01	4.328199999999999648e+01	4.337299999999999756e+01	4.367099999999999937e+01	4.373899999999999721e+01	4.401400000000000290e+01	4.424300000000000210e+01	4.440299999999999869e+01	4.456300000000000239e+01	4.463199999999999790e+01	4.495199999999999818e+01	4.511299999999999955e+01	4.531900000000000261e+01	4.561599999999999966e+01	4.598199999999999932e+01	4.630299999999999727e+01	4.646300000000000097e+01	4.664600000000000080e+01	4.689800000000000324e+01	4.696699999999999875e+01	4.710399999999999920e+01	4.749300000000000210e+01	4.758500000000000085e+01	4.790500000000000114e+01	4.824799999999999756e+01	4.852300000000000324e+01	4.884300000000000352e+01	4.907200000000000273e+01	4.925500000000000256e+01	4.962199999999999989e+01	4.982800000000000296e+01	5.010199999999999676e+01	5.035399999999999920e+01	5.056000000000000227e+01	5.069700000000000273e+01	5.099499999999999744e+01	5.120100000000000051e+01	5.140699999999999648e+01	5.161299999999999955e+01	5.179599999999999937e+01	5.213900000000000290e+01	5.229899999999999949e+01	5.252799999999999869e+01	5.287199999999999989e+01	5.300900000000000034e+01	5.321500000000000341e+01	5.349000000000000199e+01	5.378699999999999903e+01	5.401599999999999824e+01	5.435900000000000176e+01	5.454299999999999926e+01	5.486299999999999955e+01	5.518299999999999983e+01	5.552700000000000102e+01	5.584700000000000131e+01	5.603000000000000114e+01	5.639600000000000080e+01	5.680799999999999983e+01	5.708299999999999841e+01	5.731199999999999761e+01	5.772399999999999665e+01	5.809000000000000341e+01	5.836500000000000199e+01	5.859400000000000119e+01	5.891400000000000148e+01	5.923499999999999943e+01	5.964699999999999847e+01	5.999000000000000199e+01	6.044800000000000040e+01	6.079099999999999682e+01	6.115699999999999648e+01	6.152300000000000324e+01	6.184400000000000119e+01	6.225600000000000023e+01	6.262199999999999989e+01	6.310300000000000153e+01	6.351500000000000057e+01	6.390400000000000347e+01	6.426999999999999602e+01	6.465900000000000603e+01	6.516299999999999670e+01	6.571200000000000330e+01	6.605500000000000682e+01	6.648999999999999488e+01	6.699399999999999977e+01	6.735999999999999943e+01	6.790900000000000603e+01	6.834399999999999409e+01	6.857299999999999329e+01	6.905400000000000205e+01	6.944299999999999784e+01	6.992300000000000182e+01	7.060999999999999943e+01	7.111400000000000432e+01	7.164000000000000057e+01	7.179999999999999716e+01	7.241800000000000637e+01	7.321899999999999409e+01	7.340200000000000102e+01	7.413500000000000512e+01	7.443200000000000216e+01	7.468399999999999750e+01	7.438700000000000045e+01	7.482099999999999795e+01	7.440900000000000603e+01	7.470699999999999363e+01	7.461499999999999488e+01	7.507299999999999329e+01	7.486700000000000443e+01	7.504999999999999716e+01	7.507299999999999329e+01	7.486700000000000443e+01	7.530200000000000671e+01	7.521099999999999852e+01	7.559999999999999432e+01	7.559999999999999432e+01	7.589700000000000557e+01	7.559999999999999432e+01	7.537099999999999511e+01	7.564499999999999602e+01	7.598900000000000432e+01	7.596599999999999397e+01	7.605700000000000216e+01	7.592000000000000171e+01	7.592000000000000171e+01	7.559999999999999432e+01	7.621800000000000352e+01	7.598900000000000432e+01	7.601200000000000045e+01	7.596599999999999397e+01	7.642400000000000659e+01	7.619499999999999318e+01	7.596599999999999397e+01	7.619499999999999318e+01	7.635500000000000398e+01	7.576000000000000512e+01	7.665300000000000580e+01	7.662999999999999545e+01	7.630899999999999750e+01	7.665300000000000580e+01	7.669799999999999329e+01	7.669799999999999329e+01	7.658400000000000318e+01
0.000000000000000000e+00	1.928559999999999945e+02	1.763760000000000048e+02	1.603319999999999936e+02	1.474459999999999980e+02	1.343079999999999927e+02	1.232759999999999962e+02	1.141659999999999968e+02	1.065439999999999969e+02	1.002960000000000065e+02	9.498600000000000421e+01	9.091200000000000614e+01	8.795900000000000318e+01	8.562500000000000000e+01	8.363299999999999557e+01	8.152800000000000580e+01	7.971999999999999886e+01	7.795699999999999363e+01	7.651500000000000057e+01	7.447799999999999443e+01	7.251000000000000512e+01	7.097599999999999909e+01	6.884799999999999898e+01	6.722299999999999898e+01	6.562000000000000455e+01	6.431600000000000250e+01	6.321699999999999875e+01	6.239300000000000068e+01	6.152300000000000324e+01	6.074499999999999744e+01	6.033299999999999841e+01	5.964699999999999847e+01	5.905199999999999960e+01	5.843399999999999750e+01	5.774699999999999989e+01	5.742600000000000193e+01	5.721999999999999886e+01	5.703699999999999903e+01	5.694599999999999795e+01	5.655700000000000216e+01	5.628199999999999648e+01	5.623599999999999710e+01	5.605299999999999727e+01	5.580100000000000193e+01	5.584700000000000131e+01	5.582399999999999807e+01	5.573299999999999699e+01	5.550399999999999778e+01	5.541199999999999903e+01	5.536699999999999733e+01	5.548100000000000165e+01	5.541199999999999903e+01	5.559499999999999886e+01	5.557300000000000040e+01	5.548100000000000165e+01	5.561800000000000210e+01	5.568699999999999761e+01	5.564099999999999824e+01	5.573299999999999699e+01	5.591599999999999682e+01	5.603000000000000114e+01	5.609899999999999665e+01	5.603000000000000114e+01	5.593900000000000006e+01	5.605299999999999727e+01	5.618999999999999773e+01	5.648799999999999955e+01	5.671699999999999875e+01	5.701400000000000290e+01	5.699199999999999733e+01	5.706000000000000227e+01	5.699199999999999733e+01	5.740400000000000347e+01	5.758700000000000330e+01	5.749499999999999744e+01	5.783800000000000097e+01	5.786099999999999710e+01	5.813600000000000279e+01	5.813600000000000279e+01	5.806700000000000017e+01	5.790699999999999648e+01	5.806700000000000017e+01	5.799900000000000233e+01	5.825000000000000000e+01	5.825000000000000000e+01	5.829599999999999937e+01	5.838799999999999812e+01	5.854800000000000182e+01	5.884599999999999653e+01	5.902900000000000347e+01	5.907399999999999807e+01	5.928000000000000114e+01	5.937199999999999989e+01	5.937199999999999989e+01	5.930299999999999727e+01	5.962400000000000233e+01	5.948599999999999710e+01	5.971500000000000341e+01	5.982999999999999829e+01	6.024199999999999733e+01	6.035600000000000165e+01	6.019599999999999795e+01	6.031000000000000227e+01	6.035600000000000165e+01	6.033299999999999841e+01	6.056199999999999761e+01	6.065400000000000347e+01	6.102000000000000313e+01	6.095100000000000051e+01	6.113400000000000034e+01	6.122599999999999909e+01	6.124900000000000233e+01	6.161500000000000199e+01	6.152300000000000324e+01	6.163799999999999812e+01	6.172899999999999920e+01	6.166100000000000136e+01	6.218699999999999761e+01	6.225600000000000023e+01	6.223299999999999699e+01	6.218699999999999761e+01	6.209599999999999653e+01	6.198100000000000165e+01	6.207300000000000040e+01	6.225600000000000023e+01	6.250800000000000267e+01	6.262199999999999989e+01	6.337700000000000244e+01	6.342300000000000182e+01	6.337700000000000244e+01	6.342300000000000182e+01	6.339999999999999858e+01	6.374399999999999977e+01	6.356000000000000227e+01	6.381199999999999761e+01	6.388100000000000023e+01	6.395000000000000284e+01	6.376599999999999824e+01	6.374399999999999977e+01	6.415600000000000591e+01	6.413299999999999557e+01	6.424699999999999989e+01	6.406399999999999295e+01	6.413299999999999557e+01	6.404099999999999682e+01	6.401800000000000068e+01	6.401800000000000068e+01	6.399499999999999744e+01	6.422400000000000375e+01	6.415600000000000591e+01	6.420099999999999341e+01	6.413299999999999557e+01	6.527700000000000102e+01	6.511700000000000443e+01	6.507099999999999795e+01	6.518600000000000705e+01	6.514000000000000057e+01	6.514000000000000057e+01	6.514000000000000057e+01	6.514000000000000057e+01	6.514000000000000057e+01	6.511700000000000443e+01	6.548300000000000409e+01	6.539199999999999591e+01	6.539199999999999591e+01	6.545999999999999375e+01	6.534600000000000364e+01	6.555200000000000671e+01	6.559799999999999898e+01	6.566599999999999682e+01	6.562000000000000455e+01	6.575799999999999557e+01	6.562000000000000455e+01	6.568899999999999295e+01	6.582599999999999341e+01	6.580400000000000205e+01	6.571200000000000330e+01	6.582599999999999341e+01	6.573499999999999943e+01	6.582599999999999341e+01	6.589499999999999602e+01	6.601000000000000512e+01	6.598699999999999477e+01	6.598699999999999477e+01	6.594100000000000250e+01	6.587199999999999989e+01	6.594100000000000250e+01	6.591800000000000637e+01	6.587199999999999989e+01	6.584900000000000375e+01
0.000000000000000000e+00	1.822810000000000059e+02	1.672439999999999998e+02	1.535800000000000125e+02	1.410370000000000061e+02	1.294780000000000086e+02	1.194080000000000013e+02	1.109620000000000033e+02	1.037980000000000018e+02	9.764100000000000534e+01	9.281199999999999761e+01	8.914900000000000091e+01	8.606000000000000227e+01	8.345000000000000284e+01	8.141299999999999670e+01	7.955899999999999750e+01	7.775100000000000477e+01	7.550799999999999557e+01	7.326500000000000057e+01	7.095300000000000296e+01	6.893899999999999295e+01	6.717700000000000671e+01	6.575799999999999557e+01	6.433899999999999864e+01	6.326299999999999812e+01	6.250800000000000267e+01	6.152300000000000324e+01	6.095100000000000051e+01	6.044800000000000040e+01	6.012700000000000244e+01	5.985300000000000153e+01	5.960099999999999909e+01	5.987500000000000000e+01	5.969200000000000017e+01	5.960099999999999909e+01	5.950900000000000034e+01	5.953199999999999648e+01	5.966899999999999693e+01	5.966899999999999693e+01	5.973799999999999955e+01	5.960099999999999909e+01	5.930299999999999727e+01	5.932600000000000051e+01	5.911999999999999744e+01	5.891400000000000148e+01	5.898299999999999699e+01	5.898299999999999699e+01	5.896000000000000085e+01	5.932600000000000051e+01	5.960099999999999909e+01	5.937199999999999989e+01	5.925800000000000267e+01	5.914300000000000068e+01	5.930299999999999727e+01	5.999000000000000199e+01	5.994400000000000261e+01	6.001299999999999812e+01	5.985300000000000153e+01	5.996699999999999875e+01	6.001299999999999812e+01	6.017300000000000182e+01	6.031000000000000227e+01	6.040200000000000102e+01	6.040200000000000102e+01	6.028699999999999903e+01	6.019599999999999795e+01	6.026500000000000057e+01	6.024199999999999733e+01	6.069899999999999807e+01	6.163799999999999812e+01	6.156900000000000261e+01	6.129500000000000171e+01	6.108899999999999864e+01	6.127199999999999847e+01	6.120300000000000296e+01	6.117999999999999972e+01	6.143200000000000216e+01	6.150099999999999767e+01	6.163799999999999812e+01	6.170700000000000074e+01	6.168399999999999750e+01	6.170700000000000074e+01	6.179800000000000182e+01	6.207300000000000040e+01	6.239300000000000068e+01	6.264500000000000313e+01	6.269100000000000250e+01	6.330899999999999750e+01	6.317099999999999937e+01	6.328600000000000136e+01	6.346900000000000119e+01	6.360600000000000165e+01	6.362899999999999778e+01	6.369800000000000040e+01	6.376599999999999824e+01	6.372099999999999653e+01	6.378900000000000148e+01	6.385799999999999699e+01	6.388100000000000023e+01	6.410999999999999943e+01	6.417799999999999727e+01	6.424699999999999989e+01	6.429300000000000637e+01	6.443000000000000682e+01	6.385799999999999699e+01	6.408700000000000330e+01	6.408700000000000330e+01	6.406399999999999295e+01	6.415600000000000591e+01	6.420099999999999341e+01	6.447599999999999909e+01	6.459000000000000341e+01	6.475100000000000477e+01	6.470499999999999829e+01	6.493399999999999750e+01	6.493399999999999750e+01	6.507099999999999795e+01	6.525400000000000489e+01	6.536899999999999977e+01	6.545999999999999375e+01	6.557500000000000284e+01	6.559799999999999898e+01	6.578100000000000591e+01	6.573499999999999943e+01	6.591800000000000637e+01	6.617000000000000171e+01	6.619299999999999784e+01	6.635299999999999443e+01	6.630700000000000216e+01	6.642199999999999704e+01	6.667300000000000182e+01	6.665000000000000568e+01	6.676500000000000057e+01	6.690200000000000102e+01	6.699399999999999977e+01	6.694799999999999329e+01	6.710800000000000409e+01	6.724500000000000455e+01	6.724500000000000455e+01	6.735999999999999943e+01	6.745099999999999341e+01	6.756600000000000250e+01	6.761199999999999477e+01	6.777200000000000557e+01	6.800100000000000477e+01	6.806900000000000261e+01	6.820699999999999363e+01	6.832099999999999795e+01	6.850400000000000489e+01	6.870999999999999375e+01	6.893899999999999295e+01	6.891599999999999682e+01	6.905400000000000205e+01	6.928300000000000125e+01	6.951099999999999568e+01	6.953400000000000603e+01	6.976300000000000523e+01	6.994599999999999795e+01	7.019799999999999329e+01	7.031199999999999761e+01	7.042700000000000671e+01	7.058700000000000330e+01	7.074699999999999989e+01	7.109099999999999397e+01	7.127400000000000091e+01	7.141100000000000136e+01	7.157099999999999795e+01	7.179999999999999716e+01	7.216599999999999682e+01	7.228100000000000591e+01	7.251000000000000512e+01	7.269299999999999784e+01	7.292199999999999704e+01	7.317400000000000659e+01	7.333400000000000318e+01	7.349399999999999977e+01	7.379200000000000159e+01	7.484399999999999409e+01	7.500499999999999545e+01	7.516500000000000625e+01	7.539400000000000546e+01	7.562300000000000466e+01	7.582899999999999352e+01	7.605700000000000216e+01	7.633199999999999363e+01	7.649200000000000443e+01	7.665300000000000580e+01	7.685899999999999466e+01	7.704200000000000159e+01	7.727100000000000080e+01
0.000000000000000000e+00	2.704239999999999782e+02	2.534639999999999986e+02	2.371440000000000055e+02	2.217640000000000100e+02	2.073899999999999864e+02	1.948009999999999877e+02	1.823040000000000020e+02	1.717760000000000105e+02	1.635130000000000052e+02	1.570130000000000052e+02	1.512220000000000084e+02	1.462549999999999955e+02	1.419749999999999943e+02	1.378559999999999945e+02	1.349029999999999916e+02	1.321109999999999900e+02	1.291810000000000116e+02	1.256329999999999956e+02	1.214449999999999932e+02	1.172560000000000002e+02	1.135250000000000057e+02	1.104129999999999967e+02	1.074140000000000015e+02	1.049419999999999931e+02	1.026310000000000002e+02	1.007079999999999984e+02	9.915200000000000102e+01	9.748099999999999454e+01	9.727500000000000568e+01	9.512300000000000466e+01	9.411599999999999966e+01	9.306300000000000239e+01	9.462000000000000455e+01	9.347499999999999432e+01	9.251399999999999579e+01	9.150700000000000500e+01	9.116400000000000148e+01	9.079699999999999704e+01	9.052299999999999613e+01	9.036299999999999955e+01	9.013400000000000034e+01	8.997299999999999898e+01	8.969899999999999807e+01	8.940099999999999625e+01	8.931000000000000227e+01	8.926399999999999579e+01	8.896599999999999397e+01	8.882899999999999352e+01	8.894299999999999784e+01	8.889799999999999613e+01	8.905800000000000693e+01	8.912699999999999534e+01	8.912699999999999534e+01	8.933299999999999841e+01	8.940099999999999625e+01	8.951600000000000534e+01	8.969899999999999807e+01	8.965300000000000580e+01	8.951600000000000534e+01	8.960699999999999932e+01	8.983599999999999852e+01	8.992799999999999727e+01	9.015699999999999648e+01	9.031699999999999307e+01	9.024800000000000466e+01	9.050000000000000000e+01	9.070600000000000307e+01	9.081999999999999318e+01	9.091200000000000614e+01	9.079699999999999704e+01	9.072899999999999920e+01	9.063700000000000045e+01	9.065999999999999659e+01	9.063700000000000045e+01	9.070600000000000307e+01	9.072899999999999920e+01	9.081999999999999318e+01	9.088899999999999579e+01	9.077500000000000568e+01	9.079699999999999704e+01	9.086599999999999966e+01	9.086599999999999966e+01	9.116400000000000148e+01	9.150700000000000500e+01	9.141500000000000625e+01	9.127800000000000580e+01	9.148399999999999466e+01	9.159900000000000375e+01	9.162099999999999511e+01	9.180500000000000682e+01	9.162099999999999511e+01	9.223900000000000432e+01	9.256000000000000227e+01	9.258299999999999841e+01	9.290300000000000580e+01	9.301800000000000068e+01	9.301800000000000068e+01	9.324599999999999511e+01	9.320099999999999341e+01	9.326900000000000546e+01	9.313200000000000500e+01	9.356699999999999307e+01	9.354399999999999693e+01	9.393300000000000693e+01	9.395600000000000307e+01	9.393300000000000693e+01	9.386400000000000432e+01	9.379600000000000648e+01	9.381900000000000261e+01	9.423099999999999454e+01	9.452800000000000580e+01	9.462000000000000455e+01	9.464300000000000068e+01	9.484900000000000375e+01	9.500900000000000034e+01	9.500900000000000034e+01	9.498600000000000421e+01	9.546699999999999875e+01	9.551200000000000045e+01	9.596999999999999886e+01	9.599299999999999500e+01	9.594700000000000273e+01	9.601600000000000534e+01	9.596999999999999886e+01	9.610699999999999932e+01	9.587900000000000489e+01	9.629099999999999682e+01	9.608499999999999375e+01	9.617600000000000193e+01	9.617600000000000193e+01	9.615300000000000580e+01	9.606199999999999761e+01	9.617600000000000193e+01	9.624500000000000455e+01	9.619899999999999807e+01	9.617600000000000193e+01	9.622199999999999420e+01	9.606199999999999761e+01	9.633599999999999852e+01	9.617600000000000193e+01	9.624500000000000455e+01	9.617600000000000193e+01	9.619899999999999807e+01	9.697700000000000387e+01	9.702299999999999613e+01	9.700000000000000000e+01	9.695399999999999352e+01	9.706900000000000261e+01	9.743500000000000227e+01	9.750400000000000489e+01	9.743500000000000227e+01	9.741200000000000614e+01	9.757200000000000273e+01	9.759499999999999886e+01	9.754900000000000659e+01	9.789300000000000068e+01	9.789300000000000068e+01	9.782399999999999807e+01	9.793899999999999295e+01	9.798399999999999466e+01	9.809900000000000375e+01	9.812199999999999989e+01	9.803000000000000114e+01	9.812199999999999989e+01	9.823600000000000421e+01	9.860200000000000387e+01	9.864799999999999613e+01	9.926600000000000534e+01	9.944899999999999807e+01	9.942600000000000193e+01	9.954099999999999682e+01	9.951800000000000068e+01	9.951800000000000068e+01	9.963200000000000500e+01	9.972400000000000375e+01	9.965500000000000114e+01	9.967799999999999727e+01	1.002960000000000065e+02	1.002960000000000065e+02	1.004560000000000031e+02	1.005250000000000057e+02	1.005250000000000057e+02	1.005709999999999980e+02	1.006389999999999958e+02	1.006159999999999997e+02	1.006389999999999958e+02	1.007309999999999945e+02	1.008910000000000053e+02	1.008679999999999950e+02
1.000000000000000000e+00	1.392290000000000134e+02	1.270070000000000050e+02	1.157909999999999968e+02	1.059039999999999964e+02	9.752700000000000102e+01	9.020199999999999818e+01	8.345000000000000284e+01	7.859799999999999898e+01	7.351699999999999591e+01	6.935099999999999909e+01	6.635299999999999443e+01	6.289699999999999847e+01	5.921200000000000330e+01	5.589300000000000068e+01	5.275699999999999790e+01	5.005599999999999739e+01	4.760699999999999932e+01	4.543299999999999983e+01	4.360199999999999676e+01	4.190800000000000125e+01	4.055799999999999983e+01	3.865800000000000125e+01	3.756000000000000227e+01	3.682699999999999818e+01	3.561399999999999721e+01	3.515599999999999881e+01	3.463000000000000256e+01	3.332500000000000284e+01	3.382900000000000063e+01	3.247800000000000153e+01	3.190599999999999881e+01	3.169999999999999929e+01	3.190599999999999881e+01	3.195200000000000173e+01	3.279899999999999949e+01	3.176899999999999835e+01	3.158599999999999852e+01	3.289000000000000057e+01	3.231799999999999784e+01	3.092200000000000060e+01	3.188299999999999912e+01	3.263900000000000290e+01	3.094500000000000028e+01	3.181500000000000128e+01	3.144800000000000040e+01	3.224900000000000233e+01	3.099099999999999966e+01	3.199800000000000111e+01	3.183699999999999974e+01	3.284499999999999886e+01	3.206600000000000250e+01	3.183699999999999974e+01	3.282200000000000273e+01	3.204299999999999926e+01	3.117399999999999949e+01	3.147100000000000009e+01	3.277600000000000335e+01	3.206600000000000250e+01	3.293599999999999994e+01	3.163100000000000023e+01	3.231799999999999784e+01	3.224900000000000233e+01	3.314200000000000301e+01	3.275300000000000011e+01	3.302799999999999869e+01	3.284499999999999886e+01	3.362299999999999756e+01	3.394299999999999784e+01	3.323400000000000176e+01	3.515599999999999881e+01	3.520199999999999818e+01	3.426400000000000290e+01	3.401200000000000045e+01	3.508800000000000097e+01	3.412599999999999767e+01	3.490400000000000347e+01	3.453799999999999670e+01	3.463000000000000256e+01	3.664399999999999835e+01	3.591199999999999903e+01	3.510999999999999943e+01	3.547699999999999676e+01	3.561399999999999721e+01	3.623199999999999932e+01	3.639200000000000301e+01	3.609499999999999886e+01	3.641499999999999915e+01	3.641499999999999915e+01	3.742199999999999704e+01	3.774300000000000210e+01	3.769700000000000273e+01	3.817699999999999960e+01	3.872699999999999676e+01	3.934499999999999886e+01	4.025999999999999801e+01	4.108400000000000318e+01	4.209100000000000108e+01	4.353300000000000125e+01	4.479200000000000159e+01	4.628000000000000114e+01	4.797399999999999665e+01	4.985000000000000142e+01	5.177300000000000324e+01	5.355799999999999983e+01	5.575600000000000023e+01	5.767799999999999727e+01	5.960099999999999909e+01	6.124900000000000233e+01	6.292000000000000171e+01	6.470499999999999829e+01	6.594100000000000250e+01	6.729099999999999682e+01	6.859600000000000364e+01	6.875600000000000023e+01	7.076999999999999602e+01	7.179999999999999716e+01	7.198300000000000409e+01	7.296800000000000352e+01	7.388299999999999557e+01	7.500499999999999545e+01	7.482099999999999795e+01	7.740800000000000125e+01	7.784300000000000352e+01	7.823199999999999932e+01	7.878100000000000591e+01	7.852899999999999636e+01	7.962800000000000011e+01	8.065800000000000125e+01	8.125300000000000011e+01	8.166500000000000625e+01	8.246599999999999397e+01	8.319899999999999807e+01	8.377100000000000080e+01	8.374800000000000466e+01	8.425100000000000477e+01	8.475499999999999545e+01	8.580800000000000693e+01	8.599099999999999966e+01	8.606000000000000227e+01	8.699800000000000466e+01	8.640300000000000580e+01	8.727299999999999613e+01	8.802800000000000580e+01	8.818800000000000239e+01	8.830299999999999727e+01	8.889799999999999613e+01	8.914900000000000091e+01	8.914900000000000091e+01	8.944700000000000273e+01	8.958400000000000318e+01	9.054600000000000648e+01	9.024800000000000466e+01	9.134699999999999420e+01	9.084300000000000352e+01	9.182699999999999818e+01	9.159900000000000375e+01	9.235399999999999920e+01	9.246800000000000352e+01	9.271999999999999886e+01	9.253700000000000614e+01	9.352100000000000080e+01	9.404800000000000182e+01	9.555800000000000693e+01	9.548999999999999488e+01	9.622199999999999420e+01	9.654200000000000159e+01	9.720600000000000307e+01	9.757200000000000273e+01	9.711499999999999488e+01	9.812199999999999989e+01	9.876300000000000523e+01	9.915200000000000102e+01	9.951800000000000068e+01	1.000439999999999969e+02	1.005250000000000057e+02	1.012570000000000050e+02	1.018070000000000022e+02	1.016460000000000008e+02	1.026760000000000019e+02	1.031110000000000042e+02	1.034549999999999983e+02	1.038670000000000044e+02	1.042099999999999937e+02	1.044849999999999994e+02	1.047590000000000003e+02	1.053769999999999953e+02	1.059270000000000067e+02	1.063840000000000003e+02	1.065220000000000056e+02
0.000000000000000000e+00	2.263640000000000043e+02	2.068410000000000082e+02	1.879809999999999945e+02	1.710430000000000064e+02	1.557539999999999907e+02	1.429819999999999993e+02	1.321560000000000059e+02	1.240540000000000020e+02	1.177369999999999948e+02	1.123119999999999976e+02	1.082150000000000034e+02	1.048280000000000030e+02	1.018979999999999961e+02	9.963200000000000500e+01	9.766400000000000148e+01	9.587900000000000489e+01	9.459699999999999420e+01	9.326900000000000546e+01	9.219400000000000261e+01	9.150700000000000500e+01	9.079699999999999704e+01	9.029399999999999693e+01	8.983599999999999852e+01	8.935500000000000398e+01	8.898900000000000432e+01	8.859999999999999432e+01	8.828000000000000114e+01	8.816500000000000625e+01	8.786799999999999500e+01	8.784499999999999886e+01	8.777599999999999625e+01	8.773000000000000398e+01	8.773000000000000398e+01	8.786799999999999500e+01	8.793600000000000705e+01	8.798199999999999932e+01	8.789100000000000534e+01	8.814199999999999591e+01	8.823399999999999466e+01	8.828000000000000114e+01	8.857699999999999818e+01	8.864600000000000080e+01	8.873699999999999477e+01	8.887500000000000000e+01	8.912699999999999534e+01	8.965300000000000580e+01	8.962999999999999545e+01	8.983599999999999852e+01	9.006499999999999773e+01	9.011100000000000421e+01	9.038500000000000512e+01	9.047700000000000387e+01	9.072899999999999920e+01	9.088899999999999579e+01	9.109499999999999886e+01	9.132399999999999807e+01	9.153000000000000114e+01	9.162099999999999511e+01	9.182699999999999818e+01	9.214799999999999613e+01	9.212500000000000000e+01	9.242199999999999704e+01	9.271999999999999886e+01	9.235399999999999920e+01	9.265099999999999625e+01	9.285699999999999932e+01	9.299500000000000455e+01	9.324599999999999511e+01	9.338400000000000034e+01	9.349800000000000466e+01	9.377299999999999613e+01	9.406999999999999318e+01	9.448199999999999932e+01	9.464300000000000068e+01	9.482599999999999341e+01	9.484900000000000375e+01	9.507800000000000296e+01	9.521500000000000341e+01	9.539799999999999613e+01	9.546699999999999875e+01	9.567300000000000182e+01	9.576399999999999579e+01	9.601600000000000534e+01	9.617600000000000193e+01	9.622199999999999420e+01	9.654200000000000159e+01	9.665699999999999648e+01	9.668000000000000682e+01	9.697700000000000387e+01	9.709199999999999875e+01	9.715999999999999659e+01	9.732099999999999795e+01	9.750400000000000489e+01	9.777800000000000580e+01	9.793899999999999295e+01	9.805299999999999727e+01	9.814499999999999602e+01	9.846500000000000341e+01	9.876300000000000523e+01	9.885399999999999920e+01	9.906000000000000227e+01	9.926600000000000534e+01	9.917400000000000659e+01	9.949500000000000455e+01	9.956399999999999295e+01	9.960899999999999466e+01	9.986100000000000421e+01	1.000669999999999931e+02	1.001129999999999995e+02	1.002960000000000065e+02	1.003419999999999987e+02	1.004330000000000069e+02	1.003649999999999949e+02	1.004789999999999992e+02	1.005480000000000018e+02	1.006389999999999958e+02	1.007770000000000010e+02	1.007999999999999972e+02	1.008449999999999989e+02	1.008220000000000027e+02	1.009830000000000041e+02	1.013259999999999934e+02	1.014399999999999977e+02	1.013949999999999960e+02	1.014860000000000042e+02	1.016009999999999991e+02	1.015090000000000003e+02	1.016009999999999991e+02	1.016689999999999969e+02	1.017379999999999995e+02	1.017379999999999995e+02	1.017379999999999995e+02	1.017379999999999995e+02	1.018299999999999983e+02	1.018299999999999983e+02	1.018520000000000039e+02	1.017840000000000060e+02	1.018750000000000000e+02	1.018520000000000039e+02	1.019210000000000065e+02	1.020580000000000069e+02	1.020810000000000031e+02	1.021959999999999980e+02	1.020810000000000031e+02	1.021500000000000057e+02	1.021500000000000057e+02	1.023100000000000023e+02	1.023329999999999984e+02	1.023790000000000049e+02	1.023559999999999945e+02	1.023559999999999945e+02	1.024249999999999972e+02	1.026310000000000002e+02	1.025160000000000053e+02	1.027680000000000007e+02	1.027680000000000007e+02	1.027680000000000007e+02	1.027909999999999968e+02	1.029740000000000038e+02	1.031569999999999965e+02	1.032259999999999991e+02	1.032710000000000008e+02	1.032489999999999952e+02	1.032710000000000008e+02	1.033169999999999931e+02	1.033400000000000034e+02	1.032939999999999969e+02	1.033169999999999931e+02	1.032259999999999991e+02	1.034090000000000060e+02	1.034090000000000060e+02	1.033629999999999995e+02	1.043700000000000045e+02	1.041640000000000015e+02	1.040040000000000049e+02	1.041179999999999950e+02	1.041869999999999976e+02	1.040499999999999972e+02	1.041640000000000015e+02	1.040499999999999972e+02	1.040729999999999933e+02	1.040270000000000010e+02	1.040499999999999972e+02	1.040949999999999989e+02	1.041410000000000053e+02	1.042330000000000041e+02	1.040499999999999972e+02	1.041640000000000015e+02	1.044159999999999968e+02
1.000000000000000000e+00	2.787780000000000200e+02	2.579730000000000132e+02	2.398449999999999989e+02	2.222210000000000036e+02	2.069780000000000086e+02	1.926500000000000057e+02	1.794430000000000121e+02	1.691210000000000093e+02	1.593480000000000132e+02	1.510389999999999873e+02	1.478120000000000118e+02	1.473079999999999927e+02	1.410370000000000061e+02	1.366879999999999882e+02	1.324310000000000116e+02	1.296839999999999975e+02	1.264110000000000014e+02	1.250150000000000006e+02	1.225660000000000025e+02	1.225660000000000025e+02	1.203229999999999933e+02	1.198199999999999932e+02	1.190639999999999930e+02	1.186520000000000010e+02	1.166839999999999975e+02	1.160889999999999986e+02	1.155400000000000063e+02	1.149669999999999987e+02	1.142349999999999994e+02	1.131359999999999957e+02	1.120379999999999967e+02	1.125639999999999930e+02	1.122660000000000053e+02	1.119000000000000057e+02	1.125870000000000033e+02	1.121520000000000010e+02	1.123119999999999976e+02	1.118319999999999936e+02	1.120379999999999967e+02	1.123810000000000002e+02	1.114879999999999995e+02	1.125409999999999968e+02	1.125870000000000033e+02	1.124500000000000028e+02	1.119000000000000057e+02	1.121979999999999933e+02	1.116940000000000026e+02	1.118089999999999975e+02	1.121749999999999972e+02	1.128389999999999986e+02	1.129989999999999952e+02	1.134110000000000014e+02	1.140289999999999964e+02	1.145780000000000030e+02	1.140289999999999964e+02	1.150589999999999975e+02	1.151730000000000018e+02	1.161350000000000051e+02	1.155400000000000063e+02	1.167759999999999962e+02	1.165240000000000009e+02	1.180799999999999983e+02	1.180570000000000022e+02	1.180340000000000060e+02	1.177139999999999986e+02	1.181719999999999970e+02	1.184009999999999962e+02	1.184689999999999941e+02	1.185610000000000070e+02	1.189959999999999951e+02	1.193389999999999986e+02	1.191329999999999956e+02	1.192469999999999999e+02	1.197969999999999970e+02	1.202090000000000032e+02	1.200709999999999980e+02	1.209410000000000025e+02	1.219249999999999972e+02	1.212390000000000043e+02	1.214449999999999932e+02	1.223829999999999956e+02	1.224749999999999943e+02	1.224980000000000047e+02	1.222690000000000055e+02	1.222690000000000055e+02	1.231839999999999975e+02	1.234590000000000032e+02	1.237109999999999985e+02	1.244200000000000017e+02	1.254959999999999951e+02	1.249240000000000066e+02	1.256560000000000059e+02	1.265259999999999962e+02	1.265259999999999962e+02	1.278760000000000048e+02	1.290660000000000025e+02	1.297069999999999936e+02	1.301419999999999959e+02	1.315159999999999911e+02	1.330490000000000066e+02	1.335749999999999886e+02	1.360699999999999932e+02	1.372599999999999909e+02	1.388629999999999995e+02	1.403499999999999943e+02	1.423189999999999884e+02	1.435089999999999861e+02	1.451570000000000107e+02	1.474689999999999941e+02	1.494370000000000118e+02	1.518629999999999995e+02	1.530759999999999934e+02	1.555020000000000095e+02	1.588209999999999980e+02	1.617510000000000048e+02	1.642230000000000132e+02	1.660540000000000020e+02	1.678849999999999909e+02	1.705399999999999920e+02	1.726229999999999905e+02	1.756440000000000055e+02	1.789170000000000016e+02	1.807940000000000111e+02	1.835180000000000007e+02	1.864010000000000105e+02	1.882549999999999955e+02	1.912079999999999984e+02	1.935879999999999939e+02	1.959000000000000057e+02	1.984629999999999939e+02	2.007750000000000057e+02	2.028350000000000080e+02	2.056270000000000095e+02	2.090149999999999864e+02	2.090840000000000032e+02	2.120360000000000014e+02	2.140500000000000114e+02	2.162930000000000064e+02	2.187880000000000109e+02	2.213969999999999914e+02	2.219240000000000066e+02	2.240070000000000050e+02	2.256090000000000089e+02	2.274859999999999900e+02	2.283100000000000023e+02	2.298199999999999932e+02	2.304379999999999882e+02	2.314000000000000057e+02	2.330699999999999932e+02	2.337570000000000050e+02	2.348559999999999945e+02	2.351759999999999877e+02	2.366639999999999873e+02	2.366179999999999950e+02	2.370759999999999934e+02	2.376250000000000000e+02	2.387239999999999895e+02	2.388149999999999977e+02	2.387920000000000016e+02	2.392729999999999961e+02	2.392270000000000039e+02	2.397769999999999868e+02	2.404629999999999939e+02	2.407379999999999995e+02	2.412189999999999941e+02	2.418139999999999930e+02	2.416080000000000041e+02	2.419050000000000011e+02	2.421109999999999900e+02	2.421570000000000107e+02	2.426599999999999966e+02	2.425920000000000130e+02	2.436450000000000102e+02	2.442860000000000014e+02	2.444000000000000057e+02	2.444689999999999941e+02	2.445600000000000023e+02	2.445600000000000023e+02	2.441020000000000039e+02	2.439879999999999995e+02	2.447659999999999911e+02	2.440569999999999879e+02	2.449490000000000123e+02	2.443309999999999889e+02	2.441250000000000000e+02	2.438959999999999866e+02	2.440569999999999879e+02	2.442860000000000014e+02	2.444459999999999980e+02
0.000000000000000000e+00	2.227019999999999982e+02	2.068859999999999957e+02	1.917570000000000050e+02	1.777949999999999875e+02	1.646119999999999948e+02	1.525269999999999868e+02	1.417239999999999895e+02	1.326599999999999966e+02	1.264110000000000014e+02	1.208040000000000020e+02	1.163640000000000043e+02	1.126329999999999956e+02	1.094509999999999934e+02	1.068880000000000052e+02	1.046449999999999960e+02	1.026539999999999964e+02	1.011200000000000045e+02	9.970099999999999341e+01	9.860200000000000387e+01	9.743500000000000227e+01	9.587900000000000489e+01	9.406999999999999318e+01	9.217100000000000648e+01	9.024800000000000466e+01	8.862300000000000466e+01	8.702100000000000080e+01	8.537300000000000466e+01	8.397700000000000387e+01	8.255800000000000693e+01	8.139000000000000057e+01	8.035999999999999943e+01	7.944499999999999318e+01	7.873499999999999943e+01	7.800300000000000011e+01	7.740800000000000125e+01	7.692700000000000671e+01	7.649200000000000443e+01	7.619499999999999318e+01	7.585099999999999909e+01	7.566800000000000637e+01	7.548499999999999943e+01	7.546200000000000330e+01	7.527899999999999636e+01	7.546200000000000330e+01	7.566800000000000637e+01	7.569100000000000250e+01	7.578300000000000125e+01	7.592000000000000171e+01	7.598900000000000432e+01	7.614900000000000091e+01	7.626300000000000523e+01	7.644700000000000273e+01	7.653799999999999670e+01	7.665300000000000580e+01	7.685899999999999466e+01	7.706499999999999773e+01	7.727100000000000080e+01	7.756799999999999784e+01	7.781999999999999318e+01	7.795699999999999363e+01	7.809399999999999409e+01	7.850600000000000023e+01	7.866700000000000159e+01	7.882699999999999818e+01	7.914700000000000557e+01	7.939900000000000091e+01	7.955899999999999750e+01	7.981100000000000705e+01	8.015399999999999636e+01	8.047499999999999432e+01	8.097799999999999443e+01	8.116100000000000136e+01	8.136700000000000443e+01	8.166500000000000625e+01	8.187099999999999511e+01	8.216899999999999693e+01	8.242000000000000171e+01	8.287800000000000011e+01	8.315300000000000580e+01	8.354200000000000159e+01	8.383899999999999864e+01	8.397700000000000387e+01	8.434300000000000352e+01	8.470900000000000318e+01	8.473199999999999932e+01	8.509799999999999898e+01	8.537300000000000466e+01	8.560200000000000387e+01	8.589900000000000091e+01	8.624299999999999500e+01	8.647199999999999420e+01	8.674599999999999511e+01	8.699800000000000466e+01	8.720399999999999352e+01	8.761599999999999966e+01	8.798199999999999932e+01	8.802800000000000580e+01	8.855400000000000205e+01	8.876000000000000512e+01	8.905800000000000693e+01	8.912699999999999534e+01	8.953900000000000148e+01	8.992799999999999727e+01	9.029399999999999693e+01	9.079699999999999704e+01	9.116400000000000148e+01	9.168999999999999773e+01	9.223900000000000432e+01	9.249099999999999966e+01	9.285699999999999932e+01	9.333799999999999386e+01	9.386400000000000432e+01	9.429900000000000659e+01	9.450499999999999545e+01	9.480299999999999727e+01	9.512300000000000466e+01	9.555800000000000693e+01	9.612999999999999545e+01	9.654200000000000159e+01	9.681699999999999307e+01	9.722899999999999920e+01	9.759499999999999886e+01	9.805299999999999727e+01	9.837300000000000466e+01	9.876300000000000523e+01	9.892300000000000182e+01	9.926600000000000534e+01	9.965500000000000114e+01	1.000669999999999931e+02	1.003880000000000052e+02	1.008220000000000027e+02	1.012120000000000033e+02	1.014180000000000064e+02	1.018299999999999983e+02	1.022420000000000044e+02	1.025619999999999976e+02	1.029969999999999999e+02	1.033629999999999995e+02	1.036149999999999949e+02	1.040729999999999933e+02	1.044620000000000033e+02	1.048050000000000068e+02	1.051029999999999944e+02	1.052399999999999949e+02	1.056520000000000010e+02	1.060870000000000033e+02	1.063840000000000003e+02	1.065900000000000034e+02	1.069339999999999975e+02	1.071170000000000044e+02	1.070709999999999980e+02	1.073229999999999933e+02	1.072540000000000049e+02	1.073460000000000036e+02	1.074830000000000041e+02	1.075739999999999981e+02	1.075739999999999981e+02	1.077120000000000033e+02	1.077120000000000033e+02	1.077800000000000011e+02	1.077800000000000011e+02	1.079639999999999986e+02	1.080319999999999965e+02	1.082840000000000060e+02	1.082150000000000034e+02	1.081919999999999931e+02	1.082609999999999957e+02	1.083070000000000022e+02	1.081239999999999952e+02	1.084210000000000065e+02	1.083760000000000048e+02	1.083070000000000022e+02	1.084669999999999987e+02	1.084440000000000026e+02	1.085360000000000014e+02	1.085130000000000052e+02	1.085819999999999936e+02	1.085589999999999975e+02	1.086500000000000057e+02	1.087189999999999941e+02	1.085589999999999975e+02	1.089710000000000036e+02	1.089020000000000010e+02	1.089939999999999998e+02	1.089710000000000036e+02	1.088329999999999984e+02	1.087879999999999967e+02	1.088790000000000049e+02	1.089020000000000010e+02
1.000000000000000000e+00	5.346449999999999818e+02	4.759139999999999873e+02	4.214859999999999900e+02	3.724820000000000277e+02	3.275989999999999895e+02	2.881159999999999854e+02	2.595520000000000209e+02	2.376709999999999923e+02	2.227479999999999905e+02	2.079850000000000136e+02	1.967930000000000064e+02	1.863100000000000023e+02	1.786189999999999998e+02	1.726910000000000025e+02	1.674039999999999964e+02	1.623689999999999998e+02	1.588899999999999864e+02	1.558230000000000075e+02	1.533739999999999952e+02	1.502379999999999995e+02	1.481779999999999973e+02	1.465529999999999973e+02	1.452709999999999866e+02	1.442410000000000139e+02	1.425929999999999893e+02	1.410829999999999984e+02	1.397319999999999993e+02	1.387709999999999866e+02	1.381299999999999955e+02	1.378329999999999984e+02	1.373290000000000077e+02	1.368480000000000132e+02	1.360929999999999893e+02	1.361390000000000100e+02	1.358870000000000005e+02	1.363449999999999989e+02	1.365509999999999877e+02	1.363909999999999911e+02	1.365970000000000084e+02	1.364819999999999993e+02	1.366200000000000045e+02	1.370320000000000107e+02	1.371229999999999905e+02	1.363449999999999989e+02	1.364360000000000070e+02	1.366649999999999920e+02	1.365509999999999877e+02	1.365740000000000123e+02	1.367570000000000050e+02	1.370999999999999943e+02	1.372829999999999870e+02	1.374439999999999884e+02	1.378100000000000023e+02	1.379010000000000105e+02	1.380620000000000118e+02	1.382680000000000007e+02	1.381759999999999877e+02	1.376949999999999932e+02	1.379470000000000027e+02	1.383360000000000127e+02	1.384509999999999934e+02	1.386800000000000068e+02	1.386109999999999900e+02	1.387249999999999943e+02	1.389079999999999870e+02	1.394809999999999945e+02	1.398240000000000123e+02	1.400070000000000050e+02	1.403729999999999905e+02	1.405329999999999870e+02	1.405109999999999957e+02	1.407170000000000130e+02	1.409230000000000018e+02	1.408540000000000134e+02	1.411510000000000105e+02	1.413799999999999955e+02	1.415180000000000007e+02	1.418149999999999977e+02	1.417470000000000141e+02	1.415629999999999882e+02	1.417920000000000016e+02	1.419979999999999905e+02	1.459350000000000023e+02	1.448360000000000127e+02	1.450879999999999939e+02	1.453629999999999995e+02	1.456829999999999927e+02	1.454089999999999918e+02	1.454319999999999879e+02	1.457059999999999889e+02	1.458660000000000139e+02	1.458660000000000139e+02	1.463009999999999877e+02	1.461870000000000118e+02	1.476289999999999907e+02	1.469879999999999995e+02	1.471709999999999923e+02	1.471709999999999923e+02	1.475600000000000023e+02	1.477889999999999873e+02	1.479490000000000123e+02	1.485440000000000111e+02	1.487959999999999923e+02	1.490709999999999980e+02	1.497800000000000011e+02	1.501690000000000111e+02	1.504900000000000091e+02	1.511080000000000041e+02	1.519780000000000086e+02	1.526179999999999950e+02	1.534650000000000034e+02	1.546550000000000011e+02	1.559370000000000118e+02	1.577450000000000045e+02	1.599430000000000121e+02	1.621860000000000070e+02	1.651150000000000091e+02	1.686169999999999902e+02	1.723249999999999886e+02	1.769259999999999877e+02	1.820980000000000132e+02	1.872709999999999866e+02	1.931759999999999877e+02	1.992189999999999941e+02	2.051469999999999914e+02	2.114869999999999948e+02	2.175519999999999925e+02	2.230449999999999875e+02	2.285159999999999911e+02	2.338940000000000055e+02	2.385409999999999968e+02	2.431179999999999950e+02	2.473979999999999961e+02	2.511980000000000075e+02	2.548139999999999930e+02	2.581560000000000059e+02	2.611770000000000209e+02	2.639239999999999782e+02	2.665099999999999909e+02	2.685009999999999764e+02	2.703319999999999936e+02	2.716370000000000005e+02	2.732389999999999759e+02	2.741320000000000050e+02	2.753679999999999950e+02	2.766949999999999932e+02	2.774279999999999973e+02	2.781829999999999927e+02	2.790299999999999727e+02	2.794420000000000073e+02	2.798079999999999927e+02	2.801059999999999945e+02	2.805400000000000205e+02	2.811360000000000241e+02	2.815930000000000177e+02	2.817760000000000105e+02	2.828980000000000246e+02	2.831039999999999850e+02	2.832180000000000177e+02	2.832180000000000177e+02	2.833100000000000023e+02	2.831499999999999773e+02	2.833330000000000268e+02	2.834929999999999950e+02	2.836990000000000123e+02	2.836990000000000123e+02	2.836759999999999877e+02	2.834700000000000273e+02	2.832640000000000100e+02	2.834929999999999950e+02	2.832869999999999777e+02	2.828519999999999754e+02	2.831270000000000095e+02	2.829440000000000168e+02	2.829440000000000168e+02	2.830120000000000005e+02	2.830120000000000005e+02	2.839279999999999973e+02	2.835849999999999795e+02	2.832869999999999777e+02	2.825779999999999745e+02	2.826689999999999827e+02	2.825090000000000146e+02	2.823489999999999895e+02	2.824630000000000223e+02	2.823489999999999895e+02	2.825550000000000068e+02	2.826000000000000227e+02	2.820969999999999800e+02
1.000000000000000000e+00	3.278960000000000150e+02	3.014599999999999795e+02	2.784580000000000268e+02	2.569889999999999759e+02	2.379459999999999980e+02	2.199329999999999927e+02	2.039569999999999936e+02	1.910480000000000018e+02	1.814120000000000061e+02	1.730349999999999966e+02	1.661450000000000102e+02	1.598739999999999952e+02	1.549989999999999952e+02	1.511990000000000123e+02	1.481090000000000089e+02	1.450420000000000016e+02	1.427309999999999945e+02	1.408540000000000134e+02	1.386109999999999900e+02	1.367570000000000050e+02	1.351779999999999973e+02	1.335300000000000011e+02	1.323170000000000073e+02	1.311040000000000134e+02	1.299590000000000032e+02	1.291119999999999948e+02	1.283340000000000032e+02	1.274869999999999948e+02	1.270750000000000028e+02	1.266400000000000006e+02	1.262049999999999983e+02	1.259989999999999952e+02	1.258619999999999948e+02	1.255870000000000033e+02	1.257249999999999943e+02	1.257930000000000064e+02	1.256560000000000059e+02	1.258389999999999986e+02	1.259539999999999935e+02	1.259080000000000013e+02	1.262279999999999944e+02	1.263659999999999997e+02	1.265490000000000066e+02	1.270289999999999964e+02	1.273040000000000020e+02	1.275100000000000051e+02	1.278310000000000031e+02	1.281049999999999898e+02	1.283340000000000032e+02	1.285629999999999882e+02	1.285860000000000127e+02	1.284480000000000075e+02	1.281049999999999898e+02	1.274639999999999986e+02	1.270520000000000067e+02	1.265490000000000066e+02	1.260450000000000017e+02	1.257249999999999943e+02	1.254729999999999990e+02	1.250840000000000032e+02	1.245349999999999966e+02	1.243520000000000039e+02	1.240310000000000059e+02	1.238020000000000067e+02	1.238020000000000067e+02	1.236880000000000024e+02	1.235280000000000058e+02	1.235729999999999933e+02	1.233900000000000006e+02	1.233220000000000027e+02	1.233670000000000044e+02	1.233220000000000027e+02	1.233220000000000027e+02	1.233900000000000006e+02	1.235280000000000058e+02	1.232530000000000001e+02	1.237560000000000002e+02	1.238020000000000067e+02	1.238709999999999951e+02	1.243289999999999935e+02	1.245570000000000022e+02	1.248550000000000040e+02	1.253589999999999947e+02	1.255420000000000016e+02	1.257930000000000064e+02	1.262740000000000009e+02	1.265949999999999989e+02	1.268919999999999959e+02	1.273960000000000008e+02	1.278529999999999944e+02	1.283110000000000070e+02	1.289060000000000059e+02	1.294559999999999889e+02	1.298449999999999989e+02	1.304399999999999977e+02	1.312640000000000100e+02	1.317439999999999998e+02	1.325449999999999875e+02	1.332319999999999993e+02	1.339869999999999948e+02	1.349490000000000123e+02	1.358640000000000043e+02	1.367110000000000127e+02	1.378779999999999859e+02	1.390910000000000082e+02	1.399610000000000127e+02	1.414490000000000123e+02	1.425699999999999932e+02	1.438060000000000116e+02	1.455459999999999923e+02	1.470109999999999957e+02	1.486129999999999995e+02	1.506959999999999980e+02	1.525039999999999907e+02	1.542889999999999873e+02	1.565089999999999861e+02	1.587299999999999898e+02	1.609269999999999925e+02	1.633069999999999879e+02	1.657330000000000041e+02	1.679759999999999991e+02	1.705629999999999882e+02	1.731030000000000086e+02	1.755749999999999886e+02	1.782529999999999859e+02	1.808400000000000034e+02	1.834259999999999877e+02	1.862410000000000139e+02	1.891020000000000039e+02	1.913909999999999911e+02	1.942059999999999889e+02	1.968839999999999861e+02	1.995159999999999911e+02	2.022170000000000130e+02	2.044830000000000041e+02	2.068180000000000121e+02	2.092899999999999920e+02	2.116469999999999914e+02	2.137990000000000066e+02	2.161330000000000098e+02	2.183990000000000009e+02	2.207110000000000127e+02	2.230219999999999914e+02	2.251510000000000105e+02	2.271649999999999920e+02	2.289730000000000132e+02	2.309879999999999995e+02	2.325670000000000073e+02	2.343979999999999961e+02	2.359089999999999918e+02	2.372589999999999861e+02	2.389070000000000107e+02	2.405089999999999861e+02	2.418820000000000050e+02	2.431639999999999873e+02	2.445370000000000061e+02	2.457500000000000000e+02	2.471009999999999991e+02	2.484509999999999934e+02	2.497330000000000041e+02	2.508089999999999975e+02	2.524339999999999975e+02	2.534639999999999986e+02	2.550200000000000102e+02	2.562330000000000041e+02	2.575149999999999864e+02	2.585679999999999836e+02	2.598269999999999982e+02	2.608570000000000277e+02	2.620930000000000177e+02	2.634660000000000082e+02	2.641070000000000277e+02	2.651820000000000164e+02	2.654340000000000259e+02	2.663729999999999905e+02	2.666240000000000236e+02	2.671050000000000182e+02	2.673570000000000277e+02	2.679750000000000227e+02	2.682269999999999754e+02	2.690049999999999955e+02	2.691419999999999959e+02	2.699889999999999759e+02	2.704929999999999950e+02	2.703550000000000182e+02	2.705609999999999786e+02	2.706759999999999877e+02	2.708360000000000127e+02	2.708589999999999804e+02
1.000000000000000000e+00	2.779540000000000077e+02	2.467580000000000098e+02	2.183760000000000048e+02	1.928100000000000023e+02	1.713180000000000121e+02	1.539459999999999980e+02	1.414950000000000045e+02	1.314470000000000027e+02	1.234819999999999993e+02	1.173250000000000028e+02	1.116260000000000048e+02	1.073679999999999950e+02	1.045300000000000011e+02	1.016460000000000008e+02	9.933499999999999375e+01	9.722899999999999920e+01	9.553499999999999659e+01	9.432200000000000273e+01	9.297199999999999420e+01	9.201000000000000512e+01	9.120900000000000318e+01	9.075199999999999534e+01	9.038500000000000512e+01	8.992799999999999727e+01	8.958400000000000318e+01	8.974500000000000455e+01	8.953900000000000148e+01	8.933299999999999841e+01	8.910399999999999920e+01	8.914900000000000091e+01	8.898900000000000432e+01	8.901200000000000045e+01	8.910399999999999920e+01	8.905800000000000693e+01	8.921800000000000352e+01	8.940099999999999625e+01	8.935500000000000398e+01	8.960699999999999932e+01	8.985899999999999466e+01	9.011100000000000421e+01	9.027100000000000080e+01	9.043099999999999739e+01	9.070600000000000307e+01	9.095799999999999841e+01	9.114100000000000534e+01	9.143800000000000239e+01	9.168999999999999773e+01	9.194199999999999307e+01	9.219400000000000261e+01	9.251399999999999579e+01	9.281199999999999761e+01	9.306300000000000239e+01	9.329200000000000159e+01	9.365800000000000125e+01	9.400199999999999534e+01	9.429900000000000659e+01	9.484900000000000375e+01	9.519199999999999307e+01	9.544400000000000261e+01	9.592400000000000659e+01	9.629099999999999682e+01	9.663400000000000034e+01	9.713700000000000045e+01	9.748099999999999454e+01	9.798399999999999466e+01	9.846500000000000341e+01	9.896899999999999409e+01	9.956399999999999295e+01	1.003190000000000026e+02	1.008910000000000053e+02	1.016009999999999991e+02	1.024020000000000010e+02	1.031340000000000003e+02	1.040499999999999972e+02	1.050570000000000022e+02	1.063389999999999986e+02	1.081009999999999991e+02	1.096569999999999965e+02	1.110310000000000059e+02	1.131590000000000060e+02	1.150130000000000052e+02	1.172330000000000041e+02	1.197510000000000048e+02	1.225430000000000064e+02	1.256329999999999956e+02	1.290440000000000111e+02	1.325229999999999961e+02	1.365279999999999916e+02	1.408309999999999889e+02	1.449509999999999934e+02	1.491390000000000100e+02	1.534879999999999995e+02	1.580430000000000064e+02	1.626430000000000007e+02	1.673360000000000127e+02	1.718439999999999941e+02	1.763309999999999889e+02	1.811599999999999966e+02	1.850970000000000084e+02	1.891250000000000000e+02	1.931080000000000041e+02	1.965639999999999930e+02	2.002940000000000111e+02	2.032239999999999895e+02	2.065889999999999986e+02	2.091519999999999868e+02	2.118760000000000048e+02	2.145310000000000059e+02	2.166140000000000043e+02	2.187419999999999902e+02	2.207110000000000127e+02	2.225420000000000016e+02	2.241670000000000016e+02	2.256769999999999925e+02	2.265469999999999970e+02	2.284470000000000027e+02	2.297290000000000134e+02	2.307129999999999939e+02	2.317429999999999950e+02	2.320860000000000127e+02	2.335049999999999955e+02	2.343750000000000000e+02	2.350620000000000118e+02	2.356800000000000068e+02	2.366409999999999911e+02	2.373280000000000030e+02	2.378079999999999927e+02	2.384720000000000084e+02	2.390209999999999866e+02	2.395939999999999941e+02	2.396620000000000061e+02	2.407150000000000034e+02	2.412410000000000139e+02	2.411500000000000057e+02	2.420430000000000064e+02	2.426150000000000091e+02	2.429579999999999984e+02	2.432789999999999964e+02	2.436220000000000141e+02	2.439879999999999995e+02	2.438050000000000068e+02	2.439879999999999995e+02	2.447429999999999950e+02	2.444230000000000018e+02	2.444000000000000057e+02	2.446980000000000075e+02	2.447429999999999950e+02	2.448350000000000080e+02	2.449490000000000123e+02	2.450869999999999891e+02	2.452239999999999895e+02	2.458189999999999884e+02	2.456359999999999957e+02	2.460709999999999980e+02	2.461620000000000061e+02	2.458420000000000130e+02	2.458420000000000130e+02	2.466430000000000007e+02	2.460020000000000095e+02	2.460250000000000057e+02	2.459790000000000134e+02	2.459110000000000014e+02	2.457729999999999961e+02	2.457500000000000000e+02	2.456589999999999918e+02	2.454989999999999952e+02	2.453160000000000025e+02	2.457729999999999961e+02	2.449490000000000123e+02	2.448580000000000041e+02	2.452930000000000064e+02	2.449950000000000045e+02	2.446750000000000114e+02	2.450180000000000007e+02	2.449039999999999964e+02	2.449720000000000084e+02	2.443770000000000095e+02	2.442170000000000130e+02	2.441250000000000000e+02	2.439879999999999995e+02	2.441250000000000000e+02	2.441020000000000039e+02	2.440569999999999879e+02	2.439879999999999995e+02	2.439420000000000073e+02	2.438959999999999866e+02	2.438509999999999991e+02	2.439650000000000034e+02	2.438739999999999952e+02
0.000000000000000000e+00	2.550430000000000064e+02	2.352220000000000084e+02	2.176670000000000016e+02	2.026750000000000114e+02	1.889650000000000034e+02	1.752319999999999993e+02	1.648640000000000043e+02	1.542210000000000036e+02	1.456380000000000052e+02	1.374209999999999923e+02	1.292500000000000000e+02	1.220169999999999959e+02	1.154020000000000010e+02	1.094509999999999934e+02	1.042330000000000041e+02	9.960899999999999466e+01	9.555800000000000693e+01	9.237699999999999534e+01	8.931000000000000227e+01	8.644899999999999807e+01	8.404500000000000171e+01	8.168800000000000239e+01	7.955899999999999750e+01	7.791100000000000136e+01	7.905599999999999739e+01	7.763700000000000045e+01	7.692700000000000671e+01	7.596599999999999397e+01	7.495900000000000318e+01	7.408899999999999864e+01	7.342499999999999716e+01	7.308199999999999363e+01	7.278400000000000603e+01	7.344799999999999329e+01	7.294499999999999318e+01	7.340200000000000102e+01	7.298999999999999488e+01	7.264700000000000557e+01	7.342499999999999716e+01	7.376900000000000546e+01	7.372299999999999898e+01	7.351699999999999591e+01	7.349399999999999977e+01	7.340200000000000102e+01	7.385999999999999943e+01	7.392900000000000205e+01	7.372299999999999898e+01	7.365399999999999636e+01	7.452400000000000091e+01	7.466100000000000136e+01	7.470699999999999363e+01	7.434099999999999397e+01	7.422599999999999909e+01	7.450100000000000477e+01	7.418099999999999739e+01	7.408899999999999864e+01	7.392900000000000205e+01	7.404300000000000637e+01	7.379200000000000159e+01	7.356300000000000239e+01	7.360800000000000409e+01	7.351699999999999591e+01	7.367700000000000671e+01	7.367700000000000671e+01	7.354000000000000625e+01	7.360800000000000409e+01	7.356300000000000239e+01	7.354000000000000625e+01	7.420300000000000296e+01	7.429500000000000171e+01	7.493600000000000705e+01	7.534799999999999898e+01	7.553100000000000591e+01	7.530200000000000671e+01	7.537099999999999511e+01	7.509600000000000364e+01	7.523300000000000409e+01	7.550799999999999557e+01	7.576000000000000512e+01	7.580599999999999739e+01	7.559999999999999432e+01	7.530200000000000671e+01	7.511899999999999977e+01	7.525600000000000023e+01	7.502700000000000102e+01	7.539400000000000546e+01	7.543899999999999295e+01	7.539400000000000546e+01	7.521099999999999852e+01	7.546200000000000330e+01	7.580599999999999739e+01	7.589700000000000557e+01	7.601200000000000045e+01	7.594299999999999784e+01	7.587399999999999523e+01	7.640099999999999625e+01	7.692700000000000671e+01	7.706499999999999773e+01	7.695000000000000284e+01	7.713299999999999557e+01	7.713299999999999557e+01	7.731600000000000250e+01	7.770499999999999829e+01	7.749899999999999523e+01	7.763700000000000045e+01	7.775100000000000477e+01	7.791100000000000136e+01	7.786599999999999966e+01	7.798000000000000398e+01	7.807200000000000273e+01	7.809399999999999409e+01	7.814000000000000057e+01	7.823199999999999932e+01	7.855200000000000671e+01	7.866700000000000159e+01	7.878100000000000591e+01	7.926200000000000045e+01	7.949099999999999966e+01	7.958199999999999363e+01	8.008599999999999852e+01	7.997100000000000364e+01	8.015399999999999636e+01	8.033799999999999386e+01	8.070399999999999352e+01	8.095600000000000307e+01	8.106999999999999318e+01	8.168800000000000239e+01	8.248900000000000432e+01	8.278700000000000614e+01	8.308400000000000318e+01	8.361100000000000421e+01	8.388500000000000512e+01	8.457200000000000273e+01	8.512099999999999511e+01	8.553300000000000125e+01	8.603700000000000614e+01	8.651699999999999591e+01	8.709000000000000341e+01	8.798199999999999932e+01	8.837099999999999511e+01	8.896599999999999397e+01	8.953900000000000148e+01	9.001900000000000546e+01	9.091200000000000614e+01	9.148399999999999466e+01	9.226200000000000045e+01	9.304000000000000625e+01	9.406999999999999318e+01	9.473399999999999466e+01	9.553499999999999659e+01	9.631300000000000239e+01	9.732099999999999795e+01	9.860200000000000387e+01	9.933499999999999375e+01	1.006620000000000061e+02	1.014399999999999977e+02	1.017609999999999957e+02	1.025619999999999976e+02	1.034549999999999983e+02	1.040729999999999933e+02	1.050109999999999957e+02	1.072540000000000049e+02	1.096119999999999948e+02	1.099549999999999983e+02	1.107330000000000041e+02	1.110759999999999934e+02	1.119459999999999980e+02	1.123810000000000002e+02	1.127699999999999960e+02	1.140289999999999964e+02	1.144180000000000064e+02	1.165010000000000048e+02	1.182169999999999987e+02	1.189729999999999990e+02	1.193160000000000025e+02	1.198880000000000052e+02	1.201629999999999967e+02	1.205750000000000028e+02	1.208499999999999943e+02	1.210100000000000051e+02	1.212159999999999940e+02	1.213990000000000009e+02	1.220859999999999985e+02	1.225660000000000025e+02	1.230699999999999932e+02	1.230930000000000035e+02	1.232069999999999936e+02	1.232069999999999936e+02	1.235280000000000058e+02
1.000000000000000000e+00	2.227249999999999943e+02	2.062450000000000045e+02	1.889190000000000111e+02	1.738820000000000050e+02	1.595989999999999895e+02	1.475600000000000023e+02	1.368710000000000093e+02	1.276470000000000056e+02	1.204609999999999985e+02	1.145100000000000051e+02	1.097950000000000017e+02	1.059039999999999964e+02	1.027450000000000045e+02	1.000669999999999931e+02	9.780100000000000193e+01	9.608499999999999375e+01	9.439100000000000534e+01	9.246800000000000352e+01	9.008799999999999386e+01	8.775300000000000011e+01	8.580800000000000693e+01	8.395399999999999352e+01	8.242000000000000171e+01	8.120699999999999363e+01	8.031499999999999773e+01	7.932999999999999829e+01	7.878100000000000591e+01	7.823199999999999932e+01	7.788800000000000523e+01	7.756799999999999784e+01	7.717900000000000205e+01	7.692700000000000671e+01	7.667499999999999716e+01	7.653799999999999670e+01	7.644700000000000273e+01	7.637800000000000011e+01	7.637800000000000011e+01	7.637800000000000011e+01	7.637800000000000011e+01	7.651500000000000057e+01	7.660699999999999932e+01	7.676699999999999591e+01	7.683599999999999852e+01	7.695000000000000284e+01	7.717900000000000205e+01	7.720199999999999818e+01	7.747700000000000387e+01	7.768200000000000216e+01	7.779699999999999704e+01	7.802599999999999625e+01	7.827800000000000580e+01	7.850600000000000023e+01	7.887300000000000466e+01	7.905599999999999739e+01	7.985699999999999932e+01	8.017700000000000671e+01	8.052100000000000080e+01	8.065800000000000125e+01	8.097799999999999443e+01	8.116100000000000136e+01	8.152800000000000580e+01	8.171099999999999852e+01	8.205400000000000205e+01	8.230599999999999739e+01	8.251200000000000045e+01	8.274099999999999966e+01	8.299299999999999500e+01	8.333599999999999852e+01	8.351900000000000546e+01	8.377100000000000080e+01	8.406799999999999784e+01	8.461799999999999500e+01	8.470900000000000318e+01	8.505200000000000671e+01	8.528100000000000591e+01	8.548699999999999477e+01	8.594499999999999318e+01	8.612800000000000011e+01	8.649399999999999977e+01	8.679200000000000159e+01	8.704399999999999693e+01	8.745600000000000307e+01	8.759300000000000352e+01	8.795900000000000318e+01	8.830299999999999727e+01	8.873699999999999477e+01	8.892100000000000648e+01	8.940099999999999625e+01	8.985899999999999466e+01	9.056900000000000261e+01	9.095799999999999841e+01	9.132399999999999807e+01	9.184999999999999432e+01	9.233100000000000307e+01	9.292600000000000193e+01	9.365800000000000125e+01	9.434499999999999886e+01	9.523799999999999955e+01	9.612999999999999545e+01	9.720600000000000307e+01	9.867100000000000648e+01	1.003419999999999987e+02	1.023100000000000023e+02	1.045990000000000038e+02	1.072540000000000049e+02	1.102519999999999953e+02	1.136860000000000070e+02	1.175990000000000038e+02	1.219020000000000010e+02	1.265030000000000001e+02	1.317439999999999998e+02	1.369170000000000016e+02	1.421359999999999957e+02	1.475600000000000023e+02	1.533050000000000068e+02	1.591870000000000118e+02	1.652980000000000018e+02	1.698300000000000125e+02	1.751169999999999902e+02	1.800159999999999911e+02	1.855089999999999861e+02	1.898799999999999955e+02	1.940920000000000130e+02	1.980060000000000002e+02	2.018050000000000068e+02	2.052150000000000034e+02	2.086260000000000048e+02	2.117609999999999957e+02	2.144850000000000136e+02	2.171860000000000070e+02	2.194979999999999905e+02	2.218089999999999975e+02	2.241899999999999977e+02	2.261349999999999909e+02	2.281040000000000134e+02	2.300720000000000027e+02	2.318120000000000118e+02	2.335740000000000123e+02	2.351759999999999877e+02	2.367100000000000080e+02	2.383580000000000041e+02	2.400740000000000123e+02	2.411730000000000018e+02	2.427290000000000134e+02	2.441479999999999961e+02	2.451550000000000011e+02	2.459559999999999889e+02	2.471009999999999991e+02	2.482220000000000084e+02	2.493209999999999980e+02	2.501910000000000025e+02	2.511750000000000114e+02	2.522740000000000009e+02	2.533259999999999934e+02	2.543110000000000070e+02	2.550889999999999986e+02	2.559590000000000032e+02	2.565769999999999982e+02	2.574230000000000018e+02	2.576979999999999791e+02	2.583389999999999986e+02	2.588199999999999932e+02	2.595289999999999964e+02	2.599409999999999741e+02	2.606279999999999859e+02	2.612230000000000132e+02	2.611539999999999964e+02	2.615430000000000064e+02	2.619089999999999918e+02	2.619320000000000164e+02	2.624130000000000109e+02	2.627559999999999718e+02	2.630769999999999982e+02	2.639010000000000105e+02	2.641530000000000200e+02	2.644039999999999964e+02	2.644039999999999964e+02	2.656859999999999786e+02	2.658919999999999959e+02	2.667620000000000005e+02	2.669220000000000255e+02	2.669680000000000177e+02	2.672200000000000273e+02	2.674479999999999791e+02	2.676539999999999964e+02	2.678149999999999977e+02	2.682040000000000077e+02	2.683179999999999836e+02	2.685699999999999932e+02
0.000000000000000000e+00	4.332959999999999923e+02	3.780899999999999750e+02	3.292919999999999732e+02	2.897420000000000186e+02	2.575840000000000032e+02	2.343750000000000000e+02	2.127690000000000055e+02	1.979139999999999873e+02	1.899950000000000045e+02	1.809770000000000039e+02	1.739499999999999886e+02	1.679759999999999991e+02	1.631239999999999952e+02	1.592789999999999964e+02	1.556630000000000109e+02	1.523209999999999980e+02	1.497119999999999891e+02	1.468959999999999866e+02	1.441040000000000134e+02	1.419300000000000068e+02	1.400529999999999973e+02	1.381299999999999955e+02	1.364590000000000032e+02	1.348569999999999993e+02	1.335980000000000132e+02	1.326599999999999966e+02	1.320649999999999977e+02	1.311040000000000134e+02	1.307369999999999948e+02	1.303480000000000132e+02	1.298899999999999864e+02	1.296160000000000139e+02	1.276470000000000056e+02	1.254270000000000067e+02	1.232530000000000001e+02	1.212390000000000043e+02	1.196590000000000060e+02	1.184920000000000044e+02	1.183089999999999975e+02	1.180570000000000022e+02	1.194080000000000013e+02	1.197049999999999983e+02	1.201170000000000044e+02	1.209410000000000025e+02	1.195450000000000017e+02	1.172560000000000002e+02	1.155169999999999959e+02	1.143719999999999999e+02	1.133419999999999987e+02	1.123810000000000002e+02	1.120150000000000006e+02	1.113970000000000056e+02	1.112139999999999986e+02	1.113509999999999991e+02	1.110079999999999956e+02	1.118769999999999953e+02	1.121979999999999933e+02	1.124039999999999964e+02	1.127240000000000038e+02	1.129300000000000068e+02	1.134569999999999936e+02	1.136629999999999967e+02	1.139369999999999976e+02	1.141200000000000045e+02	1.146009999999999991e+02	1.151500000000000057e+02	1.156080000000000041e+02	1.164090000000000060e+02	1.171880000000000024e+02	1.179429999999999978e+02	1.187669999999999959e+02	1.199110000000000014e+02	1.207349999999999994e+02	1.217420000000000044e+02	1.225889999999999986e+02	1.232069999999999936e+02	1.240079999999999956e+02	1.249689999999999941e+02	1.257930000000000064e+02	1.268010000000000019e+02	1.277159999999999940e+02	1.287690000000000055e+02	1.300740000000000123e+02	1.309199999999999875e+02	1.317439999999999998e+02	1.326140000000000043e+02	1.334379999999999882e+02	1.343770000000000095e+02	1.355440000000000111e+02	1.362760000000000105e+02	1.370540000000000020e+02	1.379929999999999950e+02	1.388400000000000034e+02	1.395490000000000066e+02	1.404190000000000111e+02	1.412659999999999911e+02	1.430740000000000123e+02	1.441040000000000134e+02	1.447680000000000007e+02	1.454770000000000039e+02	1.463009999999999877e+02	1.470109999999999957e+02	1.476970000000000027e+02	1.505360000000000014e+02	1.509250000000000114e+02	1.520459999999999923e+02	1.527560000000000002e+02	1.532589999999999861e+02	1.531450000000000102e+02	1.537860000000000014e+02	1.541519999999999868e+02	1.546550000000000011e+02	1.551129999999999995e+02	1.556169999999999902e+02	1.558909999999999911e+02	1.563720000000000141e+02	1.568530000000000086e+02	1.570360000000000014e+02	1.574710000000000036e+02	1.578830000000000098e+02	1.580660000000000025e+02	1.586839999999999975e+02	1.591419999999999959e+02	1.593019999999999925e+02	1.598509999999999991e+02	1.601490000000000009e+02	1.602170000000000130e+02	1.604689999999999941e+02	1.612239999999999895e+02	1.611790000000000020e+02	1.612470000000000141e+02	1.613160000000000025e+02	1.612700000000000102e+02	1.616129999999999995e+02	1.615910000000000082e+02	1.614989999999999952e+02	1.616129999999999995e+02	1.617969999999999970e+02	1.615219999999999914e+02	1.618189999999999884e+02	1.617969999999999970e+02	1.616819999999999879e+02	1.617740000000000009e+02	1.618650000000000091e+02	1.619799999999999898e+02	1.621630000000000109e+02	1.625289999999999964e+02	1.623000000000000114e+02	1.625289999999999964e+02	1.624370000000000118e+02	1.623689999999999998e+02	1.624370000000000118e+02	1.626430000000000007e+02	1.624600000000000080e+02	1.625749999999999886e+02	1.626659999999999968e+02	1.626430000000000007e+02	1.626430000000000007e+02	1.627350000000000136e+02	1.628040000000000020e+02	1.629869999999999948e+02	1.630099999999999909e+02	1.630329999999999870e+02	1.632160000000000082e+02	1.633069999999999879e+02	1.632390000000000043e+02	1.633069999999999879e+02	1.632160000000000082e+02	1.632839999999999918e+02	1.633990000000000009e+02	1.634219999999999970e+02	1.633760000000000048e+02	1.634670000000000130e+02	1.633530000000000086e+02	1.632390000000000043e+02	1.633530000000000086e+02	1.634449999999999932e+02	1.629639999999999986e+02	1.630099999999999909e+02	1.635819999999999936e+02	1.634219999999999970e+02	1.634219999999999970e+02	1.634219999999999970e+02	1.632160000000000082e+02	1.633069999999999879e+02	1.632390000000000043e+02	1.633300000000000125e+02	1.648410000000000082e+02	1.645660000000000025e+02
0.000000000000000000e+00	4.400939999999999941e+02	4.019390000000000214e+02	3.741299999999999955e+02	3.458629999999999995e+02	3.207780000000000200e+02	2.987139999999999986e+02	2.798539999999999850e+02	2.631680000000000064e+02	2.478789999999999907e+02	2.346040000000000134e+02	2.231370000000000005e+02	2.120819999999999936e+02	2.039339999999999975e+02	1.964950000000000045e+02	1.902920000000000016e+02	1.853259999999999934e+02	1.810229999999999961e+02	1.767199999999999989e+02	1.722789999999999964e+02	1.677930000000000064e+02	1.634439999999999884e+02	1.595759999999999934e+02	1.560970000000000084e+02	1.529850000000000136e+02	1.501009999999999991e+02	1.476059999999999945e+02	1.454770000000000039e+02	1.435780000000000030e+02	1.419070000000000107e+02	1.413569999999999993e+02	1.400300000000000011e+02	1.389770000000000039e+02	1.378559999999999945e+02	1.370999999999999943e+02	1.364139999999999873e+02	1.357500000000000000e+02	1.351779999999999973e+02	1.345600000000000023e+02	1.341699999999999875e+02	1.341020000000000039e+02	1.338499999999999943e+02	1.338269999999999982e+02	1.338499999999999943e+02	1.338269999999999982e+02	1.336210000000000093e+02	1.336670000000000016e+02	1.339639999999999986e+02	1.339420000000000073e+02	1.341020000000000039e+02	1.343760000000000048e+02	1.344910000000000139e+02	1.346970000000000027e+02	1.350860000000000127e+02	1.354290000000000020e+02	1.357729999999999961e+02	1.359790000000000134e+02	1.363909999999999911e+02	1.368480000000000132e+02	1.370999999999999943e+02	1.376719999999999970e+02	1.378329999999999984e+02	1.383129999999999882e+02	1.389079999999999870e+02	1.393660000000000139e+02	1.400070000000000050e+02	1.404650000000000034e+02	1.409219999999999970e+02	1.415629999999999882e+02	1.420209999999999866e+02	1.426850000000000023e+02	1.430740000000000123e+02	1.436229999999999905e+02	1.441730000000000018e+02	1.449509999999999934e+02	1.457059999999999889e+02	1.463240000000000123e+02	1.469420000000000073e+02	1.473540000000000134e+02	1.482009999999999934e+02	1.489559999999999889e+02	1.493000000000000114e+02	1.502150000000000034e+02	1.506500000000000057e+02	1.512909999999999968e+02	1.517940000000000111e+02	1.523899999999999864e+02	1.527560000000000002e+02	1.534650000000000034e+02	1.540149999999999864e+02	1.546330000000000098e+02	1.553650000000000091e+02	1.558000000000000114e+02	1.563029999999999973e+02	1.568069999999999879e+02	1.572189999999999941e+02	1.576999999999999886e+02	1.585240000000000009e+02	1.589130000000000109e+02	1.592330000000000041e+02	1.597139999999999986e+02	1.601490000000000009e+02	1.606059999999999945e+02	1.612239999999999895e+02	1.620480000000000018e+02	1.626889999999999930e+02	1.632160000000000082e+02	1.636279999999999859e+02	1.641080000000000041e+02	1.645889999999999986e+02	1.652069999999999936e+02	1.657789999999999964e+02	1.667630000000000052e+02	1.672899999999999920e+02	1.678849999999999909e+02	1.685029999999999859e+02	1.691670000000000016e+02	1.700819999999999936e+02	1.706769999999999925e+02	1.714099999999999966e+02	1.720730000000000075e+02	1.728290000000000077e+02	1.736299999999999955e+02	1.744770000000000039e+02	1.751399999999999864e+02	1.759190000000000111e+02	1.765370000000000061e+02	1.771769999999999925e+02	1.777719999999999914e+02	1.784360000000000070e+02	1.788940000000000055e+02	1.794890000000000043e+02	1.801529999999999916e+02	1.807019999999999982e+02	1.816179999999999950e+02	1.821899999999999977e+02	1.827390000000000043e+02	1.835629999999999882e+02	1.840440000000000111e+02	1.845929999999999893e+02	1.850509999999999877e+02	1.853259999999999934e+02	1.859660000000000082e+02	1.864470000000000027e+02	1.867899999999999920e+02	1.872940000000000111e+02	1.876599999999999966e+02	1.881639999999999873e+02	1.885759999999999934e+02	1.889879999999999995e+02	1.893309999999999889e+02	1.897199999999999989e+02	1.900639999999999930e+02	1.903609999999999900e+02	1.907500000000000000e+02	1.911160000000000139e+02	1.915279999999999916e+02	1.918940000000000055e+02	1.921690000000000111e+02	1.924900000000000091e+02	1.927870000000000061e+02	1.931299999999999955e+02	1.934279999999999973e+02	1.936109999999999900e+02	1.938400000000000034e+02	1.941150000000000091e+02	1.944579999999999984e+02	1.948240000000000123e+02	1.950300000000000011e+02	1.953509999999999991e+02	1.956250000000000000e+02	1.959000000000000057e+02	1.961289999999999907e+02	1.965639999999999930e+02	1.967930000000000064e+02	1.970219999999999914e+02	1.972050000000000125e+02	1.974339999999999975e+02	1.977309999999999945e+02	1.980740000000000123e+02	1.982350000000000136e+02	1.984629999999999939e+02	1.986920000000000073e+02	1.988979999999999961e+02	1.991500000000000057e+02	1.993789999999999907e+02	1.996759999999999877e+02	1.998600000000000136e+02	2.000200000000000102e+02	2.002940000000000111e+02
1.000000000000000000e+00	1.673810000000000002e+02	1.528700000000000045e+02	1.423420000000000130e+02	1.321790000000000020e+02	1.230240000000000009e+02	1.146009999999999991e+02	1.073910000000000053e+02	1.012800000000000011e+02	9.651900000000000546e+01	9.182699999999999818e+01	8.727299999999999613e+01	8.386199999999999477e+01	8.090999999999999659e+01	7.855200000000000671e+01	7.656100000000000705e+01	7.489000000000000057e+01	7.294499999999999318e+01	7.079300000000000637e+01	6.877899999999999636e+01	6.703900000000000148e+01	6.543699999999999761e+01	6.388100000000000023e+01	6.269100000000000250e+01	6.152300000000000324e+01	6.001299999999999812e+01	5.905199999999999960e+01	5.827300000000000324e+01	5.754099999999999682e+01	5.646500000000000341e+01	5.600699999999999790e+01	5.557300000000000040e+01	5.511500000000000199e+01	5.435900000000000176e+01	5.410799999999999699e+01	5.387899999999999778e+01	5.378699999999999903e+01	5.339800000000000324e+01	5.289500000000000313e+01	5.314600000000000080e+01	5.328399999999999892e+01	5.330700000000000216e+01	5.284899999999999665e+01	5.291700000000000159e+01	5.275699999999999790e+01	5.266599999999999682e+01	5.282600000000000051e+01	5.271099999999999852e+01	5.255100000000000193e+01	5.346699999999999875e+01	5.314600000000000080e+01	5.296300000000000097e+01	5.337500000000000000e+01	5.332900000000000063e+01	5.344400000000000261e+01	5.376400000000000290e+01	5.396999999999999886e+01	5.387899999999999778e+01	5.413100000000000023e+01	5.417600000000000193e+01	5.465699999999999648e+01	5.477100000000000080e+01	5.390200000000000102e+01	5.429099999999999682e+01	5.435900000000000176e+01	5.461099999999999710e+01	5.477100000000000080e+01	5.481700000000000017e+01	5.493200000000000216e+01	5.550399999999999778e+01	5.577799999999999869e+01	5.554999999999999716e+01	5.577799999999999869e+01	5.571000000000000085e+01	5.600699999999999790e+01	5.623599999999999710e+01	5.644200000000000017e+01	5.692300000000000182e+01	5.678600000000000136e+01	5.712899999999999778e+01	5.701400000000000290e+01	5.749499999999999744e+01	5.754099999999999682e+01	5.781600000000000250e+01	5.806700000000000017e+01	5.836500000000000199e+01	5.852499999999999858e+01	5.875399999999999778e+01	5.882300000000000040e+01	5.939500000000000313e+01	5.953199999999999648e+01	5.980700000000000216e+01	6.008100000000000307e+01	6.010399999999999920e+01	6.056199999999999761e+01	6.099699999999999989e+01	6.140899999999999892e+01	6.129500000000000171e+01	6.147800000000000153e+01	6.200399999999999778e+01	6.232500000000000284e+01	6.280499999999999972e+01	6.296500000000000341e+01	6.372099999999999653e+01	6.381199999999999761e+01	6.449899999999999523e+01	6.465900000000000603e+01	6.534600000000000364e+01	6.591800000000000637e+01	6.671899999999999409e+01	6.735999999999999943e+01	6.857299999999999329e+01	6.996899999999999409e+01	7.118200000000000216e+01	7.282999999999999829e+01	7.482099999999999795e+01	7.706499999999999773e+01	7.965099999999999625e+01	8.260299999999999443e+01	8.571599999999999397e+01	8.912699999999999534e+01	9.274299999999999500e+01	9.642799999999999727e+01	1.004330000000000069e+02	1.042330000000000041e+02	1.079180000000000064e+02	1.112139999999999986e+02	1.145550000000000068e+02	1.173709999999999951e+02	1.201400000000000006e+02	1.227950000000000017e+02	1.253589999999999947e+02	1.276470000000000056e+02	1.299590000000000032e+02	1.325000000000000000e+02	1.343540000000000134e+02	1.362299999999999898e+02	1.381299999999999955e+02	1.399159999999999968e+02	1.415180000000000007e+02	1.429370000000000118e+02	1.445850000000000080e+02	1.460039999999999907e+02	1.475829999999999984e+02	1.481320000000000050e+02	1.495740000000000123e+02	1.509250000000000114e+02	1.521150000000000091e+02	1.534199999999999875e+02	1.540829999999999984e+02	1.549759999999999991e+02	1.552050000000000125e+02	1.556850000000000023e+02	1.562119999999999891e+02	1.564859999999999900e+02	1.569209999999999923e+02	1.572189999999999941e+02	1.575389999999999873e+02	1.578369999999999891e+02	1.580889999999999986e+02	1.581800000000000068e+02	1.583400000000000034e+02	1.583180000000000121e+02	1.582949999999999875e+02	1.583400000000000034e+02	1.584550000000000125e+02	1.585689999999999884e+02	1.560970000000000084e+02	1.566239999999999952e+02	1.570589999999999975e+02	1.572419999999999902e+02	1.575389999999999873e+02	1.579060000000000059e+02	1.579739999999999895e+02	1.580430000000000064e+02	1.580660000000000025e+02	1.582949999999999875e+02	1.582949999999999875e+02	1.585920000000000130e+02	1.586839999999999975e+02	1.589579999999999984e+02	1.595540000000000020e+02	1.594389999999999930e+02	1.600800000000000125e+02	1.601260000000000048e+02	1.600339999999999918e+02	1.600569999999999879e+02	1.601719999999999970e+02	1.601719999999999970e+02	1.603319999999999936e+02
1.000000000000000000e+00	3.264080000000000155e+02	2.885280000000000200e+02	2.554319999999999879e+02	2.266620000000000061e+02	2.007290000000000134e+02	1.811829999999999927e+02	1.662369999999999948e+02	1.546330000000000098e+02	1.457980000000000018e+02	1.391140000000000043e+02	1.333240000000000123e+02	1.285169999999999959e+02	1.248089999999999975e+02	1.218340000000000032e+02	1.190870000000000033e+02	1.167980000000000018e+02	1.152420000000000044e+02	1.137999999999999972e+02	1.126099999999999994e+02	1.117399999999999949e+02	1.107789999999999964e+02	1.100229999999999961e+02	1.095199999999999960e+02	1.089939999999999998e+02	1.085130000000000052e+02	1.082379999999999995e+02	1.081919999999999931e+02	1.079410000000000025e+02	1.078719999999999999e+02	1.077120000000000033e+02	1.083299999999999983e+02	1.093139999999999930e+02	1.091770000000000067e+02	1.094969999999999999e+02	1.095889999999999986e+02	1.097489999999999952e+02	1.097950000000000017e+02	1.099779999999999944e+02	1.101839999999999975e+02	1.101610000000000014e+02	1.105499999999999972e+02	1.107099999999999937e+02	1.108469999999999942e+02	1.112590000000000003e+02	1.115109999999999957e+02	1.117860000000000014e+02	1.121749999999999972e+02	1.126329999999999956e+02	1.127699999999999960e+02	1.132279999999999944e+02	1.134800000000000040e+02	1.138689999999999998e+02	1.141659999999999968e+02	1.145100000000000051e+02	1.147379999999999995e+02	1.155849999999999937e+02	1.159060000000000059e+02	1.160430000000000064e+02	1.164779999999999944e+02	1.168209999999999980e+02	1.170960000000000036e+02	1.175990000000000038e+02	1.178739999999999952e+02	1.183089999999999975e+02	1.187900000000000063e+02	1.191560000000000059e+02	1.195220000000000056e+02	1.201170000000000044e+02	1.207120000000000033e+02	1.208499999999999943e+02	1.215819999999999936e+02	1.224749999999999943e+02	1.229779999999999944e+02	1.240540000000000020e+02	1.250610000000000070e+02	1.260679999999999978e+02	1.291349999999999909e+02	1.305310000000000059e+02	1.319499999999999886e+02	1.338499999999999943e+02	1.359790000000000134e+02	1.380840000000000032e+02	1.406479999999999961e+02	1.435320000000000107e+02	1.462549999999999955e+02	1.498029999999999973e+02	1.534420000000000073e+02	1.570819999999999936e+02	1.612239999999999895e+02	1.655269999999999868e+02	1.745449999999999875e+02	1.791690000000000111e+02	1.839070000000000107e+02	1.882100000000000080e+02	1.928559999999999945e+02	1.994929999999999950e+02	2.037729999999999961e+02	2.080540000000000020e+02	2.122880000000000109e+02	2.158810000000000002e+02	2.195660000000000025e+02	2.231370000000000005e+02	2.261579999999999870e+02	2.294310000000000116e+02	2.322690000000000055e+02	2.346730000000000018e+02	2.367549999999999955e+02	2.392270000000000039e+02	2.408750000000000000e+02	2.428890000000000100e+02	2.464139999999999873e+02	2.476730000000000018e+02	2.497100000000000080e+02	2.506709999999999923e+02	2.518160000000000025e+02	2.530519999999999925e+02	2.477870000000000061e+02	2.484739999999999895e+02	2.494350000000000023e+02	2.522510000000000048e+02	2.536699999999999875e+02	2.544939999999999998e+02	2.576070000000000277e+02	2.578580000000000041e+02	2.587509999999999764e+02	2.593460000000000036e+02	2.598269999999999982e+02	2.604449999999999932e+02	2.607880000000000109e+02	2.611309999999999718e+02	2.617719999999999914e+02	2.621150000000000091e+02	2.625269999999999868e+02	2.633290000000000077e+02	2.636490000000000009e+02	2.638319999999999936e+02	2.653879999999999768e+02	2.658919999999999959e+02	2.659379999999999882e+02	2.663500000000000227e+02	2.665330000000000155e+02	2.666929999999999836e+02	2.670360000000000014e+02	2.671050000000000182e+02	2.672880000000000109e+02	2.676089999999999804e+02	2.677690000000000055e+02	2.677459999999999809e+02	2.680210000000000150e+02	2.679979999999999905e+02	2.679289999999999736e+02	2.682040000000000077e+02	2.683410000000000082e+02	2.682269999999999754e+02	2.681809999999999832e+02	2.681809999999999832e+02	2.680659999999999741e+02	2.678600000000000136e+02	2.678149999999999977e+02	2.675860000000000127e+02	2.673570000000000277e+02	2.672880000000000109e+02	2.672200000000000273e+02	2.666929999999999836e+02	2.662350000000000136e+02	2.658229999999999791e+02	2.657549999999999955e+02	2.655029999999999859e+02	2.651600000000000250e+02	2.654569999999999936e+02	2.652970000000000255e+02	2.650450000000000159e+02	2.650219999999999914e+02	2.654110000000000014e+02	2.648389999999999986e+02	2.651139999999999759e+02	2.650450000000000159e+02	2.644959999999999809e+02	2.646560000000000059e+02	2.641299999999999955e+02	2.640840000000000032e+02	2.637860000000000014e+02	2.635120000000000005e+02	2.636720000000000255e+02	2.639689999999999941e+02	2.638779999999999859e+02	2.633059999999999832e+02	2.633969999999999914e+02	2.632830000000000155e+02
0.000000000000000000e+00	2.581560000000000059e+02	2.367100000000000080e+02	2.174149999999999920e+02	1.988300000000000125e+02	1.814579999999999984e+02	1.670840000000000032e+02	1.563950000000000102e+02	1.497119999999999891e+02	1.433720000000000141e+02	1.383129999999999882e+02	1.347429999999999950e+02	1.314929999999999950e+02	1.287230000000000132e+02	1.264339999999999975e+02	1.245799999999999983e+02	1.221770000000000067e+02	1.216740000000000066e+02	1.204150000000000063e+02	1.193160000000000025e+02	1.185840000000000032e+02	1.179659999999999940e+02	1.170960000000000036e+02	1.162720000000000056e+02	1.157909999999999968e+02	1.151500000000000057e+02	1.145780000000000030e+02	1.143040000000000020e+02	1.139369999999999976e+02	1.137770000000000010e+02	1.137540000000000049e+02	1.144869999999999948e+02	1.142810000000000059e+02	1.141889999999999930e+02	1.140750000000000028e+02	1.142349999999999994e+02	1.142349999999999994e+02	1.140750000000000028e+02	1.142579999999999956e+02	1.143490000000000038e+02	1.142579999999999956e+02	1.144639999999999986e+02	1.146700000000000017e+02	1.147159999999999940e+02	1.151730000000000018e+02	1.154020000000000010e+02	1.155169999999999959e+02	1.162259999999999991e+02	1.163640000000000043e+02	1.168900000000000006e+02	1.171650000000000063e+02	1.186749999999999972e+02	1.193389999999999986e+02	1.197049999999999983e+02	1.199110000000000014e+02	1.203919999999999959e+02	1.206209999999999951e+02	1.208499999999999943e+02	1.210559999999999974e+02	1.213299999999999983e+02	1.216959999999999980e+02	1.220169999999999959e+02	1.223370000000000033e+02	1.225199999999999960e+02	1.226580000000000013e+02	1.229320000000000022e+02	1.231839999999999975e+02	1.232990000000000066e+02	1.239170000000000016e+02	1.243970000000000056e+02	1.245570000000000022e+02	1.248780000000000001e+02	1.250150000000000006e+02	1.250840000000000032e+02	1.252439999999999998e+02	1.253810000000000002e+02	1.256790000000000020e+02	1.259539999999999935e+02	1.262049999999999983e+02	1.262279999999999944e+02	1.265259999999999962e+02	1.266170000000000044e+02	1.266860000000000070e+02	1.269609999999999985e+02	1.270979999999999990e+02	1.271899999999999977e+02	1.275100000000000051e+02	1.275789999999999935e+02	1.276250000000000000e+02	1.279909999999999997e+02	1.282199999999999989e+02	1.281970000000000027e+02	1.284939999999999998e+02	1.290440000000000111e+02	1.291810000000000116e+02	1.293640000000000043e+02	1.295469999999999970e+02	1.296620000000000061e+02	1.305080000000000098e+02	1.293640000000000043e+02	1.294329999999999927e+02	1.295010000000000048e+02	1.325680000000000121e+02	1.329120000000000061e+02	1.332549999999999955e+02	1.333689999999999998e+02	1.335529999999999973e+02	1.339650000000000034e+02	1.341930000000000121e+02	1.341709999999999923e+02	1.343540000000000134e+02	1.344910000000000139e+02	1.344910000000000139e+02	1.350629999999999882e+02	1.351320000000000050e+02	1.351320000000000050e+02	1.351090000000000089e+02	1.353149999999999977e+02	1.354519999999999982e+02	1.354519999999999982e+02	1.354979999999999905e+02	1.355440000000000111e+02	1.357270000000000039e+02	1.357729999999999961e+02	1.357729999999999961e+02	1.358410000000000082e+02	1.358870000000000005e+02	1.359099999999999966e+02	1.359790000000000134e+02	1.360929999999999893e+02	1.361390000000000100e+02	1.362529999999999859e+02	1.362299999999999898e+02	1.362760000000000105e+02	1.364360000000000070e+02	1.365049999999999955e+02	1.365279999999999916e+02	1.365970000000000084e+02	1.371690000000000111e+02	1.370540000000000020e+02	1.371920000000000073e+02	1.372150000000000034e+02	1.372150000000000034e+02	1.373060000000000116e+02	1.373060000000000116e+02	1.373290000000000077e+02	1.373750000000000000e+02	1.373979999999999961e+02	1.373979999999999961e+02	1.375349999999999966e+02	1.374439999999999884e+02	1.375120000000000005e+02	1.376040000000000134e+02	1.376040000000000134e+02	1.375349999999999966e+02	1.377640000000000100e+02	1.378779999999999859e+02	1.378559999999999945e+02	1.379699999999999989e+02	1.385879999999999939e+02	1.385420000000000016e+02	1.384960000000000093e+02	1.385190000000000055e+02	1.384739999999999895e+02	1.384739999999999895e+02	1.382450000000000045e+02	1.384509999999999934e+02	1.385190000000000055e+02	1.383360000000000127e+02	1.382680000000000007e+02	1.379240000000000066e+02	1.380620000000000118e+02	1.381529999999999916e+02	1.384050000000000011e+02	1.383129999999999882e+02	1.385420000000000016e+02	1.386109999999999900e+02	1.385649999999999977e+02	1.386109999999999900e+02	1.388849999999999909e+02	1.389079999999999870e+02	1.387709999999999866e+02	1.388400000000000034e+02	1.388170000000000073e+02	1.387940000000000111e+02	1.388849999999999909e+02	1.389540000000000077e+02	1.388849999999999909e+02	1.389540000000000077e+02	1.390229999999999961e+02
1.000000000000000000e+00	5.170439999999999827e+02	4.608990000000000009e+02	4.098360000000000127e+02	3.661650000000000205e+02	3.267060000000000173e+02	2.930369999999999777e+02	2.636949999999999932e+02	2.396850000000000023e+02	2.224269999999999925e+02	2.073439999999999941e+02	1.962429999999999950e+02	1.895140000000000100e+02	1.809540000000000077e+02	1.745000000000000000e+02	1.686399999999999864e+02	1.635360000000000014e+02	1.583629999999999995e+02	1.531910000000000025e+02	1.478120000000000118e+02	1.430970000000000084e+02	1.389079999999999870e+02	1.349490000000000123e+02	1.321109999999999900e+02	1.296160000000000139e+02	1.270979999999999990e+02	1.251749999999999972e+02	1.237339999999999947e+02	1.225430000000000064e+02	1.214899999999999949e+02	1.207349999999999994e+02	1.197969999999999970e+02	1.194989999999999952e+02	1.189500000000000028e+02	1.185610000000000070e+02	1.179200000000000017e+02	1.177600000000000051e+02	1.174620000000000033e+02	1.174159999999999968e+02	1.173250000000000028e+02	1.175310000000000059e+02	1.187669999999999959e+02	1.208949999999999960e+02	1.205979999999999990e+02	1.207349999999999994e+02	1.208040000000000020e+02	1.207349999999999994e+02	1.207349999999999994e+02	1.206440000000000055e+02	1.208949999999999960e+02	1.217189999999999941e+02	1.212390000000000043e+02	1.211239999999999952e+02	1.242369999999999948e+02	1.243289999999999935e+02	1.244200000000000017e+02	1.250150000000000006e+02	1.253130000000000024e+02	1.252210000000000036e+02	1.264569999999999936e+02	1.263889999999999958e+02	1.265490000000000066e+02	1.271899999999999977e+02	1.278529999999999944e+02	1.276470000000000056e+02	1.278310000000000031e+02	1.285399999999999920e+02	1.286999999999999886e+02	1.294329999999999927e+02	1.298899999999999864e+02	1.305310000000000059e+02	1.311490000000000009e+02	1.313100000000000023e+02	1.316069999999999993e+02	1.320190000000000055e+02	1.320420000000000016e+02	1.335749999999999886e+02	1.339650000000000034e+02	1.345140000000000100e+02	1.345140000000000100e+02	1.361160000000000139e+02	1.361620000000000061e+02	1.362529999999999859e+02	1.370320000000000107e+02	1.371920000000000073e+02	1.370999999999999943e+02	1.372379999999999995e+02	1.375349999999999966e+02	1.374890000000000043e+02	1.374660000000000082e+02	1.376719999999999970e+02	1.380620000000000118e+02	1.384739999999999895e+02	1.386570000000000107e+02	1.397090000000000032e+02	1.397779999999999916e+02	1.400759999999999934e+02	1.403959999999999866e+02	1.405329999999999870e+02	1.408079999999999927e+02	1.410829999999999984e+02	1.414720000000000084e+02	1.419300000000000068e+02	1.422500000000000000e+02	1.430970000000000084e+02	1.437609999999999957e+02	1.445620000000000118e+02	1.454540000000000077e+02	1.470339999999999918e+02	1.484759999999999991e+02	1.501690000000000111e+02	1.519089999999999918e+02	1.544720000000000084e+02	1.576310000000000002e+02	1.603089999999999975e+02	1.634900000000000091e+02	1.672439999999999998e+02	1.710889999999999986e+02	1.749110000000000014e+02	1.796719999999999970e+02	1.849139999999999873e+02	1.900180000000000007e+02	1.957860000000000014e+02	2.022400000000000091e+02	2.086030000000000086e+02	2.158580000000000041e+02	2.225879999999999939e+02	2.227019999999999982e+02	2.299799999999999898e+02	2.365260000000000105e+02	2.426829999999999927e+02	2.487719999999999914e+02	2.538530000000000086e+02	2.594150000000000205e+02	2.640149999999999864e+02	2.680439999999999827e+02	2.717509999999999764e+02	2.757339999999999804e+02	2.809979999999999905e+02	2.860790000000000077e+02	2.904049999999999727e+02	2.937470000000000141e+02	2.963100000000000023e+02	2.985529999999999973e+02	3.009340000000000259e+02	3.023759999999999764e+02	3.036800000000000068e+02	3.047099999999999795e+02	3.060840000000000032e+02	3.116680000000000064e+02	3.119660000000000082e+02	3.134309999999999832e+02	3.140260000000000105e+02	3.144379999999999882e+02	3.151929999999999836e+02	3.204800000000000182e+02	3.267970000000000255e+02	3.272549999999999955e+02	3.275299999999999727e+02	3.267060000000000173e+02	3.301390000000000100e+02	3.330459999999999923e+02	3.339839999999999804e+02	3.347169999999999845e+02	3.376009999999999991e+02	3.374399999999999977e+02	3.372339999999999804e+02	3.367769999999999868e+02	3.363879999999999768e+02	3.362269999999999754e+02	3.391569999999999823e+02	3.394780000000000086e+02	3.400729999999999791e+02	3.399119999999999777e+02	3.410570000000000164e+02	3.417889999999999873e+02	3.419490000000000123e+02	3.421100000000000136e+02	3.427049999999999841e+02	3.438260000000000218e+02	3.438720000000000141e+02	3.450849999999999795e+02	3.478090000000000259e+02	3.468249999999999886e+02	3.467099999999999795e+02	3.466190000000000282e+02	3.473050000000000068e+02	3.462300000000000182e+02	3.459320000000000164e+02	3.458399999999999750e+02
1.000000000000000000e+00	1.788480000000000132e+02	1.643369999999999891e+02	1.510389999999999873e+02	1.392059999999999889e+02	1.284939999999999998e+02	1.189500000000000028e+02	1.112590000000000003e+02	1.052630000000000052e+02	9.997599999999999909e+01	9.629099999999999682e+01	9.242199999999999704e+01	8.910399999999999920e+01	8.528100000000000591e+01	8.187099999999999511e+01	7.862099999999999511e+01	7.562300000000000466e+01	7.282999999999999829e+01	7.015200000000000102e+01	6.790900000000000603e+01	6.596399999999999864e+01	6.410999999999999943e+01	6.266799999999999926e+01	6.138600000000000279e+01	6.028699999999999903e+01	5.932600000000000051e+01	5.859400000000000119e+01	5.795300000000000296e+01	5.747200000000000131e+01	5.703699999999999903e+01	5.657999999999999829e+01	5.628199999999999648e+01	5.609899999999999665e+01	5.584700000000000131e+01	5.568699999999999761e+01	5.548100000000000165e+01	5.534400000000000119e+01	5.525200000000000244e+01	5.525200000000000244e+01	5.532099999999999795e+01	5.534400000000000119e+01	5.529800000000000182e+01	5.536699999999999733e+01	5.525200000000000244e+01	5.513799999999999812e+01	5.488600000000000279e+01	5.502300000000000324e+01	5.488600000000000279e+01	5.497699999999999676e+01	5.504599999999999937e+01	5.513799999999999812e+01	5.500000000000000000e+01	5.500000000000000000e+01	5.506900000000000261e+01	5.500000000000000000e+01	5.506900000000000261e+01	5.509199999999999875e+01	5.532099999999999795e+01	5.548100000000000165e+01	5.550399999999999778e+01	5.568699999999999761e+01	5.566400000000000148e+01	5.605299999999999727e+01	5.605299999999999727e+01	5.616799999999999926e+01	5.625900000000000034e+01	5.630499999999999972e+01	5.641899999999999693e+01	5.641899999999999693e+01	5.641899999999999693e+01	5.653399999999999892e+01	5.648799999999999955e+01	5.651100000000000279e+01	5.644200000000000017e+01	5.664800000000000324e+01	5.674000000000000199e+01	5.726599999999999824e+01	5.724300000000000210e+01	5.742600000000000193e+01	5.742600000000000193e+01	5.728900000000000148e+01	5.721999999999999886e+01	5.708299999999999841e+01	5.715200000000000102e+01	5.728900000000000148e+01	5.719800000000000040e+01	5.712899999999999778e+01	5.754099999999999682e+01	5.772399999999999665e+01	5.779299999999999926e+01	5.783800000000000097e+01	5.783800000000000097e+01	5.806700000000000017e+01	5.815899999999999892e+01	5.857099999999999795e+01	5.861699999999999733e+01	5.857099999999999795e+01	5.870799999999999841e+01	5.900600000000000023e+01	5.911999999999999744e+01	5.930299999999999727e+01	5.953199999999999648e+01	5.955499999999999972e+01	5.957800000000000296e+01	5.973799999999999955e+01	5.999000000000000199e+01	6.040200000000000102e+01	6.074499999999999744e+01	6.108899999999999864e+01	6.175200000000000244e+01	6.257600000000000051e+01	6.335399999999999920e+01	6.438400000000000034e+01	6.529999999999999716e+01	6.733700000000000330e+01	6.850400000000000489e+01	6.992300000000000182e+01	7.138800000000000523e+01	7.289900000000000091e+01	7.440900000000000603e+01	7.601200000000000045e+01	7.743099999999999739e+01	7.912399999999999523e+01	8.125300000000000011e+01	8.278700000000000614e+01	8.404500000000000171e+01	8.512099999999999511e+01	8.617400000000000659e+01	8.750199999999999534e+01	8.969899999999999807e+01	9.038500000000000512e+01	9.104900000000000659e+01	9.178199999999999648e+01	9.343000000000000682e+01	9.393300000000000693e+01	9.441400000000000148e+01	9.562699999999999534e+01	9.599299999999999500e+01	9.633599999999999852e+01	9.718300000000000693e+01	9.748099999999999454e+01	9.775499999999999545e+01	9.862500000000000000e+01	1.003419999999999987e+02	1.005250000000000057e+02	1.007540000000000049e+02	1.009369999999999976e+02	1.010510000000000019e+02	1.019210000000000065e+02	1.020580000000000069e+02	1.017609999999999957e+02	1.017840000000000060e+02	1.021959999999999980e+02	1.024699999999999989e+02	1.026989999999999981e+02	1.028820000000000050e+02	1.034549999999999983e+02	1.036380000000000052e+02	1.037980000000000018e+02	1.040729999999999933e+02	1.039579999999999984e+02	1.040949999999999989e+02	1.043239999999999981e+02	1.044620000000000033e+02	1.045529999999999973e+02	1.047819999999999965e+02	1.050340000000000060e+02	1.051250000000000000e+02	1.052860000000000014e+02	1.054689999999999941e+02	1.055150000000000006e+02	1.056059999999999945e+02	1.055370000000000061e+02	1.056520000000000010e+02	1.057429999999999950e+02	1.059039999999999964e+02	1.058810000000000002e+02	1.061099999999999994e+02	1.063389999999999986e+02	1.064069999999999965e+02	1.063160000000000025e+02	1.063840000000000003e+02	1.069110000000000014e+02	1.068649999999999949e+02	1.067960000000000065e+02	1.069789999999999992e+02	1.070709999999999980e+02	1.070939999999999941e+02	1.070939999999999941e+02	1.072999999999999972e+02
1.000000000000000000e+00	2.583159999999999741e+02	2.362059999999999889e+02	2.164310000000000116e+02	1.977769999999999868e+02	1.801759999999999877e+02	1.657560000000000002e+02	1.533050000000000068e+02	1.444240000000000066e+02	1.377640000000000100e+02	1.322940000000000111e+02	1.287230000000000132e+02	1.246490000000000009e+02	1.219479999999999933e+02	1.191560000000000059e+02	1.168670000000000044e+02	1.149669999999999987e+02	1.131820000000000022e+02	1.119000000000000057e+02	1.105499999999999972e+02	1.092909999999999968e+02	1.068880000000000052e+02	1.041640000000000015e+02	1.016919999999999931e+02	9.940300000000000580e+01	9.798399999999999466e+01	9.638200000000000500e+01	9.489400000000000546e+01	9.390999999999999659e+01	9.299500000000000455e+01	9.246800000000000352e+01	9.191899999999999693e+01	9.168999999999999773e+01	9.127800000000000580e+01	9.125499999999999545e+01	9.123199999999999932e+01	9.137000000000000455e+01	9.150700000000000500e+01	9.162099999999999511e+01	9.187300000000000466e+01	9.226200000000000045e+01	9.244499999999999318e+01	9.294899999999999807e+01	9.320099999999999341e+01	9.349800000000000466e+01	9.388700000000000045e+01	9.423099999999999454e+01	9.450499999999999545e+01	9.491700000000000159e+01	9.489400000000000546e+01	9.516899999999999693e+01	9.562699999999999534e+01	9.638200000000000500e+01	9.654200000000000159e+01	9.679399999999999693e+01	9.725199999999999534e+01	9.837300000000000466e+01	9.876300000000000523e+01	9.910599999999999454e+01	9.937999999999999545e+01	9.956399999999999295e+01	9.990699999999999648e+01	1.004330000000000069e+02	1.006389999999999958e+02	1.010510000000000019e+02	1.014860000000000042e+02	1.018299999999999983e+02	1.021959999999999980e+02	1.023790000000000049e+02	1.041869999999999976e+02	1.044159999999999968e+02	1.059270000000000067e+02	1.062469999999999999e+02	1.067049999999999983e+02	1.070709999999999980e+02	1.075289999999999964e+02	1.081919999999999931e+02	1.085130000000000052e+02	1.087189999999999941e+02	1.091310000000000002e+02	1.093599999999999994e+02	1.096569999999999965e+02	1.101839999999999975e+02	1.104809999999999945e+02	1.106640000000000015e+02	1.111219999999999999e+02	1.116710000000000065e+02	1.118769999999999953e+02	1.122210000000000036e+02	1.126329999999999956e+02	1.138919999999999959e+02	1.132510000000000048e+02	1.136400000000000006e+02	1.138229999999999933e+02	1.143259999999999934e+02	1.146700000000000017e+02	1.149219999999999970e+02	1.153790000000000049e+02	1.157680000000000007e+02	1.160430000000000064e+02	1.166380000000000052e+02	1.169819999999999993e+02	1.172330000000000041e+02	1.176449999999999960e+02	1.179659999999999940e+02	1.183780000000000001e+02	1.188810000000000002e+02	1.195220000000000056e+02	1.198649999999999949e+02	1.205520000000000067e+02	1.212620000000000005e+02	1.218340000000000032e+02	1.227259999999999991e+02	1.236419999999999959e+02	1.246949999999999932e+02	1.261140000000000043e+02	1.277159999999999940e+02	1.293870000000000005e+02	1.316759999999999877e+02	1.342390000000000043e+02	1.369399999999999977e+02	1.403959999999999866e+02	1.441500000000000057e+02	1.481090000000000089e+02	1.551819999999999879e+02	1.598280000000000030e+02	1.646119999999999948e+02	1.697390000000000043e+02	1.750029999999999859e+02	1.800840000000000032e+02	1.852800000000000011e+02	1.900629999999999882e+02	1.948240000000000123e+02	1.996769999999999925e+02	2.042309999999999945e+02	2.086719999999999970e+02	2.130889999999999986e+02	2.170490000000000066e+02	2.208249999999999886e+02	2.246479999999999961e+02	2.281719999999999970e+02	2.313770000000000095e+02	2.343750000000000000e+02	2.373499999999999943e+02	2.396850000000000023e+02	2.424770000000000039e+02	2.446980000000000075e+02	2.465970000000000084e+02	2.486800000000000068e+02	2.506939999999999884e+02	2.518160000000000025e+02	2.535550000000000068e+02	2.549970000000000141e+02	2.560269999999999868e+02	2.575149999999999864e+02	2.583849999999999909e+02	2.592769999999999868e+02	2.601009999999999991e+02	2.608340000000000032e+02	2.612919999999999732e+02	2.620470000000000255e+02	2.627110000000000127e+02	2.630079999999999814e+02	2.614970000000000141e+02	2.616809999999999832e+02	2.617950000000000159e+02	2.625729999999999791e+02	2.631229999999999905e+02	2.635120000000000005e+02	2.640609999999999786e+02	2.643809999999999718e+02	2.645869999999999891e+02	2.650219999999999914e+02	2.650219999999999914e+02	2.649769999999999754e+02	2.652740000000000009e+02	2.656859999999999786e+02	2.658690000000000282e+02	2.660289999999999964e+02	2.660749999999999886e+02	2.660059999999999718e+02	2.662810000000000059e+02	2.662350000000000136e+02	2.663500000000000227e+02	2.667160000000000082e+02	2.665559999999999832e+02	2.663729999999999905e+02	2.665099999999999909e+02	2.665559999999999832e+02	2.666019999999999754e+02
0.000000000000000000e+00	5.103380000000000223e+02	4.309839999999999804e+02	3.638079999999999927e+02	3.055570000000000164e+02	2.590710000000000264e+02	2.266620000000000061e+02	2.020569999999999879e+02	1.848679999999999950e+02	1.706539999999999964e+02	1.599879999999999995e+02	1.508789999999999907e+02	1.439439999999999884e+02	1.380389999999999873e+02	1.317210000000000036e+02	1.257930000000000064e+02	1.205979999999999990e+02	1.157229999999999990e+02	1.115570000000000022e+02	1.078490000000000038e+02	1.042330000000000041e+02	1.014629999999999939e+02	9.878499999999999659e+01	9.674800000000000466e+01	9.480299999999999727e+01	9.333799999999999386e+01	9.187300000000000466e+01	9.079699999999999704e+01	8.979000000000000625e+01	8.919499999999999318e+01	8.866899999999999693e+01	8.793600000000000705e+01	8.754699999999999704e+01	8.681499999999999773e+01	8.656300000000000239e+01	8.610500000000000398e+01	8.610500000000000398e+01	8.585399999999999920e+01	8.580800000000000693e+01	8.567000000000000171e+01	8.573900000000000432e+01	8.571599999999999397e+01	8.551000000000000512e+01	8.564799999999999613e+01	8.608199999999999363e+01	8.567000000000000171e+01	8.551000000000000512e+01	8.534999999999999432e+01	8.532699999999999818e+01	8.553300000000000125e+01	8.569299999999999784e+01	8.587600000000000477e+01	8.617400000000000659e+01	8.670000000000000284e+01	8.713500000000000512e+01	8.754699999999999704e+01	8.768500000000000227e+01	8.839400000000000546e+01	8.876000000000000512e+01	8.926399999999999579e+01	8.983599999999999852e+01	8.985899999999999466e+01	8.999599999999999511e+01	9.029399999999999693e+01	9.109499999999999886e+01	9.125499999999999545e+01	9.187300000000000466e+01	9.201000000000000512e+01	9.230800000000000693e+01	9.249099999999999966e+01	9.244499999999999318e+01	9.281199999999999761e+01	9.294899999999999807e+01	9.329200000000000159e+01	9.354399999999999693e+01	9.375000000000000000e+01	9.400199999999999534e+01	9.411599999999999966e+01	9.457399999999999807e+01	9.498600000000000421e+01	9.505500000000000682e+01	9.526099999999999568e+01	9.567300000000000182e+01	9.567300000000000182e+01	9.599299999999999500e+01	9.617600000000000193e+01	9.615300000000000580e+01	9.651900000000000546e+01	9.688599999999999568e+01	9.709199999999999875e+01	9.734300000000000352e+01	9.754900000000000659e+01	9.803000000000000114e+01	9.805299999999999727e+01	9.835099999999999909e+01	9.839600000000000080e+01	9.839600000000000080e+01	9.846500000000000341e+01	9.860200000000000387e+01	9.933499999999999375e+01	9.947199999999999420e+01	9.947199999999999420e+01	9.963200000000000500e+01	9.972400000000000375e+01	9.993000000000000682e+01	1.000210000000000008e+02	1.002270000000000039e+02	1.005709999999999980e+02	1.007540000000000049e+02	1.011889999999999930e+02	1.013259999999999934e+02	1.013949999999999960e+02	1.016460000000000008e+02	1.018979999999999961e+02	1.019899999999999949e+02	1.022639999999999958e+02	1.024249999999999972e+02	1.026760000000000019e+02	1.029969999999999999e+02	1.030199999999999960e+02	1.031800000000000068e+02	1.032489999999999952e+02	1.034320000000000022e+02	1.035000000000000000e+02	1.036830000000000069e+02	1.039579999999999984e+02	1.039350000000000023e+02	1.044159999999999968e+02	1.050799999999999983e+02	1.051940000000000026e+02	1.051940000000000026e+02	1.055829999999999984e+02	1.055150000000000006e+02	1.055370000000000061e+02	1.056749999999999972e+02	1.056979999999999933e+02	1.061099999999999994e+02	1.063160000000000025e+02	1.063389999999999986e+02	1.064989999999999952e+02	1.064759999999999991e+02	1.065669999999999931e+02	1.067500000000000000e+02	1.067960000000000065e+02	1.067729999999999961e+02	1.065669999999999931e+02	1.070019999999999953e+02	1.070709999999999980e+02	1.073229999999999933e+02	1.076659999999999968e+02	1.075520000000000067e+02	1.077579999999999956e+02	1.079180000000000064e+02	1.080780000000000030e+02	1.081700000000000017e+02	1.082150000000000034e+02	1.081239999999999952e+02	1.080550000000000068e+02	1.080780000000000030e+02	1.086039999999999992e+02	1.087189999999999941e+02	1.085819999999999936e+02	1.086039999999999992e+02	1.085360000000000014e+02	1.086039999999999992e+02	1.086500000000000057e+02	1.087420000000000044e+02	1.087420000000000044e+02	1.092680000000000007e+02	1.091080000000000041e+02	1.089710000000000036e+02	1.090849999999999937e+02	1.090390000000000015e+02	1.093829999999999956e+02	1.092219999999999942e+02	1.092219999999999942e+02	1.091770000000000067e+02	1.101839999999999975e+02	1.102069999999999936e+02	1.103209999999999980e+02	1.102519999999999953e+02	1.103439999999999941e+02	1.103209999999999980e+02	1.102980000000000018e+02	1.105270000000000010e+02	1.106410000000000053e+02	1.105499999999999972e+02	1.106410000000000053e+02	1.108469999999999942e+02	1.108469999999999942e+02
1.000000000000000000e+00	2.379910000000000139e+02	2.191539999999999964e+02	2.035900000000000034e+02	1.899950000000000045e+02	1.788940000000000055e+02	1.692580000000000098e+02	1.599660000000000082e+02	1.524579999999999984e+02	1.456599999999999966e+02	1.394120000000000061e+02	1.338959999999999866e+02	1.284480000000000075e+02	1.237109999999999985e+02	1.192019999999999982e+02	1.147840000000000060e+02	1.110079999999999956e+02	1.067960000000000065e+02	1.031800000000000068e+02	9.997599999999999909e+01	9.702299999999999613e+01	9.441400000000000148e+01	9.205599999999999739e+01	9.004200000000000159e+01	8.816500000000000625e+01	8.631100000000000705e+01	8.500700000000000500e+01	8.351900000000000546e+01	8.237500000000000000e+01	8.125300000000000011e+01	8.008599999999999852e+01	7.937600000000000477e+01	7.841500000000000625e+01	7.816299999999999670e+01	7.727100000000000080e+01	7.662999999999999545e+01	7.626300000000000523e+01	7.566800000000000637e+01	7.516500000000000625e+01	7.489000000000000057e+01	7.450100000000000477e+01	7.443200000000000216e+01	7.445499999999999829e+01	7.418099999999999739e+01	7.395199999999999818e+01	7.381399999999999295e+01	7.370000000000000284e+01	7.429500000000000171e+01	7.399699999999999989e+01	7.404300000000000637e+01	7.429500000000000171e+01	7.436400000000000432e+01	7.438700000000000045e+01	7.468399999999999750e+01	7.475300000000000011e+01	7.468399999999999750e+01	7.477599999999999625e+01	7.523300000000000409e+01	7.537099999999999511e+01	7.559999999999999432e+01	7.582899999999999352e+01	7.603499999999999659e+01	7.626300000000000523e+01	7.624099999999999966e+01	7.630899999999999750e+01	7.672100000000000364e+01	7.688100000000000023e+01	7.685899999999999466e+01	7.665300000000000580e+01	7.685899999999999466e+01	7.727100000000000080e+01	7.754500000000000171e+01	7.779699999999999704e+01	7.788800000000000523e+01	7.832299999999999329e+01	7.868999999999999773e+01	7.898699999999999477e+01	7.923900000000000432e+01	7.949099999999999966e+01	7.960500000000000398e+01	7.971999999999999886e+01	8.015399999999999636e+01	8.015399999999999636e+01	8.033799999999999386e+01	8.047499999999999432e+01	8.054399999999999693e+01	8.077200000000000557e+01	8.081799999999999784e+01	8.102400000000000091e+01	8.145900000000000318e+01	8.171099999999999852e+01	8.196299999999999386e+01	8.226000000000000512e+01	8.246599999999999397e+01	8.269499999999999318e+01	8.308400000000000318e+01	8.347299999999999898e+01	8.379399999999999693e+01	8.418300000000000693e+01	8.459499999999999886e+01	8.493800000000000239e+01	8.516700000000000159e+01	8.560200000000000387e+01	8.592199999999999704e+01	8.649399999999999977e+01	8.686100000000000421e+01	8.727299999999999613e+01	8.791400000000000148e+01	8.853100000000000591e+01	8.908100000000000307e+01	8.956100000000000705e+01	9.020199999999999818e+01	9.077500000000000568e+01	9.164400000000000546e+01	9.244499999999999318e+01	9.329200000000000159e+01	9.439100000000000534e+01	9.537500000000000000e+01	9.645099999999999341e+01	9.738899999999999579e+01	9.851099999999999568e+01	9.993000000000000682e+01	1.013719999999999999e+02	1.027219999999999942e+02	1.043239999999999981e+02	1.062930000000000064e+02	1.081700000000000017e+02	1.099549999999999983e+02	1.119689999999999941e+02	1.140060000000000002e+02	1.163859999999999957e+02	1.181949999999999932e+02	1.202999999999999972e+02	1.222000000000000028e+02	1.250379999999999967e+02	1.270070000000000050e+02	1.289290000000000020e+02	1.313319999999999936e+02	1.334379999999999882e+02	1.355209999999999866e+02	1.375120000000000005e+02	1.394120000000000061e+02	1.411289999999999907e+02	1.431879999999999882e+02	1.451800000000000068e+02	1.472630000000000052e+02	1.490939999999999941e+02	1.506040000000000134e+02	1.503979999999999961e+02	1.510389999999999873e+02	1.517030000000000030e+02	1.521610000000000014e+02	1.529159999999999968e+02	1.532589999999999861e+02	1.537400000000000091e+02	1.542210000000000036e+02	1.546330000000000098e+02	1.548160000000000025e+02	1.551359999999999957e+02	1.558230000000000075e+02	1.565550000000000068e+02	1.567379999999999995e+02	1.568760000000000048e+02	1.572649999999999864e+02	1.575159999999999911e+02	1.576080000000000041e+02	1.578600000000000136e+02	1.580430000000000064e+02	1.589360000000000070e+02	1.590500000000000114e+02	1.590730000000000075e+02	1.589579999999999984e+02	1.591189999999999998e+02	1.590039999999999907e+02	1.590730000000000075e+02	1.588899999999999864e+02	1.591189999999999998e+02	1.593480000000000132e+02	1.593480000000000132e+02	1.595080000000000098e+02	1.595310000000000059e+02	1.592789999999999964e+02	1.593480000000000132e+02	1.597599999999999909e+02	1.595759999999999934e+02	1.593930000000000007e+02	1.592789999999999964e+02	1.595759999999999934e+02	1.595540000000000020e+02	1.598050000000000068e+02
0.000000000000000000e+00	5.111159999999999854e+02	4.573290000000000077e+02	4.072490000000000236e+02	3.647919999999999732e+02	3.309630000000000223e+02	2.978899999999999864e+02	2.719350000000000023e+02	2.481769999999999925e+02	2.267760000000000105e+02	2.074360000000000070e+02	1.941599999999999966e+02	1.791459999999999866e+02	1.671750000000000114e+02	1.586839999999999975e+02	1.518859999999999957e+02	1.455920000000000130e+02	1.407849999999999966e+02	1.369859999999999900e+02	1.338729999999999905e+02	1.304859999999999900e+02	1.273730000000000047e+02	1.231380000000000052e+02	1.192699999999999960e+02	1.152420000000000044e+02	1.120150000000000006e+02	1.089710000000000036e+02	1.067729999999999961e+02	1.045070000000000050e+02	1.021269999999999953e+02	1.000439999999999969e+02	9.880800000000000693e+01	9.828199999999999648e+01	9.670300000000000296e+01	9.741200000000000614e+01	9.709199999999999875e+01	9.782399999999999807e+01	9.766400000000000148e+01	9.754900000000000659e+01	9.818999999999999773e+01	9.818999999999999773e+01	9.825900000000000034e+01	9.830500000000000682e+01	9.841899999999999693e+01	9.830500000000000682e+01	1.002729999999999961e+02	1.004560000000000031e+02	1.005250000000000057e+02	1.002270000000000039e+02	1.008220000000000027e+02	1.007309999999999945e+02	1.012120000000000033e+02	1.018070000000000022e+02	1.026310000000000002e+02	1.030879999999999939e+02	1.033629999999999995e+02	1.033629999999999995e+02	1.036830000000000069e+02	1.040729999999999933e+02	1.045300000000000011e+02	1.048280000000000030e+02	1.050340000000000060e+02	1.051029999999999944e+02	1.053769999999999953e+02	1.048970000000000056e+02	1.054000000000000057e+02	1.054920000000000044e+02	1.068190000000000026e+02	1.070480000000000018e+02	1.074599999999999937e+02	1.077349999999999994e+02	1.078719999999999999e+02	1.080319999999999965e+02	1.085589999999999975e+02	1.097950000000000017e+02	1.100229999999999961e+02	1.111449999999999960e+02	1.115570000000000022e+02	1.118769999999999953e+02	1.129759999999999991e+02	1.135480000000000018e+02	1.140750000000000028e+02	1.143949999999999960e+02	1.150130000000000052e+02	1.153110000000000070e+02	1.157229999999999990e+02	1.159060000000000059e+02	1.162259999999999991e+02	1.168439999999999941e+02	1.171880000000000024e+02	1.175310000000000059e+02	1.178739999999999952e+02	1.181260000000000048e+02	1.184920000000000044e+02	1.190190000000000055e+02	1.196140000000000043e+02	1.198649999999999949e+02	1.206209999999999951e+02	1.209410000000000025e+02	1.212159999999999940e+02	1.216740000000000066e+02	1.223599999999999994e+02	1.226350000000000051e+02	1.230010000000000048e+02	1.235499999999999972e+02	1.237109999999999985e+02	1.242139999999999986e+02	1.247409999999999997e+02	1.249920000000000044e+02	1.253589999999999947e+02	1.255649999999999977e+02	1.258850000000000051e+02	1.262049999999999983e+02	1.264800000000000040e+02	1.267549999999999955e+02	1.270750000000000028e+02	1.273040000000000020e+02	1.275330000000000013e+02	1.280819999999999936e+02	1.283340000000000032e+02	1.286769999999999925e+02	1.289979999999999905e+02	1.293640000000000043e+02	1.317439999999999998e+02	1.318590000000000089e+02	1.325229999999999961e+02	1.327290000000000134e+02	1.331409999999999911e+02	1.335070000000000050e+02	1.338269999999999982e+02	1.342849999999999966e+02	1.346970000000000027e+02	1.349490000000000123e+02	1.353609999999999900e+02	1.356349999999999909e+02	1.360240000000000009e+02	1.362529999999999859e+02	1.366879999999999882e+02	1.369629999999999939e+02	1.373060000000000116e+02	1.376949999999999932e+02	1.379240000000000066e+02	1.382450000000000045e+02	1.384739999999999895e+02	1.388400000000000034e+02	1.391599999999999966e+02	1.394809999999999945e+02	1.397779999999999916e+02	1.403499999999999943e+02	1.407170000000000130e+02	1.410140000000000100e+02	1.414720000000000084e+02	1.410829999999999984e+02	1.415860000000000127e+02	1.421129999999999995e+02	1.425250000000000057e+02	1.428679999999999950e+02	1.432800000000000011e+02	1.435780000000000030e+02	1.440120000000000005e+02	1.444240000000000066e+02	1.451570000000000107e+02	1.454089999999999918e+02	1.458439999999999941e+02	1.461179999999999950e+02	1.463930000000000007e+02	1.467589999999999861e+02	1.472170000000000130e+02	1.486129999999999995e+02	1.490020000000000095e+02	1.493000000000000114e+02	1.495289999999999964e+02	1.498720000000000141e+02	1.500780000000000030e+02	1.504209999999999923e+02	1.508559999999999945e+02	1.511080000000000041e+02	1.514050000000000011e+02	1.518170000000000073e+02	1.521380000000000052e+02	1.523669999999999902e+02	1.527789999999999964e+02	1.532139999999999986e+02	1.533969999999999914e+02	1.537860000000000014e+02	1.540600000000000023e+02	1.544039999999999964e+02	1.547009999999999934e+02	1.549300000000000068e+02	1.549759999999999991e+02
0.000000000000000000e+00	1.829679999999999893e+02	1.692119999999999891e+02	1.572189999999999941e+02	1.466899999999999977e+02	1.376500000000000057e+02	1.297299999999999898e+02	1.229549999999999983e+02	1.173930000000000007e+02	1.127469999999999999e+02	1.086269999999999953e+02	1.052399999999999949e+02	1.024249999999999972e+02	1.001820000000000022e+02	9.809900000000000375e+01	9.663400000000000034e+01	9.553499999999999659e+01	9.462000000000000455e+01	9.386400000000000432e+01	9.306300000000000239e+01	9.242199999999999704e+01	9.205599999999999739e+01	9.171299999999999386e+01	9.120900000000000318e+01	9.114100000000000534e+01	9.104900000000000659e+01	9.077500000000000568e+01	9.070600000000000307e+01	9.072899999999999920e+01	9.072899999999999920e+01	9.079699999999999704e+01	9.079699999999999704e+01	9.088899999999999579e+01	9.093500000000000227e+01	9.139300000000000068e+01	9.148399999999999466e+01	9.162099999999999511e+01	9.173600000000000421e+01	9.141500000000000625e+01	9.162099999999999511e+01	9.173600000000000421e+01	9.194199999999999307e+01	9.214799999999999613e+01	9.233100000000000307e+01	9.249099999999999966e+01	9.269700000000000273e+01	9.287999999999999545e+01	9.299500000000000455e+01	9.338400000000000034e+01	9.347499999999999432e+01	9.372700000000000387e+01	9.404800000000000182e+01	9.432200000000000273e+01	9.432200000000000273e+01	9.519199999999999307e+01	9.489400000000000546e+01	9.498600000000000421e+01	9.521500000000000341e+01	9.635899999999999466e+01	9.576399999999999579e+01	9.606199999999999761e+01	9.674800000000000466e+01	9.658799999999999386e+01	9.686299999999999955e+01	9.706900000000000261e+01	9.709199999999999875e+01	9.750400000000000489e+01	9.770999999999999375e+01	9.777800000000000580e+01	9.809900000000000375e+01	9.816700000000000159e+01	9.832800000000000296e+01	9.857899999999999352e+01	9.873999999999999488e+01	9.876300000000000523e+01	9.899099999999999966e+01	9.926600000000000534e+01	9.933499999999999375e+01	1.005019999999999953e+02	1.000210000000000008e+02	1.003419999999999987e+02	1.004789999999999992e+02	1.006389999999999958e+02	1.007079999999999984e+02	1.008910000000000053e+02	1.010510000000000019e+02	1.011659999999999968e+02	1.011659999999999968e+02	1.014629999999999939e+02	1.015780000000000030e+02	1.018070000000000022e+02	1.020360000000000014e+02	1.033859999999999957e+02	1.032939999999999969e+02	1.034320000000000022e+02	1.035690000000000026e+02	1.037289999999999992e+02	1.038209999999999980e+02	1.038670000000000044e+02	1.040729999999999933e+02	1.042099999999999937e+02	1.042099999999999937e+02	1.045300000000000011e+02	1.046449999999999960e+02	1.042330000000000041e+02	1.043469999999999942e+02	1.047129999999999939e+02	1.045300000000000011e+02	1.051250000000000000e+02	1.048509999999999991e+02	1.048739999999999952e+02	1.051479999999999961e+02	1.051940000000000026e+02	1.052630000000000052e+02	1.055600000000000023e+02	1.060409999999999968e+02	1.059489999999999981e+02	1.061550000000000011e+02	1.058810000000000002e+02	1.061329999999999956e+02	1.062699999999999960e+02	1.063389999999999986e+02	1.064300000000000068e+02	1.066359999999999957e+02	1.066820000000000022e+02	1.067049999999999983e+02	1.067729999999999961e+02	1.069339999999999975e+02	1.068880000000000052e+02	1.071170000000000044e+02	1.072079999999999984e+02	1.071850000000000023e+02	1.073679999999999950e+02	1.075969999999999942e+02	1.075739999999999981e+02	1.077579999999999956e+02	1.077120000000000033e+02	1.077800000000000011e+02	1.079180000000000064e+02	1.079410000000000025e+02	1.079180000000000064e+02	1.079410000000000025e+02	1.079860000000000042e+02	1.080550000000000068e+02	1.081470000000000056e+02	1.081470000000000056e+02	1.082150000000000034e+02	1.082609999999999957e+02	1.083070000000000022e+02	1.082379999999999995e+02	1.086500000000000057e+02	1.085819999999999936e+02	1.082379999999999995e+02	1.084899999999999949e+02	1.084210000000000065e+02	1.084669999999999987e+02	1.084899999999999949e+02	1.085360000000000014e+02	1.085130000000000052e+02	1.086500000000000057e+02	1.086039999999999992e+02	1.085360000000000014e+02	1.085819999999999936e+02	1.086959999999999980e+02	1.086269999999999953e+02	1.087879999999999967e+02	1.088559999999999945e+02	1.087420000000000044e+02	1.088329999999999984e+02	1.091080000000000041e+02	1.090390000000000015e+02	1.090619999999999976e+02	1.091539999999999964e+02	1.090390000000000015e+02	1.091770000000000067e+02	1.093139999999999930e+02	1.091539999999999964e+02	1.094509999999999934e+02	1.094279999999999973e+02	1.094509999999999934e+02	1.095430000000000064e+02	1.094969999999999999e+02	1.094969999999999999e+02	1.095199999999999960e+02	1.095660000000000025e+02	1.098179999999999978e+02	1.098629999999999995e+02	1.099320000000000022e+02	1.098859999999999957e+02	1.099090000000000060e+02
0.000000000000000000e+00	2.056959999999999980e+02	1.882100000000000080e+02	1.714099999999999966e+02	1.560289999999999964e+02	1.422040000000000077e+02	1.310579999999999927e+02	1.226809999999999974e+02	1.165699999999999932e+02	1.119920000000000044e+02	1.077579999999999956e+02	1.048280000000000030e+02	1.021500000000000057e+02	9.981499999999999773e+01	9.784699999999999420e+01	9.594700000000000273e+01	9.363599999999999568e+01	9.091200000000000614e+01	8.830299999999999727e+01	8.589900000000000091e+01	8.356499999999999773e+01	8.148199999999999932e+01	7.958199999999999363e+01	7.781999999999999318e+01	7.617199999999999704e+01	7.489000000000000057e+01	7.374599999999999511e+01	7.276200000000000045e+01	7.179999999999999716e+01	7.111400000000000432e+01	7.040399999999999636e+01	6.978600000000000136e+01	6.930500000000000682e+01	6.891599999999999682e+01	6.864199999999999591e+01	6.841299999999999670e+01	6.813800000000000523e+01	6.788599999999999568e+01	6.777200000000000557e+01	6.756600000000000250e+01	6.751999999999999602e+01	6.754300000000000637e+01	6.747400000000000375e+01	6.745099999999999341e+01	6.749699999999999989e+01	6.751999999999999602e+01	6.735999999999999943e+01	6.735999999999999943e+01	6.758899999999999864e+01	6.777200000000000557e+01	6.786299999999999955e+01	6.809199999999999875e+01	6.811499999999999488e+01	6.841299999999999670e+01	6.848099999999999454e+01	6.850400000000000489e+01	6.891599999999999682e+01	6.937399999999999523e+01	6.951099999999999568e+01	6.973999999999999488e+01	6.990099999999999625e+01	7.033499999999999375e+01	7.079300000000000637e+01	7.081600000000000250e+01	7.095300000000000296e+01	7.093000000000000682e+01	7.138800000000000523e+01	7.159399999999999409e+01	7.173199999999999932e+01	7.218899999999999295e+01	7.237199999999999989e+01	7.255599999999999739e+01	7.267000000000000171e+01	7.315099999999999625e+01	7.324200000000000443e+01	7.331100000000000705e+01	7.344799999999999329e+01	7.360800000000000409e+01	7.399699999999999989e+01	7.443200000000000216e+01	7.475300000000000011e+01	7.504999999999999716e+01	7.511899999999999977e+01	7.532500000000000284e+01	7.532500000000000284e+01	7.564499999999999602e+01	7.614900000000000091e+01	7.637800000000000011e+01	7.676699999999999591e+01	7.688100000000000023e+01	7.701900000000000546e+01	7.717900000000000205e+01	7.768200000000000216e+01	7.779699999999999704e+01	7.798000000000000398e+01	7.816299999999999670e+01	7.859799999999999898e+01	7.878100000000000591e+01	7.882699999999999818e+01	7.921599999999999397e+01	7.937600000000000477e+01	7.946800000000000352e+01	7.958199999999999363e+01	7.999399999999999977e+01	8.020000000000000284e+01	8.033799999999999386e+01	8.047499999999999432e+01	8.075000000000000000e+01	8.086400000000000432e+01	8.097799999999999443e+01	8.116100000000000136e+01	8.136700000000000443e+01	8.143600000000000705e+01	8.166500000000000625e+01	8.171099999999999852e+01	8.205400000000000205e+01	8.223699999999999477e+01	8.242000000000000171e+01	8.251200000000000045e+01	8.276399999999999579e+01	8.303799999999999670e+01	8.319899999999999807e+01	8.333599999999999852e+01	8.349599999999999511e+01	8.367900000000000205e+01	8.381699999999999307e+01	8.400000000000000000e+01	8.415999999999999659e+01	8.438899999999999579e+01	8.459499999999999886e+01	8.468600000000000705e+01	8.583100000000000307e+01	8.606000000000000227e+01	8.610500000000000398e+01	8.617400000000000659e+01	8.633400000000000318e+01	8.660899999999999466e+01	8.667799999999999727e+01	8.683799999999999386e+01	8.697499999999999432e+01	8.722700000000000387e+01	8.736400000000000432e+01	8.756999999999999318e+01	8.770799999999999841e+01	8.791400000000000148e+01	8.914900000000000091e+01	8.816500000000000625e+01	8.825700000000000500e+01	8.853100000000000591e+01	8.857699999999999818e+01	8.878300000000000125e+01	8.896599999999999397e+01	8.912699999999999534e+01	8.935500000000000398e+01	8.956100000000000705e+01	8.969899999999999807e+01	8.981300000000000239e+01	8.997299999999999898e+01	9.013400000000000034e+01	9.020199999999999818e+01	9.047700000000000387e+01	9.065999999999999659e+01	9.079699999999999704e+01	9.102599999999999625e+01	9.114100000000000534e+01	9.130100000000000193e+01	9.157599999999999341e+01	9.168999999999999773e+01	9.184999999999999432e+01	9.201000000000000512e+01	9.217100000000000648e+01	9.242199999999999704e+01	9.258299999999999841e+01	9.267400000000000659e+01	9.278900000000000148e+01	9.301800000000000068e+01	9.313200000000000500e+01	9.333799999999999386e+01	9.352100000000000080e+01	9.368099999999999739e+01	9.388700000000000045e+01	9.418500000000000227e+01	9.436799999999999500e+01	9.443699999999999761e+01	9.459699999999999420e+01	9.482599999999999341e+01	9.482599999999999341e+01	9.509999999999999432e+01	9.514600000000000080e+01	9.535200000000000387e+01
0.000000000000000000e+00	4.813609999999999900e+02	4.017559999999999718e+02	3.328629999999999995e+02	2.812040000000000077e+02	2.417909999999999968e+02	2.119219999999999970e+02	1.897199999999999989e+02	1.734470000000000027e+02	1.613849999999999909e+02	1.513820000000000050e+02	1.427760000000000105e+02	1.349720000000000084e+02	1.292949999999999875e+02	1.236189999999999998e+02	1.200030000000000001e+02	1.160660000000000025e+02	1.123349999999999937e+02	1.087189999999999941e+02	1.058119999999999976e+02	1.039809999999999945e+02	1.021500000000000057e+02	1.005939999999999941e+02	9.887699999999999534e+01	9.773300000000000409e+01	9.599299999999999500e+01	9.429900000000000659e+01	9.281199999999999761e+01	9.143800000000000239e+01	9.011100000000000421e+01	8.903499999999999659e+01	8.807399999999999807e+01	8.727299999999999613e+01	8.670000000000000284e+01	8.617400000000000659e+01	8.571599999999999397e+01	8.546399999999999864e+01	8.514400000000000546e+01	8.484600000000000364e+01	8.486899999999999977e+01	8.473199999999999932e+01	8.468600000000000705e+01	8.461799999999999500e+01	8.464100000000000534e+01	8.493800000000000239e+01	8.516700000000000159e+01	8.553300000000000125e+01	8.564799999999999613e+01	8.592199999999999704e+01	8.647199999999999420e+01	8.686100000000000421e+01	8.713500000000000512e+01	8.750199999999999534e+01	8.784499999999999886e+01	8.818800000000000239e+01	8.889799999999999613e+01	8.949299999999999500e+01	8.985899999999999466e+01	9.027100000000000080e+01	9.054600000000000648e+01	9.079699999999999704e+01	9.127800000000000580e+01	9.175900000000000034e+01	9.221599999999999397e+01	9.265099999999999625e+01	9.310899999999999466e+01	9.361299999999999955e+01	9.404800000000000182e+01	9.468800000000000239e+01	9.491700000000000159e+01	9.528400000000000603e+01	9.539799999999999613e+01	9.560399999999999920e+01	9.606199999999999761e+01	9.631300000000000239e+01	9.684000000000000341e+01	9.663400000000000034e+01	9.700000000000000000e+01	9.748099999999999454e+01	9.798399999999999466e+01	9.835099999999999909e+01	9.883100000000000307e+01	9.917400000000000659e+01	9.951800000000000068e+01	1.000439999999999969e+02	1.003880000000000052e+02	1.009369999999999976e+02	1.012800000000000011e+02	1.016009999999999991e+02	1.018750000000000000e+02	1.024020000000000010e+02	1.028139999999999930e+02	1.032259999999999991e+02	1.036830000000000069e+02	1.040270000000000010e+02	1.044389999999999930e+02	1.047819999999999965e+02	1.051710000000000065e+02	1.055600000000000023e+02	1.058810000000000002e+02	1.061779999999999973e+02	1.064759999999999991e+02	1.066590000000000060e+02	1.070019999999999953e+02	1.073679999999999950e+02	1.078029999999999973e+02	1.081470000000000056e+02	1.086039999999999992e+02	1.087650000000000006e+02	1.096119999999999948e+02	1.099090000000000060e+02	1.101380000000000052e+02	1.105960000000000036e+02	1.108250000000000028e+02	1.110079999999999956e+02	1.111680000000000064e+02	1.115570000000000022e+02	1.116940000000000026e+02	1.117860000000000014e+02	1.118769999999999953e+02	1.118089999999999975e+02	1.119459999999999980e+02	1.119000000000000057e+02	1.119459999999999980e+02	1.122210000000000036e+02	1.122890000000000015e+02	1.121520000000000010e+02	1.123349999999999937e+02	1.125180000000000007e+02	1.126099999999999994e+02	1.126790000000000020e+02	1.126560000000000059e+02	1.125409999999999968e+02	1.125180000000000007e+02	1.126099999999999994e+02	1.125639999999999930e+02	1.126329999999999956e+02	1.126790000000000020e+02	1.127240000000000038e+02	1.128389999999999986e+02	1.128619999999999948e+02	1.129069999999999965e+02	1.129989999999999952e+02	1.129530000000000030e+02	1.129530000000000030e+02	1.131359999999999957e+02	1.135030000000000001e+02	1.133190000000000026e+02	1.135709999999999980e+02	1.135480000000000018e+02	1.135030000000000001e+02	1.137079999999999984e+02	1.138229999999999933e+02	1.144639999999999986e+02	1.143259999999999934e+02	1.144180000000000064e+02	1.143719999999999999e+02	1.144180000000000064e+02	1.144869999999999948e+02	1.145100000000000051e+02	1.145100000000000051e+02	1.145780000000000030e+02	1.145780000000000030e+02	1.144869999999999948e+02	1.146700000000000017e+02	1.147159999999999940e+02	1.147379999999999995e+02	1.147159999999999940e+02	1.147159999999999940e+02	1.147840000000000060e+02	1.150360000000000014e+02	1.150130000000000052e+02	1.149899999999999949e+02	1.151050000000000040e+02	1.151959999999999980e+02	1.152879999999999967e+02	1.154020000000000010e+02	1.164549999999999983e+02	1.164549999999999983e+02	1.165469999999999970e+02	1.164090000000000060e+02	1.165699999999999932e+02	1.165240000000000009e+02	1.164549999999999983e+02	1.166149999999999949e+02	1.165919999999999987e+02	1.165010000000000048e+02	1.164090000000000060e+02	1.164320000000000022e+02	1.164779999999999944e+02
1.000000000000000000e+00	2.329329999999999927e+02	2.114410000000000025e+02	1.935649999999999977e+02	1.777729999999999961e+02	1.629869999999999948e+02	1.491620000000000061e+02	1.384739999999999895e+02	1.291579999999999870e+02	1.223370000000000033e+02	1.168670000000000044e+02	1.123810000000000002e+02	1.087650000000000006e+02	1.059489999999999981e+02	1.033859999999999957e+02	1.013029999999999973e+02	9.924299999999999500e+01	9.745799999999999841e+01	9.505500000000000682e+01	9.256000000000000227e+01	9.047700000000000387e+01	8.839400000000000546e+01	8.670000000000000284e+01	8.505200000000000671e+01	8.370199999999999818e+01	8.251200000000000045e+01	8.152800000000000580e+01	8.084099999999999397e+01	8.049800000000000466e+01	8.035999999999999943e+01	7.999399999999999977e+01	7.985699999999999932e+01	7.951399999999999579e+01	7.969700000000000273e+01	7.981100000000000705e+01	7.974200000000000443e+01	7.994799999999999329e+01	8.017700000000000671e+01	8.020000000000000284e+01	8.017700000000000671e+01	8.022299999999999898e+01	8.049800000000000466e+01	8.086400000000000432e+01	8.116100000000000136e+01	8.116100000000000136e+01	8.150499999999999545e+01	8.173399999999999466e+01	8.214600000000000080e+01	8.223699999999999477e+01	8.248900000000000432e+01	8.237500000000000000e+01	8.269499999999999318e+01	8.292400000000000659e+01	8.294700000000000273e+01	8.358799999999999386e+01	8.393099999999999739e+01	8.448000000000000398e+01	8.562500000000000000e+01	8.551000000000000512e+01	8.539600000000000080e+01	8.544199999999999307e+01	8.580800000000000693e+01	8.599099999999999966e+01	8.617400000000000659e+01	8.631100000000000705e+01	8.665500000000000114e+01	8.681499999999999773e+01	8.782200000000000273e+01	8.789100000000000534e+01	8.850900000000000034e+01	8.866899999999999693e+01	8.892100000000000648e+01	8.935500000000000398e+01	9.052299999999999613e+01	9.130100000000000193e+01	9.146099999999999852e+01	9.166700000000000159e+01	9.180500000000000682e+01	9.196500000000000341e+01	9.233100000000000307e+01	9.230800000000000693e+01	9.256000000000000227e+01	9.308599999999999852e+01	9.359000000000000341e+01	9.455100000000000193e+01	9.455100000000000193e+01	9.475700000000000500e+01	9.512300000000000466e+01	9.542100000000000648e+01	9.562699999999999534e+01	9.624500000000000455e+01	9.633599999999999852e+01	9.654200000000000159e+01	9.677100000000000080e+01	9.729800000000000182e+01	9.764100000000000534e+01	9.835099999999999909e+01	9.906000000000000227e+01	9.949500000000000455e+01	1.004560000000000031e+02	1.013490000000000038e+02	1.024249999999999972e+02	1.038670000000000044e+02	1.051940000000000026e+02	1.069110000000000014e+02	1.092000000000000028e+02	1.116260000000000048e+02	1.145550000000000068e+02	1.178050000000000068e+02	1.212390000000000043e+02	1.252439999999999998e+02	1.295929999999999893e+02	1.340099999999999909e+02	1.382220000000000084e+02	1.427539999999999907e+02	1.480639999999999930e+02	1.523439999999999941e+02	1.566930000000000121e+02	1.606980000000000075e+02	1.644060000000000059e+02	1.681819999999999879e+02	1.717529999999999859e+02	1.750490000000000066e+02	1.782299999999999898e+02	1.814350000000000023e+02	1.841810000000000116e+02	1.870420000000000016e+02	1.897889999999999873e+02	1.921690000000000111e+02	1.946639999999999873e+02	1.968149999999999977e+02	1.985780000000000030e+02	2.007980000000000018e+02	2.031330000000000098e+02	2.050550000000000068e+02	2.069089999999999918e+02	2.093580000000000041e+02	2.117160000000000082e+02	2.124710000000000036e+02	2.144850000000000136e+02	2.168199999999999932e+02	2.182620000000000005e+02	2.192920000000000016e+02	2.223360000000000127e+02	2.240070000000000050e+02	2.237319999999999993e+02	2.249219999999999970e+02	2.283329999999999984e+02	2.297290000000000134e+02	2.287450000000000045e+02	2.305980000000000132e+02	2.313770000000000095e+02	2.339859999999999900e+02	2.467350000000000136e+02	2.481080000000000041e+02	2.493209999999999980e+02	2.503969999999999914e+02	2.512659999999999911e+02	2.526169999999999902e+02	2.536930000000000121e+02	2.547680000000000007e+02	2.562099999999999795e+02	2.568740000000000236e+02	2.584300000000000068e+02	2.594379999999999882e+02	2.605129999999999768e+02	2.616120000000000232e+02	2.627789999999999964e+02	2.638550000000000182e+02	2.649769999999999754e+02	2.660289999999999964e+02	2.670140000000000100e+02	2.680439999999999827e+02	2.698290000000000077e+02	2.710419999999999732e+02	2.721630000000000109e+02	2.721179999999999950e+02	2.731700000000000159e+02	2.741999999999999886e+02	2.752300000000000182e+02	2.762599999999999909e+02	2.771759999999999877e+02	2.782520000000000095e+02	2.793269999999999982e+02	2.802200000000000273e+02	2.809300000000000068e+02	2.818450000000000273e+02	2.829900000000000091e+02	2.831730000000000018e+02	2.841569999999999823e+02
1.000000000000000000e+00	2.259060000000000059e+02	2.064739999999999895e+02	1.904979999999999905e+02	1.757810000000000059e+02	1.639250000000000114e+02	1.526639999999999873e+02	1.432340000000000089e+02	1.360469999999999970e+02	1.293640000000000043e+02	1.229099999999999966e+02	1.175769999999999982e+02	1.136629999999999967e+02	1.102289999999999992e+02	1.078949999999999960e+02	1.054689999999999941e+02	1.035460000000000065e+02	1.017609999999999957e+02	1.007540000000000049e+02	9.954099999999999682e+01	9.883100000000000307e+01	9.789300000000000068e+01	9.814499999999999602e+01	9.773300000000000409e+01	9.684000000000000341e+01	9.619899999999999807e+01	9.530599999999999739e+01	9.459699999999999420e+01	9.409300000000000352e+01	9.354399999999999693e+01	9.347499999999999432e+01	9.283400000000000318e+01	9.276600000000000534e+01	9.258299999999999841e+01	9.256000000000000227e+01	9.244499999999999318e+01	9.308599999999999852e+01	9.317799999999999727e+01	9.315500000000000114e+01	9.338400000000000034e+01	9.322400000000000375e+01	9.349800000000000466e+01	9.349800000000000466e+01	9.368099999999999739e+01	9.377299999999999613e+01	9.386400000000000432e+01	9.425400000000000489e+01	9.441400000000000148e+01	9.464300000000000068e+01	9.498600000000000421e+01	9.514600000000000080e+01	9.569499999999999318e+01	9.567300000000000182e+01	9.631300000000000239e+01	9.638200000000000500e+01	9.690900000000000603e+01	9.690900000000000603e+01	9.704600000000000648e+01	9.777800000000000580e+01	9.764100000000000534e+01	9.837300000000000466e+01	9.844199999999999307e+01	9.906000000000000227e+01	9.924299999999999500e+01	1.002039999999999935e+02	1.002960000000000065e+02	1.010510000000000019e+02	1.012800000000000011e+02	1.021039999999999992e+02	1.024699999999999989e+02	1.032030000000000030e+02	1.034770000000000039e+02	1.044159999999999968e+02	1.051710000000000065e+02	1.060409999999999968e+02	1.071400000000000006e+02	1.083299999999999983e+02	1.095889999999999986e+02	1.110529999999999973e+02	1.128619999999999948e+02	1.148529999999999944e+02	1.167530000000000001e+02	1.188130000000000024e+02	1.211929999999999978e+02	1.240310000000000059e+02	1.271899999999999977e+02	1.305540000000000020e+02	1.339650000000000034e+02	1.383129999999999882e+02	1.428449999999999989e+02	1.473540000000000134e+02	1.525500000000000114e+02	1.577220000000000084e+02	1.631469999999999914e+02	1.688460000000000036e+02	1.777500000000000000e+02	1.833110000000000070e+02	1.887359999999999900e+02	1.936109999999999900e+02	1.985089999999999861e+02	2.027210000000000036e+02	2.064509999999999934e+02	2.100449999999999875e+02	2.131349999999999909e+02	2.160869999999999891e+02	2.187649999999999864e+02	2.211910000000000025e+02	2.234799999999999898e+02	2.251740000000000066e+02	2.269360000000000070e+02	2.288360000000000127e+02	2.304149999999999920e+02	2.319720000000000084e+02	2.336879999999999882e+02	2.348789999999999907e+02	2.360229999999999961e+02	2.365720000000000027e+02	2.375790000000000077e+02	2.383350000000000080e+02	2.389300000000000068e+02	2.396160000000000139e+02	2.400279999999999916e+02	2.408520000000000039e+02	2.412410000000000139e+02	2.430730000000000075e+02	2.432789999999999964e+02	2.435989999999999895e+02	2.442860000000000014e+02	2.445600000000000023e+02	2.449950000000000045e+02	2.454759999999999991e+02	2.456819999999999879e+02	2.459559999999999889e+02	2.461620000000000061e+02	2.463460000000000036e+02	2.470089999999999861e+02	2.472150000000000034e+02	2.471690000000000111e+02	2.473300000000000125e+02	2.474900000000000091e+02	2.484050000000000011e+02	2.483369999999999891e+02	2.483830000000000098e+02	2.481539999999999964e+02	2.479929999999999950e+02	2.484970000000000141e+02	2.484279999999999973e+02	2.491380000000000052e+02	2.489550000000000125e+02	2.489319999999999879e+02	2.500529999999999973e+02	2.495960000000000036e+02	2.493439999999999941e+02	2.496409999999999911e+02	2.498249999999999886e+02	2.495500000000000114e+02	2.493669999999999902e+02	2.491150000000000091e+02	2.487259999999999991e+02	2.485889999999999986e+02	2.483830000000000098e+02	2.479710000000000036e+02	2.476959999999999980e+02	2.493209999999999980e+02	2.491839999999999975e+02	2.494579999999999984e+02	2.488400000000000034e+02	2.482680000000000007e+02	2.478329999999999984e+02	2.476040000000000134e+02	2.474670000000000130e+02	2.472379999999999995e+02	2.476500000000000057e+02	2.477189999999999941e+02	2.475589999999999975e+02	2.473300000000000125e+02	2.469180000000000064e+02	2.469410000000000025e+02	2.468720000000000141e+02	2.467800000000000011e+02	2.469639999999999986e+02	2.466889999999999930e+02	2.463230000000000075e+02	2.465519999999999925e+02	2.466659999999999968e+02	2.461399999999999864e+02	2.462539999999999907e+02	2.459339999999999975e+02	2.456819999999999879e+02	2.456819999999999879e+02
0.000000000000000000e+00	3.420179999999999723e+02	3.089900000000000091e+02	2.827610000000000241e+02	2.605129999999999768e+02	2.415159999999999911e+02	2.245099999999999909e+02	2.105939999999999941e+02	1.979830000000000041e+02	1.861719999999999970e+02	1.768799999999999955e+02	1.690749999999999886e+02	1.628040000000000020e+02	1.575620000000000118e+02	1.530759999999999934e+02	1.494139999999999873e+02	1.464610000000000127e+02	1.435999999999999943e+02	1.407849999999999966e+02	1.391370000000000005e+02	1.372829999999999870e+02	1.354519999999999982e+02	1.338729999999999905e+02	1.327290000000000134e+02	1.316990000000000123e+02	1.308060000000000116e+02	1.299130000000000109e+02	1.292949999999999875e+02	1.287920000000000016e+02	1.283110000000000070e+02	1.280140000000000100e+02	1.276250000000000000e+02	1.273730000000000047e+02	1.269609999999999985e+02	1.269609999999999985e+02	1.267090000000000032e+02	1.266400000000000006e+02	1.269839999999999947e+02	1.270070000000000050e+02	1.273730000000000047e+02	1.276470000000000056e+02	1.278310000000000031e+02	1.284259999999999877e+02	1.288600000000000136e+02	1.294099999999999966e+02	1.306920000000000073e+02	1.312410000000000139e+02	1.318590000000000089e+02	1.325000000000000000e+02	1.331409999999999911e+02	1.337810000000000059e+02	1.342620000000000005e+02	1.347659999999999911e+02	1.353149999999999977e+02	1.359099999999999966e+02	1.358180000000000121e+02	1.340099999999999909e+02	1.322709999999999866e+02	1.312640000000000100e+02	1.309890000000000043e+02	1.308979999999999961e+02	1.315610000000000070e+02	1.322019999999999982e+02	1.329350000000000023e+02	1.341709999999999923e+02	1.352230000000000132e+02	1.361620000000000061e+02	1.371459999999999866e+02	1.379929999999999950e+02	1.389079999999999870e+02	1.397090000000000032e+02	1.407170000000000130e+02	1.414950000000000045e+02	1.423189999999999884e+02	1.429600000000000080e+02	1.435780000000000030e+02	1.444699999999999989e+02	1.454540000000000077e+02	1.460269999999999868e+02	1.466670000000000016e+02	1.472849999999999966e+02	1.480409999999999968e+02	1.488880000000000052e+02	1.496430000000000007e+02	1.502839999999999918e+02	1.510620000000000118e+02	1.518170000000000073e+02	1.524120000000000061e+02	1.533969999999999914e+02	1.541519999999999868e+02	1.547930000000000064e+02	1.556630000000000109e+02	1.565550000000000068e+02	1.573100000000000023e+02	1.580660000000000025e+02	1.588669999999999902e+02	1.596220000000000141e+02	1.601939999999999884e+02	1.609499999999999886e+02	1.609950000000000045e+02	1.611790000000000020e+02	1.612470000000000141e+02	1.617050000000000125e+02	1.621169999999999902e+02	1.624370000000000118e+02	1.625519999999999925e+02	1.602630000000000052e+02	1.571959999999999980e+02	1.554339999999999975e+02	1.548839999999999861e+02	1.549759999999999991e+02	1.552050000000000125e+02	1.556399999999999864e+02	1.564410000000000025e+02	1.573329999999999984e+02	1.582719999999999914e+02	1.601260000000000048e+02	1.610180000000000007e+02	1.620029999999999859e+02	1.627810000000000059e+02	1.636959999999999980e+02	1.646119999999999948e+02	1.653439999999999941e+02	1.660080000000000098e+02	1.669919999999999902e+02	1.677930000000000064e+02	1.686399999999999864e+02	1.693040000000000020e+02	1.699679999999999893e+02	1.705399999999999920e+02	1.711810000000000116e+02	1.716160000000000139e+02	1.720279999999999916e+02	1.721419999999999959e+02	1.716610000000000014e+02	1.713410000000000082e+02	1.710430000000000064e+02	1.711119999999999948e+02	1.710889999999999986e+02	1.715469999999999970e+02	1.721879999999999882e+02	1.725769999999999982e+02	1.731949999999999932e+02	1.736299999999999955e+02	1.741790000000000020e+02	1.745000000000000000e+02	1.749569999999999936e+02	1.745680000000000121e+02	1.745910000000000082e+02	1.748199999999999932e+02	1.751169999999999902e+02	1.753009999999999877e+02	1.756440000000000055e+02	1.756210000000000093e+02	1.755749999999999886e+02	1.756670000000000016e+02	1.758959999999999866e+02	1.762620000000000005e+02	1.764219999999999970e+02	1.767429999999999950e+02	1.769029999999999916e+02	1.771550000000000011e+02	1.772230000000000132e+02	1.774519999999999982e+02	1.776349999999999909e+02	1.777270000000000039e+02	1.778180000000000121e+02	1.780469999999999970e+02	1.782069999999999936e+02	1.782299999999999898e+02	1.782760000000000105e+02	1.784130000000000109e+02	1.785279999999999916e+02	1.786649999999999920e+02	1.787340000000000089e+02	1.789629999999999939e+02	1.789629999999999939e+02	1.789399999999999977e+02	1.789629999999999939e+02	1.790540000000000020e+02	1.791690000000000111e+02	1.793290000000000077e+02	1.793060000000000116e+02	1.793290000000000077e+02	1.794430000000000121e+02	1.796040000000000134e+02	1.798100000000000023e+02	1.799010000000000105e+02	1.799470000000000027e+02	1.799699999999999989e+02
0.000000000000000000e+00	2.458650000000000091e+02	2.265929999999999893e+02	2.090840000000000032e+02	1.918259999999999934e+02	1.778640000000000043e+02	1.662829999999999870e+02	1.569209999999999923e+02	1.490250000000000057e+02	1.424329999999999927e+02	1.365970000000000084e+02	1.326829999999999927e+02	1.298449999999999989e+02	1.262969999999999970e+02	1.239849999999999994e+02	1.220169999999999959e+02	1.198649999999999949e+02	1.182860000000000014e+02	1.167069999999999936e+02	1.148990000000000009e+02	1.133649999999999949e+02	1.104579999999999984e+02	1.071400000000000006e+02	1.040270000000000010e+02	1.014399999999999977e+02	9.935800000000000409e+01	9.718300000000000693e+01	9.560399999999999920e+01	9.413899999999999579e+01	9.283400000000000318e+01	9.189600000000000080e+01	9.077500000000000568e+01	9.004200000000000159e+01	8.940099999999999625e+01	8.912699999999999534e+01	8.869199999999999307e+01	8.809699999999999420e+01	8.775300000000000011e+01	8.759300000000000352e+01	8.729600000000000648e+01	8.683799999999999386e+01	8.672299999999999898e+01	8.654000000000000625e+01	8.663200000000000500e+01	8.635699999999999932e+01	8.654000000000000625e+01	8.626600000000000534e+01	8.644899999999999807e+01	8.667799999999999727e+01	8.663200000000000500e+01	8.642600000000000193e+01	8.617400000000000659e+01	8.667799999999999727e+01	8.686100000000000421e+01	8.679200000000000159e+01	8.736400000000000432e+01	8.734099999999999397e+01	8.731799999999999784e+01	8.738700000000000045e+01	8.752400000000000091e+01	8.857699999999999818e+01	8.828000000000000114e+01	8.841700000000000159e+01	8.837099999999999511e+01	8.848600000000000421e+01	8.889799999999999613e+01	8.946999999999999886e+01	8.958400000000000318e+01	9.047700000000000387e+01	9.093500000000000227e+01	9.093500000000000227e+01	9.107200000000000273e+01	9.127800000000000580e+01	9.150700000000000500e+01	9.189600000000000080e+01	9.198799999999999955e+01	9.182699999999999818e+01	9.214799999999999613e+01	9.242199999999999704e+01	9.274299999999999500e+01	9.274299999999999500e+01	9.281199999999999761e+01	9.299500000000000455e+01	9.359000000000000341e+01	9.429900000000000659e+01	9.528400000000000603e+01	9.594700000000000273e+01	9.590099999999999625e+01	9.574099999999999966e+01	9.590099999999999625e+01	9.700000000000000000e+01	9.734300000000000352e+01	9.738899999999999579e+01	9.764100000000000534e+01	9.777800000000000580e+01	9.812199999999999989e+01	9.823600000000000421e+01	9.862500000000000000e+01	9.885399999999999920e+01	9.910599999999999454e+01	9.974699999999999989e+01	1.001359999999999957e+02	1.002270000000000039e+02	1.005709999999999980e+02	1.011200000000000045e+02	1.013719999999999999e+02	1.015550000000000068e+02	1.018299999999999983e+02	1.025160000000000053e+02	1.027680000000000007e+02	1.031110000000000042e+02	1.034770000000000039e+02	1.051250000000000000e+02	1.054230000000000018e+02	1.058349999999999937e+02	1.060409999999999968e+02	1.065669999999999931e+02	1.068419999999999987e+02	1.072309999999999945e+02	1.076430000000000007e+02	1.078719999999999999e+02	1.081919999999999931e+02	1.085819999999999936e+02	1.089020000000000010e+02	1.092909999999999968e+02	1.098400000000000034e+02	1.102519999999999953e+02	1.107330000000000041e+02	1.112590000000000003e+02	1.118319999999999936e+02	1.123119999999999976e+02	1.127240000000000038e+02	1.132969999999999970e+02	1.136860000000000070e+02	1.142579999999999956e+02	1.147379999999999995e+02	1.154020000000000010e+02	1.159969999999999999e+02	1.168209999999999980e+02	1.178050000000000068e+02	1.185150000000000006e+02	1.191790000000000020e+02	1.198199999999999932e+02	1.203919999999999959e+02	1.210330000000000013e+02	1.217189999999999941e+02	1.223370000000000033e+02	1.229549999999999983e+02	1.234590000000000032e+02	1.241910000000000025e+02	1.248319999999999936e+02	1.253810000000000002e+02	1.260220000000000056e+02	1.266170000000000044e+02	1.273040000000000020e+02	1.278990000000000009e+02	1.283569999999999993e+02	1.287920000000000016e+02	1.293640000000000043e+02	1.296620000000000061e+02	1.300740000000000123e+02	1.304170000000000016e+02	1.307599999999999909e+02	1.311719999999999970e+02	1.315380000000000109e+02	1.319269999999999925e+02	1.322709999999999866e+02	1.327290000000000134e+02	1.330949999999999989e+02	1.334149999999999920e+02	1.337359999999999900e+02	1.341250000000000000e+02	1.344910000000000139e+02	1.350629999999999882e+02	1.352460000000000093e+02	1.352460000000000093e+02	1.353379999999999939e+02	1.354749999999999943e+02	1.353609999999999900e+02	1.355900000000000034e+02	1.356579999999999870e+02	1.355670000000000073e+02	1.358180000000000121e+02	1.358180000000000121e+02	1.357500000000000000e+02	1.359099999999999966e+02	1.359790000000000134e+02	1.359559999999999889e+02	1.360469999999999970e+02	1.361620000000000061e+02
0.000000000000000000e+00	2.716829999999999927e+02	2.473530000000000086e+02	2.240980000000000132e+02	2.029720000000000084e+02	1.827390000000000043e+02	1.672439999999999998e+02	1.564180000000000064e+02	1.483149999999999977e+02	1.419979999999999905e+02	1.380159999999999911e+02	1.334610000000000127e+02	1.272129999999999939e+02	1.263199999999999932e+02	1.239620000000000033e+02	1.219710000000000036e+02	1.201629999999999967e+02	1.183780000000000001e+02	1.168670000000000044e+02	1.152650000000000006e+02	1.137770000000000010e+02	1.122890000000000015e+02	1.102069999999999936e+02	1.075060000000000002e+02	1.048050000000000068e+02	1.021500000000000057e+02	9.958599999999999852e+01	9.741200000000000614e+01	9.537500000000000000e+01	9.375000000000000000e+01	9.223900000000000432e+01	9.088899999999999579e+01	8.965300000000000580e+01	8.876000000000000512e+01	8.802800000000000580e+01	8.738700000000000045e+01	8.672299999999999898e+01	8.631100000000000705e+01	8.589900000000000091e+01	8.553300000000000125e+01	8.516700000000000159e+01	8.500700000000000500e+01	8.466299999999999670e+01	8.443500000000000227e+01	8.438899999999999579e+01	8.441200000000000614e+01	8.415999999999999659e+01	8.434300000000000352e+01	8.452599999999999625e+01	8.425100000000000477e+01	8.425100000000000477e+01	8.431999999999999318e+01	8.420600000000000307e+01	8.404500000000000171e+01	8.386199999999999477e+01	8.377100000000000080e+01	8.404500000000000171e+01	8.420600000000000307e+01	8.404500000000000171e+01	8.461799999999999500e+01	8.443500000000000227e+01	8.448000000000000398e+01	8.459499999999999886e+01	8.466299999999999670e+01	8.505200000000000671e+01	8.512099999999999511e+01	8.514400000000000546e+01	8.505200000000000671e+01	8.503000000000000114e+01	8.523600000000000421e+01	8.532699999999999818e+01	8.606000000000000227e+01	8.608199999999999363e+01	8.601399999999999579e+01	8.612800000000000011e+01	8.608199999999999363e+01	8.649399999999999977e+01	8.651699999999999591e+01	8.667799999999999727e+01	8.672299999999999898e+01	8.688400000000000034e+01	8.672299999999999898e+01	8.699800000000000466e+01	8.706699999999999307e+01	8.754699999999999704e+01	8.740999999999999659e+01	8.768500000000000227e+01	9.008799999999999386e+01	8.956100000000000705e+01	9.045399999999999352e+01	9.043099999999999739e+01	9.056900000000000261e+01	9.098099999999999454e+01	9.086599999999999966e+01	9.081999999999999318e+01	9.079699999999999704e+01	9.166700000000000159e+01	9.194199999999999307e+01	9.201000000000000512e+01	9.244499999999999318e+01	9.237699999999999534e+01	9.265099999999999625e+01	9.260599999999999454e+01	9.269700000000000273e+01	9.281199999999999761e+01	9.306300000000000239e+01	9.390999999999999659e+01	9.390999999999999659e+01	9.411599999999999966e+01	9.406999999999999318e+01	9.429900000000000659e+01	9.432200000000000273e+01	9.432200000000000273e+01	9.445999999999999375e+01	9.464300000000000068e+01	9.521500000000000341e+01	9.555800000000000693e+01	9.558100000000000307e+01	9.631300000000000239e+01	9.612999999999999545e+01	9.612999999999999545e+01	9.645099999999999341e+01	9.684000000000000341e+01	9.690900000000000603e+01	9.727500000000000568e+01	9.764100000000000534e+01	9.775499999999999545e+01	9.796099999999999852e+01	9.807599999999999341e+01	9.823600000000000421e+01	9.828199999999999648e+01	9.853400000000000603e+01	9.862500000000000000e+01	9.892300000000000182e+01	9.908299999999999841e+01	9.912900000000000489e+01	9.965500000000000114e+01	1.006159999999999997e+02	1.010739999999999981e+02	1.010739999999999981e+02	1.011430000000000007e+02	1.013029999999999973e+02	1.015090000000000003e+02	1.016689999999999969e+02	1.018979999999999961e+02	1.020130000000000052e+02	1.023329999999999984e+02	1.026080000000000041e+02	1.029969999999999999e+02	1.032710000000000008e+02	1.035460000000000065e+02	1.036380000000000052e+02	1.039350000000000023e+02	1.039809999999999945e+02	1.042560000000000002e+02	1.043469999999999942e+02	1.045070000000000050e+02	1.048509999999999991e+02	1.051029999999999944e+02	1.055600000000000023e+02	1.056979999999999933e+02	1.057210000000000036e+02	1.058810000000000002e+02	1.060409999999999968e+02	1.064300000000000068e+02	1.066590000000000060e+02	1.072770000000000010e+02	1.075060000000000002e+02	1.077349999999999994e+02	1.079180000000000064e+02	1.082840000000000060e+02	1.085589999999999975e+02	1.087650000000000006e+02	1.090160000000000053e+02	1.093599999999999994e+02	1.095889999999999986e+02	1.099320000000000022e+02	1.101610000000000014e+02	1.104579999999999984e+02	1.106640000000000015e+02	1.110079999999999956e+02	1.112590000000000003e+02	1.116490000000000009e+02	1.118769999999999953e+02	1.121749999999999972e+02	1.125409999999999968e+02	1.128850000000000051e+02	1.131129999999999995e+02	1.135709999999999980e+02	1.139140000000000015e+02
0.000000000000000000e+00	3.367769999999999868e+02	2.876129999999999995e+02	2.480850000000000080e+02	2.168429999999999893e+02	1.907500000000000000e+02	1.697849999999999966e+02	1.517489999999999952e+02	1.384279999999999973e+02	1.278760000000000048e+02	1.194309999999999974e+02	1.132279999999999944e+02	1.079410000000000025e+02	1.035919999999999987e+02	9.942600000000000193e+01	9.672499999999999432e+01	9.363599999999999568e+01	9.120900000000000318e+01	8.850900000000000034e+01	8.628799999999999670e+01	8.404500000000000171e+01	8.221399999999999864e+01	8.065800000000000125e+01	7.937600000000000477e+01	7.843800000000000239e+01	7.713299999999999557e+01	7.626300000000000523e+01	7.548499999999999943e+01	7.489000000000000057e+01	7.420300000000000296e+01	7.319599999999999795e+01	7.260099999999999909e+01	7.264700000000000557e+01	7.253300000000000125e+01	7.218899999999999295e+01	7.205200000000000671e+01	7.193800000000000239e+01	7.255599999999999739e+01	7.239499999999999602e+01	7.230400000000000205e+01	7.214400000000000546e+01	7.230400000000000205e+01	7.214400000000000546e+01	7.207500000000000284e+01	7.223499999999999943e+01	7.237199999999999989e+01	7.228100000000000591e+01	7.218899999999999295e+01	7.198300000000000409e+01	7.186899999999999977e+01	7.145699999999999363e+01	7.136499999999999488e+01	7.148000000000000398e+01	7.138800000000000523e+01	7.120499999999999829e+01	7.118200000000000216e+01	7.097599999999999909e+01	7.106799999999999784e+01	7.102200000000000557e+01	7.093000000000000682e+01	7.143399999999999750e+01	7.209799999999999898e+01	7.175400000000000489e+01	7.182299999999999329e+01	7.159399999999999409e+01	7.141100000000000136e+01	7.148000000000000398e+01	7.127400000000000091e+01	7.150300000000000011e+01	7.127400000000000091e+01	7.129699999999999704e+01	7.111400000000000432e+01	7.109099999999999397e+01	7.093000000000000682e+01	7.081600000000000250e+01	7.058700000000000330e+01	7.054099999999999682e+01	7.042700000000000671e+01	7.070199999999999818e+01	7.106799999999999784e+01	7.088500000000000512e+01	7.106799999999999784e+01	7.088500000000000512e+01	7.079300000000000637e+01	7.067900000000000205e+01	7.065600000000000591e+01	7.060999999999999943e+01	7.045000000000000284e+01	7.019799999999999329e+01	6.992300000000000182e+01	7.024399999999999977e+01	7.040399999999999636e+01	7.017499999999999716e+01	7.051800000000000068e+01	7.141100000000000136e+01	7.113599999999999568e+01	7.099899999999999523e+01	7.104500000000000171e+01	7.113599999999999568e+01	7.102200000000000557e+01	7.102200000000000557e+01	7.095300000000000296e+01	7.076999999999999602e+01	7.067900000000000205e+01	7.056399999999999295e+01	7.054099999999999682e+01	7.051800000000000068e+01	7.056399999999999295e+01	7.051800000000000068e+01	7.051800000000000068e+01	7.216599999999999682e+01	7.207500000000000284e+01	7.195999999999999375e+01	7.193800000000000239e+01	7.170900000000000318e+01	7.186899999999999977e+01	7.184600000000000364e+01	7.179999999999999716e+01	7.173199999999999932e+01	7.173199999999999932e+01	7.177700000000000102e+01	7.186899999999999977e+01	7.179999999999999716e+01	7.186899999999999977e+01	7.177700000000000102e+01	7.221200000000000330e+01	7.221200000000000330e+01	7.228100000000000591e+01	7.237199999999999989e+01	7.218899999999999295e+01	7.209799999999999898e+01	7.225799999999999557e+01	7.216599999999999682e+01	7.223499999999999943e+01	7.212099999999999511e+01	7.205200000000000671e+01	7.202899999999999636e+01	7.209799999999999898e+01	7.237199999999999989e+01	7.262399999999999523e+01	7.257800000000000296e+01	7.271599999999999397e+01	7.312800000000000011e+01	7.319599999999999795e+01	7.337999999999999545e+01	7.351699999999999591e+01	7.354000000000000625e+01	7.376900000000000546e+01	7.392900000000000205e+01	7.404300000000000637e+01	7.415800000000000125e+01	7.436400000000000432e+01	7.445499999999999829e+01	7.450100000000000477e+01	7.429500000000000171e+01	7.452400000000000091e+01	7.438700000000000045e+01	7.450100000000000477e+01	7.468399999999999750e+01	7.479900000000000659e+01	7.493600000000000705e+01	7.504999999999999716e+01	7.527899999999999636e+01	7.532500000000000284e+01	7.546200000000000330e+01	7.573699999999999477e+01	7.596599999999999397e+01	7.619499999999999318e+01	7.635500000000000398e+01	7.656100000000000705e+01	7.850600000000000023e+01	7.882699999999999818e+01	7.912399999999999523e+01	7.930800000000000693e+01	7.942199999999999704e+01	7.971999999999999886e+01	7.981100000000000705e+01	8.006300000000000239e+01	8.024599999999999511e+01	8.052100000000000080e+01	8.077200000000000557e+01	8.093300000000000693e+01	8.109300000000000352e+01	8.120699999999999363e+01	8.143600000000000705e+01	8.166500000000000625e+01	8.175700000000000500e+01	8.177899999999999636e+01	8.200799999999999557e+01	8.221399999999999864e+01
0.000000000000000000e+00	2.254500000000000171e+01	2.581800000000000139e+01	2.082799999999999940e+01	1.943199999999999861e+01	2.112600000000000122e+01	2.021000000000000085e+01	2.526899999999999835e+01	2.311700000000000088e+01	2.535999999999999943e+01	2.545200000000000173e+01	2.000400000000000134e+01	2.524599999999999866e+01	2.403300000000000125e+01	2.298000000000000043e+01	2.545200000000000173e+01	2.414699999999999847e+01	1.911199999999999832e+01	2.350600000000000023e+01	2.254500000000000171e+01	2.094300000000000139e+01	2.494800000000000040e+01	2.414699999999999847e+01	2.183500000000000085e+01	1.940899999999999892e+01	1.968400000000000105e+01	1.956899999999999906e+01	1.959199999999999875e+01	1.970700000000000074e+01	2.261400000000000077e+01	1.966100000000000136e+01	2.130900000000000105e+01	1.979799999999999827e+01	2.359799999999999898e+01	2.549699999999999989e+01	2.574899999999999878e+01	2.648199999999999932e+01	2.627599999999999980e+01	2.059900000000000020e+01	2.467299999999999827e+01	2.693900000000000006e+01	2.039300000000000068e+01	2.137800000000000011e+01	2.069099999999999895e+01	2.092000000000000171e+01	2.332300000000000040e+01	2.588700000000000045e+01	2.213299999999999912e+01	2.529100000000000037e+01	2.671099999999999852e+01	2.561199999999999832e+01	2.730600000000000094e+01	2.650499999999999901e+01	2.117200000000000060e+01	2.522299999999999898e+01	2.201800000000000068e+01	2.181200000000000117e+01	2.581800000000000139e+01	2.414699999999999847e+01	2.773999999999999844e+01	2.773999999999999844e+01	2.229299999999999926e+01	2.744300000000000139e+01	2.256800000000000139e+01	2.323199999999999932e+01	2.554299999999999926e+01	2.696199999999999974e+01	2.664199999999999946e+01	2.384900000000000020e+01	2.442200000000000060e+01	2.284199999999999875e+01	2.639000000000000057e+01	2.398699999999999832e+01	2.808399999999999963e+01	2.776300000000000168e+01	2.362099999999999866e+01	2.506299999999999883e+01	2.330000000000000071e+01	2.499399999999999977e+01	2.700799999999999912e+01	2.682499999999999929e+01	2.716799999999999926e+01	2.833599999999999852e+01	2.787800000000000011e+01	2.671099999999999852e+01	2.284199999999999875e+01	2.538299999999999912e+01	2.343799999999999883e+01	2.664199999999999946e+01	2.844999999999999929e+01	2.645899999999999963e+01	2.794600000000000151e+01	2.561199999999999832e+01	2.359799999999999898e+01	2.382700000000000173e+01	2.320899999999999963e+01	2.760300000000000153e+01	2.700799999999999912e+01	2.835800000000000054e+01	2.426099999999999923e+01	2.723699999999999832e+01	2.742000000000000171e+01	2.609299999999999997e+01	2.348300000000000054e+01	2.648199999999999932e+01	2.517699999999999960e+01	2.790099999999999980e+01	2.833599999999999852e+01	2.883899999999999864e+01	2.803800000000000026e+01	2.458200000000000074e+01	2.350600000000000023e+01	2.325400000000000134e+01	2.499399999999999977e+01	2.801500000000000057e+01	2.773999999999999844e+01	2.840399999999999991e+01	2.863299999999999912e+01	2.579500000000000171e+01	2.602400000000000091e+01	2.352899999999999991e+01	2.551999999999999957e+01	2.620700000000000074e+01	2.719099999999999895e+01	2.822100000000000009e+01	2.863299999999999912e+01	2.812999999999999901e+01	2.872500000000000142e+01	2.668799999999999883e+01	2.584100000000000108e+01	2.831299999999999883e+01	2.794600000000000151e+01	2.547500000000000142e+01	2.645899999999999963e+01	2.460500000000000043e+01	2.394099999999999895e+01	2.714499999999999957e+01	2.570299999999999940e+01	2.886199999999999832e+01	2.705399999999999849e+01	2.325400000000000134e+01	2.378099999999999881e+01	2.307100000000000151e+01	2.423900000000000077e+01	2.748900000000000077e+01	2.634400000000000119e+01	2.529100000000000037e+01	2.710000000000000142e+01	2.417000000000000171e+01	2.680199999999999960e+01	2.847299999999999898e+01	2.888500000000000156e+01	2.801500000000000057e+01	2.785500000000000043e+01	2.499399999999999977e+01	2.812999999999999901e+01	2.675600000000000023e+01	2.465099999999999980e+01	2.325400000000000134e+01	2.739699999999999847e+01	2.643599999999999994e+01	2.574899999999999878e+01	2.710000000000000142e+01	2.570299999999999940e+01	2.336899999999999977e+01	2.311700000000000088e+01	2.309400000000000119e+01	2.352899999999999991e+01	2.655000000000000071e+01	2.602400000000000091e+01	2.581800000000000139e+01	2.680199999999999960e+01	2.819800000000000040e+01	2.865599999999999881e+01	2.625300000000000011e+01	2.796900000000000119e+01	2.888500000000000156e+01	2.762600000000000122e+01	2.828999999999999915e+01	2.515399999999999991e+01	2.410099999999999909e+01	2.771799999999999997e+01	2.435300000000000153e+01	2.332300000000000040e+01	2.403300000000000125e+01	2.428399999999999892e+01	2.378099999999999881e+01	2.318599999999999994e+01	2.478800000000000026e+01	2.469600000000000151e+01
0.000000000000000000e+00	1.644519999999999982e+02	1.513600000000000136e+02	1.375579999999999927e+02	1.243059999999999974e+02	1.124950000000000045e+02	1.056290000000000049e+02	9.640500000000000114e+01	9.120900000000000318e+01	8.706699999999999307e+01	8.358799999999999386e+01	8.159600000000000364e+01	8.031499999999999773e+01	7.841500000000000625e+01	7.745399999999999352e+01	7.642400000000000659e+01	7.557699999999999818e+01	7.470699999999999363e+01	7.422599999999999909e+01	7.363100000000000023e+01	7.342499999999999716e+01	7.200600000000000023e+01	7.184600000000000364e+01	7.120499999999999829e+01	7.076999999999999602e+01	7.006100000000000705e+01	6.953400000000000603e+01	6.889300000000000068e+01	6.905400000000000205e+01	6.866500000000000625e+01	6.793200000000000216e+01	6.749699999999999989e+01	6.706199999999999761e+01	6.660500000000000398e+01	6.639900000000000091e+01	6.646699999999999875e+01	6.619299999999999784e+01	6.605500000000000682e+01	6.594100000000000250e+01	6.594100000000000250e+01	6.589499999999999602e+01	6.587199999999999989e+01	6.584900000000000375e+01	6.580400000000000205e+01	6.571200000000000330e+01	6.573499999999999943e+01	6.571200000000000330e+01	6.587199999999999989e+01	6.591800000000000637e+01	6.607800000000000296e+01	6.610099999999999909e+01	6.646699999999999875e+01	6.646699999999999875e+01	6.665000000000000568e+01	6.697100000000000364e+01	6.715399999999999636e+01	6.731399999999999295e+01	6.751999999999999602e+01	6.777200000000000557e+01	6.804699999999999704e+01	6.829800000000000182e+01	6.845900000000000318e+01	6.866500000000000625e+01	6.903100000000000591e+01	6.928300000000000125e+01	6.948900000000000432e+01	6.973999999999999488e+01	7.003799999999999670e+01	7.033499999999999375e+01	7.067900000000000205e+01	7.111400000000000432e+01	7.141100000000000136e+01	7.168600000000000705e+01	7.212099999999999511e+01	7.232699999999999818e+01	7.273900000000000432e+01	7.312800000000000011e+01	7.354000000000000625e+01	7.390600000000000591e+01	7.447799999999999443e+01	7.454699999999999704e+01	7.511899999999999977e+01	7.573699999999999477e+01	7.614900000000000091e+01	7.683599999999999852e+01	7.722499999999999432e+01	7.777400000000000091e+01	7.834600000000000364e+01	7.884999999999999432e+01	7.932999999999999829e+01	7.944499999999999318e+01	7.951399999999999579e+01	7.955899999999999750e+01	7.962800000000000011e+01	7.985699999999999932e+01	7.992600000000000193e+01	8.013200000000000500e+01	8.026900000000000546e+01	8.042900000000000205e+01	8.056600000000000250e+01	8.070399999999999352e+01	8.090999999999999659e+01	8.095600000000000307e+01	8.118399999999999750e+01	8.111599999999999966e+01	8.120699999999999363e+01	8.129900000000000659e+01	8.139000000000000057e+01	8.145900000000000318e+01	8.150499999999999545e+01	8.155100000000000193e+01	8.173399999999999466e+01	8.173399999999999466e+01	8.177899999999999636e+01	8.177899999999999636e+01	8.187099999999999511e+01	8.216899999999999693e+01	8.235200000000000387e+01	8.242000000000000171e+01	8.244299999999999784e+01	8.244299999999999784e+01	8.255800000000000693e+01	8.251200000000000045e+01	8.258100000000000307e+01	8.258100000000000307e+01	8.260299999999999443e+01	8.253499999999999659e+01	8.248900000000000432e+01	8.255800000000000693e+01	8.260299999999999443e+01	8.260299999999999443e+01	8.264900000000000091e+01	8.290099999999999625e+01	8.276399999999999579e+01	8.299299999999999500e+01	8.292400000000000659e+01	8.299299999999999500e+01	8.287800000000000011e+01	8.292400000000000659e+01	8.296999999999999886e+01	8.308400000000000318e+01	8.310699999999999932e+01	8.340500000000000114e+01	8.340500000000000114e+01	8.338200000000000500e+01	8.331300000000000239e+01	8.338200000000000500e+01	8.356499999999999773e+01	8.342700000000000671e+01	8.351900000000000546e+01	8.351900000000000546e+01	8.354200000000000159e+01	8.340500000000000114e+01	8.358799999999999386e+01	8.351900000000000546e+01	8.358799999999999386e+01	8.367900000000000205e+01	8.363299999999999557e+01	8.363299999999999557e+01	8.367900000000000205e+01	8.363299999999999557e+01	8.361100000000000421e+01	8.365600000000000591e+01	8.388500000000000512e+01	8.383899999999999864e+01	8.388500000000000512e+01	8.390800000000000125e+01	8.379399999999999693e+01	8.381699999999999307e+01	8.388500000000000512e+01	8.393099999999999739e+01	8.390800000000000125e+01	8.400000000000000000e+01	8.409099999999999397e+01	8.404500000000000171e+01	8.397700000000000387e+01	8.404500000000000171e+01	8.393099999999999739e+01	8.406799999999999784e+01	8.413700000000000045e+01	8.395399999999999352e+01	8.393099999999999739e+01	8.395399999999999352e+01	8.402299999999999613e+01	8.411400000000000432e+01	8.402299999999999613e+01	8.420600000000000307e+01	8.397700000000000387e+01	8.400000000000000000e+01	8.409099999999999397e+01
1.000000000000000000e+00	4.522710000000000150e+02	4.010930000000000177e+02	3.534159999999999968e+02	3.133849999999999909e+02	2.793729999999999905e+02	2.540130000000000052e+02	2.320399999999999920e+02	2.142789999999999964e+02	2.005000000000000000e+02	1.893540000000000134e+02	1.810000000000000000e+02	1.733549999999999898e+02	1.679310000000000116e+02	1.626210000000000093e+02	1.589130000000000109e+02	1.552510000000000048e+02	1.522980000000000018e+02	1.497340000000000089e+02	1.476970000000000027e+02	1.458660000000000139e+02	1.441959999999999980e+02	1.425480000000000018e+02	1.414259999999999877e+02	1.418609999999999900e+02	1.411289999999999907e+02	1.403499999999999943e+02	1.398700000000000045e+02	1.395029999999999859e+02	1.395720000000000027e+02	1.393660000000000139e+02	1.391599999999999966e+02	1.388629999999999995e+02	1.388849999999999909e+02	1.393890000000000100e+02	1.396639999999999873e+02	1.397090000000000032e+02	1.398009999999999877e+02	1.399610000000000127e+02	1.399149999999999920e+02	1.413350000000000080e+02	1.413799999999999955e+02	1.415409999999999968e+02	1.417920000000000016e+02	1.425929999999999893e+02	1.442410000000000139e+02	1.439900000000000091e+02	1.441959999999999980e+02	1.443789999999999907e+02	1.445620000000000118e+02	1.449739999999999895e+02	1.452940000000000111e+02	1.460949999999999989e+02	1.465989999999999895e+02	1.465529999999999973e+02	1.470339999999999918e+02	1.472170000000000130e+02	1.474000000000000057e+02	1.476750000000000114e+02	1.485440000000000111e+02	1.488189999999999884e+02	1.485209999999999866e+02	1.487050000000000125e+02	1.489329999999999927e+02	1.494370000000000118e+02	1.495289999999999964e+02	1.497570000000000050e+02	1.500780000000000030e+02	1.495060000000000002e+02	1.492769999999999868e+02	1.483149999999999977e+02	1.479029999999999916e+02	1.479490000000000123e+02	1.480409999999999968e+02	1.485670000000000073e+02	1.489329999999999927e+02	1.493449999999999989e+02	1.495509999999999877e+02	1.500320000000000107e+02	1.502839999999999918e+02	1.505360000000000014e+02	1.514739999999999895e+02	1.514279999999999973e+02	1.517489999999999952e+02	1.519550000000000125e+02	1.521150000000000091e+02	1.531220000000000141e+02	1.541059999999999945e+02	1.540600000000000023e+02	1.542889999999999873e+02	1.544039999999999964e+02	1.546330000000000098e+02	1.548609999999999900e+02	1.551359999999999957e+02	1.557079999999999984e+02	1.570589999999999975e+02	1.574250000000000114e+02	1.580660000000000025e+02	1.586150000000000091e+02	1.595540000000000020e+02	1.601490000000000009e+02	1.611790000000000020e+02	1.627350000000000136e+02	1.642460000000000093e+02	1.662369999999999948e+02	1.686630000000000109e+02	1.717760000000000105e+02	1.765589999999999975e+02	1.804730000000000132e+02	1.850049999999999955e+02	1.902690000000000055e+02	1.981200000000000045e+02	2.048259999999999934e+02	2.123569999999999993e+02	2.205960000000000036e+02	2.289279999999999973e+02	2.375109999999999957e+02	2.460250000000000057e+02	2.546539999999999964e+02	2.630539999999999736e+02	2.715910000000000082e+02	2.793050000000000068e+02	2.869950000000000045e+02	2.943650000000000091e+02	3.010939999999999941e+02	3.076630000000000109e+02	3.193820000000000050e+02	3.241650000000000205e+02	3.285600000000000023e+02	3.325880000000000223e+02	3.366850000000000023e+02	3.400040000000000191e+02	3.434830000000000041e+02	3.464809999999999945e+02	3.492049999999999841e+02	3.517679999999999723e+02	3.548580000000000041e+02	3.570330000000000155e+02	3.592300000000000182e+02	3.618389999999999986e+02	3.626399999999999864e+02	3.636250000000000000e+02	3.644259999999999877e+02	3.650889999999999986e+02	3.658450000000000273e+02	3.668290000000000077e+02	3.678589999999999804e+02	3.688199999999999932e+02	3.699649999999999750e+02	3.706510000000000105e+02	3.715210000000000150e+02	3.716129999999999995e+02	3.728489999999999895e+02	3.742900000000000205e+02	3.751370000000000005e+02	3.764189999999999827e+02	3.766250000000000000e+02	3.769449999999999932e+02	3.768999999999999773e+02	3.776320000000000050e+02	3.779750000000000227e+02	3.782730000000000246e+02	3.781589999999999918e+02	3.786390000000000100e+02	3.802640000000000100e+02	3.806759999999999877e+02	3.804929999999999950e+02	3.872909999999999968e+02	3.864209999999999923e+02	3.856659999999999968e+02	3.858720000000000141e+02	3.853000000000000114e+02	3.850480000000000018e+02	3.847269999999999754e+02	3.844990000000000236e+02	3.868330000000000268e+02	3.862149999999999750e+02	3.861689999999999827e+02	3.862379999999999995e+02	3.879089999999999918e+02	3.886639999999999873e+02	3.879089999999999918e+02	3.886410000000000196e+02	3.882749999999999773e+02	3.876569999999999823e+02	3.872219999999999800e+02	3.845439999999999827e+02	3.836290000000000191e+02	3.861009999999999991e+02	3.855289999999999964e+02
0.000000000000000000e+00	4.295649999999999977e+02	3.757780000000000200e+02	3.304599999999999795e+02	2.919619999999999891e+02	2.599409999999999741e+02	2.308729999999999905e+02	2.049410000000000025e+02	1.883470000000000084e+02	1.757350000000000136e+02	1.655039999999999907e+02	1.562119999999999891e+02	1.494370000000000118e+02	1.438520000000000039e+02	1.393429999999999893e+02	1.355670000000000073e+02	1.316529999999999916e+02	1.285169999999999959e+02	1.252900000000000063e+02	1.227259999999999991e+02	1.200709999999999980e+02	1.169819999999999993e+02	1.132969999999999970e+02	1.098400000000000034e+02	1.064300000000000068e+02	1.034320000000000022e+02	1.012120000000000033e+02	9.947199999999999420e+01	9.791599999999999682e+01	9.672499999999999432e+01	9.578700000000000614e+01	9.493999999999999773e+01	9.416200000000000614e+01	9.368099999999999739e+01	9.338400000000000034e+01	9.546699999999999875e+01	9.581000000000000227e+01	9.581000000000000227e+01	9.551200000000000045e+01	9.548999999999999488e+01	9.560399999999999920e+01	9.596999999999999886e+01	9.617600000000000193e+01	9.631300000000000239e+01	9.688599999999999568e+01	9.759499999999999886e+01	9.828199999999999648e+01	9.885399999999999920e+01	9.937999999999999545e+01	1.000210000000000008e+02	1.007540000000000049e+02	1.014180000000000064e+02	1.021959999999999980e+02	1.026080000000000041e+02	1.058810000000000002e+02	1.069110000000000014e+02	1.077349999999999994e+02	1.088100000000000023e+02	1.102519999999999953e+02	1.109620000000000033e+02	1.118319999999999936e+02	1.125180000000000007e+02	1.133190000000000026e+02	1.139369999999999976e+02	1.147379999999999995e+02	1.156310000000000002e+02	1.165469999999999970e+02	1.172560000000000002e+02	1.178739999999999952e+02	1.185610000000000070e+02	1.191560000000000059e+02	1.201170000000000044e+02	1.240999999999999943e+02	1.248089999999999975e+02	1.254959999999999951e+02	1.264110000000000014e+02	1.273269999999999982e+02	1.283110000000000070e+02	1.291349999999999909e+02	1.302570000000000050e+02	1.313779999999999859e+02	1.322940000000000111e+02	1.331630000000000109e+02	1.342620000000000005e+02	1.352460000000000093e+02	1.361850000000000023e+02	1.371920000000000073e+02	1.378779999999999859e+02	1.384739999999999895e+02	1.388849999999999909e+02	1.393890000000000100e+02	1.396870000000000118e+02	1.399840000000000089e+02	1.402589999999999861e+02	1.407170000000000130e+02	1.410600000000000023e+02	1.412429999999999950e+02	1.415409999999999968e+02	1.420670000000000073e+02	1.423870000000000005e+02	1.428909999999999911e+02	1.431200000000000045e+02	1.434170000000000016e+02	1.436920000000000073e+02	1.449050000000000011e+02	1.448820000000000050e+02	1.451570000000000107e+02	1.453629999999999995e+02	1.455459999999999923e+02	1.464159999999999968e+02	1.467589999999999861e+02	1.469650000000000034e+02	1.470790000000000077e+02	1.472400000000000091e+02	1.473540000000000134e+02	1.476059999999999945e+02	1.478810000000000002e+02	1.479720000000000084e+02	1.481090000000000089e+02	1.482239999999999895e+02	1.483149999999999977e+02	1.482470000000000141e+02	1.485670000000000073e+02	1.486819999999999879e+02	1.489110000000000014e+02	1.490939999999999941e+02	1.493000000000000114e+02	1.492309999999999945e+02	1.493909999999999911e+02	1.495289999999999964e+02	1.497570000000000050e+02	1.504209999999999923e+02	1.504670000000000130e+02	1.504900000000000091e+02	1.515879999999999939e+02	1.515879999999999939e+02	1.516800000000000068e+02	1.517030000000000030e+02	1.517259999999999991e+02	1.520459999999999923e+02	1.521150000000000091e+02	1.522059999999999889e+02	1.522290000000000134e+02	1.524350000000000023e+02	1.526179999999999950e+02	1.525960000000000036e+02	1.528470000000000084e+02	1.530529999999999973e+02	1.531450000000000102e+02	1.533509999999999991e+02	1.534650000000000034e+02	1.537630000000000052e+02	1.538540000000000134e+02	1.540149999999999864e+02	1.540149999999999864e+02	1.541980000000000075e+02	1.542889999999999873e+02	1.543580000000000041e+02	1.545409999999999968e+02	1.546330000000000098e+02	1.547470000000000141e+02	1.548160000000000025e+02	1.548839999999999861e+02	1.549300000000000068e+02	1.550900000000000034e+02	1.572880000000000109e+02	1.576310000000000002e+02	1.577909999999999968e+02	1.577680000000000007e+02	1.578830000000000098e+02	1.580660000000000025e+02	1.581339999999999861e+02	1.581339999999999861e+02	1.583180000000000121e+02	1.583180000000000121e+02	1.583400000000000034e+02	1.584550000000000125e+02	1.585240000000000009e+02	1.587750000000000057e+02	1.588439999999999941e+02	1.588669999999999902e+02	1.588899999999999864e+02	1.590269999999999868e+02	1.590730000000000075e+02	1.590500000000000114e+02	1.590500000000000114e+02	1.590500000000000114e+02	1.591419999999999959e+02	1.591419999999999959e+02	1.592560000000000002e+02
0.000000000000000000e+00	1.750029999999999859e+02	1.609039999999999964e+02	1.477659999999999911e+02	1.360469999999999970e+02	1.256560000000000059e+02	1.168670000000000044e+02	1.094509999999999934e+02	1.040040000000000049e+02	9.988400000000000034e+01	9.684000000000000341e+01	9.411599999999999966e+01	9.175900000000000034e+01	9.027100000000000080e+01	8.871500000000000341e+01	8.816500000000000625e+01	8.734099999999999397e+01	8.665500000000000114e+01	8.599099999999999966e+01	8.530400000000000205e+01	8.484600000000000364e+01	8.434300000000000352e+01	8.370199999999999818e+01	8.267199999999999704e+01	8.175700000000000500e+01	8.086400000000000432e+01	8.020000000000000284e+01	7.942199999999999704e+01	7.898699999999999477e+01	7.857500000000000284e+01	7.807200000000000273e+01	7.798000000000000398e+01	7.775100000000000477e+01	7.761400000000000432e+01	7.770499999999999829e+01	7.777400000000000091e+01	7.781999999999999318e+01	7.802599999999999625e+01	7.829999999999999716e+01	7.841500000000000625e+01	7.898699999999999477e+01	7.905599999999999739e+01	7.912399999999999523e+01	7.935299999999999443e+01	7.971999999999999886e+01	7.994799999999999329e+01	8.017700000000000671e+01	8.045199999999999818e+01	8.070399999999999352e+01	8.113899999999999579e+01	8.155100000000000193e+01	8.189400000000000546e+01	8.244299999999999784e+01	8.276399999999999579e+01	8.308400000000000318e+01	8.365600000000000591e+01	8.413700000000000045e+01	8.468600000000000705e+01	8.530400000000000205e+01	8.585399999999999920e+01	8.658599999999999852e+01	8.580800000000000693e+01	8.470900000000000318e+01	8.400000000000000000e+01	8.338200000000000500e+01	8.299299999999999500e+01	8.269499999999999318e+01	8.301500000000000057e+01	8.296999999999999886e+01	8.306100000000000705e+01	8.324399999999999977e+01	8.347299999999999898e+01	8.363299999999999557e+01	8.409099999999999397e+01	8.441200000000000614e+01	8.480100000000000193e+01	8.541899999999999693e+01	8.585399999999999920e+01	8.667799999999999727e+01	8.731799999999999784e+01	8.793600000000000705e+01	8.853100000000000591e+01	8.926399999999999579e+01	8.999599999999999511e+01	9.070600000000000307e+01	9.130100000000000193e+01	9.166700000000000159e+01	9.189600000000000080e+01	9.210200000000000387e+01	9.242199999999999704e+01	9.256000000000000227e+01	9.276600000000000534e+01	9.299500000000000455e+01	9.315500000000000114e+01	9.343000000000000682e+01	9.368099999999999739e+01	9.372700000000000387e+01	9.420799999999999841e+01	9.443699999999999761e+01	9.441400000000000148e+01	9.459699999999999420e+01	9.478000000000000114e+01	9.478000000000000114e+01	9.505500000000000682e+01	9.514600000000000080e+01	9.526099999999999568e+01	9.546699999999999875e+01	9.551200000000000045e+01	9.562699999999999534e+01	9.576399999999999579e+01	9.599299999999999500e+01	9.592400000000000659e+01	9.603900000000000148e+01	9.610699999999999932e+01	9.615300000000000580e+01	9.631300000000000239e+01	9.642799999999999727e+01	9.635899999999999466e+01	9.658799999999999386e+01	9.668000000000000682e+01	9.663400000000000034e+01	9.686299999999999955e+01	9.690900000000000603e+01	9.693099999999999739e+01	9.713700000000000045e+01	9.720600000000000307e+01	9.709199999999999875e+01	9.736599999999999966e+01	9.736599999999999966e+01	9.743500000000000227e+01	9.748099999999999454e+01	9.757200000000000273e+01	9.748099999999999454e+01	9.759499999999999886e+01	9.782399999999999807e+01	9.773300000000000409e+01	9.782399999999999807e+01	9.784699999999999420e+01	9.784699999999999420e+01	9.789300000000000068e+01	9.800700000000000500e+01	9.812199999999999989e+01	9.830500000000000682e+01	9.830500000000000682e+01	9.828199999999999648e+01	9.839600000000000080e+01	9.844199999999999307e+01	9.848799999999999955e+01	9.851099999999999568e+01	9.855700000000000216e+01	9.857899999999999352e+01	9.869400000000000261e+01	9.869400000000000261e+01	9.873999999999999488e+01	9.887699999999999534e+01	9.887699999999999534e+01	9.880800000000000693e+01	9.892300000000000182e+01	9.901399999999999579e+01	9.885399999999999920e+01	9.887699999999999534e+01	9.901399999999999579e+01	9.892300000000000182e+01	9.908299999999999841e+01	9.906000000000000227e+01	9.910599999999999454e+01	9.912900000000000489e+01	9.915200000000000102e+01	9.919700000000000273e+01	9.926600000000000534e+01	9.926600000000000534e+01	9.928900000000000148e+01	9.935800000000000409e+01	9.951800000000000068e+01	9.949500000000000455e+01	9.963200000000000500e+01	9.967799999999999727e+01	9.958599999999999852e+01	9.965500000000000114e+01	9.976999999999999602e+01	9.974699999999999989e+01	9.986100000000000421e+01	9.986100000000000421e+01	9.986100000000000421e+01	9.988400000000000034e+01	9.983799999999999386e+01	9.986100000000000421e+01	1.000439999999999969e+02	1.000669999999999931e+02	9.999800000000000466e+01
0.000000000000000000e+00	2.057880000000000109e+02	1.832199999999999989e+02	1.669459999999999980e+02	1.493909999999999911e+02	1.355440000000000111e+02	1.234819999999999993e+02	1.146700000000000017e+02	1.081009999999999991e+02	1.026080000000000041e+02	9.903700000000000614e+01	9.560399999999999920e+01	9.198799999999999955e+01	8.940099999999999625e+01	8.747899999999999920e+01	8.576200000000000045e+01	8.420600000000000307e+01	8.285500000000000398e+01	8.161899999999999977e+01	8.042900000000000205e+01	7.981100000000000705e+01	7.912399999999999523e+01	7.866700000000000159e+01	7.814000000000000057e+01	7.738500000000000512e+01	7.635500000000000398e+01	7.511899999999999977e+01	7.374599999999999511e+01	7.228100000000000591e+01	7.125100000000000477e+01	7.024399999999999977e+01	6.926000000000000512e+01	6.850400000000000489e+01	6.777200000000000557e+01	6.729099999999999682e+01	6.676500000000000057e+01	6.642199999999999704e+01	6.621599999999999397e+01	6.594100000000000250e+01	6.564300000000000068e+01	6.543699999999999761e+01	6.543699999999999761e+01	6.543699999999999761e+01	6.539199999999999591e+01	6.534600000000000364e+01	6.536899999999999977e+01	6.527700000000000102e+01	6.536899999999999977e+01	6.548300000000000409e+01	6.566599999999999682e+01	6.573499999999999943e+01	6.575799999999999557e+01	6.596399999999999864e+01	6.603199999999999648e+01	6.619299999999999784e+01	6.637600000000000477e+01	6.651300000000000523e+01	6.681100000000000705e+01	6.701699999999999591e+01	6.731399999999999295e+01	6.749699999999999989e+01	6.793200000000000216e+01	6.809199999999999875e+01	6.818399999999999750e+01	6.845900000000000318e+01	6.875600000000000023e+01	6.912199999999999989e+01	6.926000000000000512e+01	6.944299999999999784e+01	6.964900000000000091e+01	6.987800000000000011e+01	7.019799999999999329e+01	7.045000000000000284e+01	7.074699999999999989e+01	7.106799999999999784e+01	7.143399999999999750e+01	7.168600000000000705e+01	7.182299999999999329e+01	7.218899999999999295e+01	7.234999999999999432e+01	7.267000000000000171e+01	7.289900000000000091e+01	7.319599999999999795e+01	7.349399999999999977e+01	7.390600000000000591e+01	7.408899999999999864e+01	7.438700000000000045e+01	7.450100000000000477e+01	7.473000000000000398e+01	7.498199999999999932e+01	7.537099999999999511e+01	7.564499999999999602e+01	7.612600000000000477e+01	7.651500000000000057e+01	7.681300000000000239e+01	7.701900000000000546e+01	7.731600000000000250e+01	7.765999999999999659e+01	7.814000000000000057e+01	7.843800000000000239e+01	7.875799999999999557e+01	7.903300000000000125e+01	7.939900000000000091e+01	7.969700000000000273e+01	8.006300000000000239e+01	8.045199999999999818e+01	8.088700000000000045e+01	8.123000000000000398e+01	8.152800000000000580e+01	8.191700000000000159e+01	8.239700000000000557e+01	8.283199999999999363e+01	8.322100000000000364e+01	8.358799999999999386e+01	8.390800000000000125e+01	8.438899999999999579e+01	8.486899999999999977e+01	8.523600000000000421e+01	8.560200000000000387e+01	8.610500000000000398e+01	8.631100000000000705e+01	8.663200000000000500e+01	8.706699999999999307e+01	8.736400000000000432e+01	8.770799999999999841e+01	8.809699999999999420e+01	8.848600000000000421e+01	8.885200000000000387e+01	8.917199999999999704e+01	8.953900000000000148e+01	8.983599999999999852e+01	9.015699999999999648e+01	9.045399999999999352e+01	9.077500000000000568e+01	9.109499999999999886e+01	9.132399999999999807e+01	9.157599999999999341e+01	9.201000000000000512e+01	9.221599999999999397e+01	9.242199999999999704e+01	9.271999999999999886e+01	9.310899999999999466e+01	9.315500000000000114e+01	9.345199999999999818e+01	9.365800000000000125e+01	9.375000000000000000e+01	9.393300000000000693e+01	9.402500000000000568e+01	9.409300000000000352e+01	9.416200000000000614e+01	9.434499999999999886e+01	9.457399999999999807e+01	9.462000000000000455e+01	9.466599999999999682e+01	9.480299999999999727e+01	9.489400000000000546e+01	9.491700000000000159e+01	9.493999999999999773e+01	9.512300000000000466e+01	9.500900000000000034e+01	9.505500000000000682e+01	9.503199999999999648e+01	9.509999999999999432e+01	9.509999999999999432e+01	9.548999999999999488e+01	9.523799999999999955e+01	9.526099999999999568e+01	9.523799999999999955e+01	9.532899999999999352e+01	9.530599999999999739e+01	9.537500000000000000e+01	9.544400000000000261e+01	9.537500000000000000e+01	9.537500000000000000e+01	9.537500000000000000e+01	9.548999999999999488e+01	9.546699999999999875e+01	9.546699999999999875e+01	9.551200000000000045e+01	9.553499999999999659e+01	9.553499999999999659e+01	9.532899999999999352e+01	9.546699999999999875e+01	9.553499999999999659e+01	9.555800000000000693e+01	9.567300000000000182e+01	9.565000000000000568e+01	9.565000000000000568e+01	9.565000000000000568e+01	9.571800000000000352e+01
1.000000000000000000e+00	2.660059999999999718e+02	2.410130000000000052e+02	2.161330000000000098e+02	1.962659999999999911e+02	1.793290000000000077e+02	1.652980000000000018e+02	1.530759999999999934e+02	1.453170000000000073e+02	1.381069999999999993e+02	1.304629999999999939e+02	1.247180000000000035e+02	1.209410000000000025e+02	1.171880000000000024e+02	1.136400000000000006e+02	1.111219999999999999e+02	1.089249999999999972e+02	1.067500000000000000e+02	1.052169999999999987e+02	1.037060000000000031e+02	1.013719999999999999e+02	9.954099999999999682e+01	9.761799999999999500e+01	9.581000000000000227e+01	9.448199999999999932e+01	9.310899999999999466e+01	9.198799999999999955e+01	9.123199999999999932e+01	9.052299999999999613e+01	8.999599999999999511e+01	8.933299999999999841e+01	8.903499999999999659e+01	8.892100000000000648e+01	8.882899999999999352e+01	8.871500000000000341e+01	8.850900000000000034e+01	8.846299999999999386e+01	8.848600000000000421e+01	8.855400000000000205e+01	8.830299999999999727e+01	8.830299999999999727e+01	8.818800000000000239e+01	8.816500000000000625e+01	8.818800000000000239e+01	8.816500000000000625e+01	8.837099999999999511e+01	8.837099999999999511e+01	8.834799999999999898e+01	8.848600000000000421e+01	8.869199999999999307e+01	8.882899999999999352e+01	8.901200000000000045e+01	8.910399999999999920e+01	8.921800000000000352e+01	8.958400000000000318e+01	8.985899999999999466e+01	8.999599999999999511e+01	9.027100000000000080e+01	9.054600000000000648e+01	9.079699999999999704e+01	9.100300000000000011e+01	9.137000000000000455e+01	9.159900000000000375e+01	9.191899999999999693e+01	9.214799999999999613e+01	9.253700000000000614e+01	9.294899999999999807e+01	9.427599999999999625e+01	9.418500000000000227e+01	9.445999999999999375e+01	9.482599999999999341e+01	9.505500000000000682e+01	9.537500000000000000e+01	9.583299999999999841e+01	9.624500000000000455e+01	9.677100000000000080e+01	9.709199999999999875e+01	9.752700000000000102e+01	9.807599999999999341e+01	9.855700000000000216e+01	9.901399999999999579e+01	9.974699999999999989e+01	1.003419999999999987e+02	1.011430000000000007e+02	1.018070000000000022e+02	1.027680000000000007e+02	1.032720000000000056e+02	1.046449999999999960e+02	1.056979999999999933e+02	1.068419999999999987e+02	1.083070000000000022e+02	1.096569999999999965e+02	1.110310000000000059e+02	1.125409999999999968e+02	1.144639999999999986e+02	1.163640000000000043e+02	1.185150000000000006e+02	1.208719999999999999e+02	1.235280000000000058e+02	1.261599999999999966e+02	1.288149999999999977e+02	1.314929999999999950e+02	1.344449999999999932e+02	1.373060000000000116e+02	1.406479999999999961e+02	1.439209999999999923e+02	1.474459999999999980e+02	1.505809999999999889e+02	1.538089999999999975e+02	1.570589999999999975e+02	1.602170000000000130e+02	1.634900000000000091e+02	1.664199999999999875e+02	1.690519999999999925e+02	1.717529999999999859e+02	1.743619999999999948e+02	1.768340000000000032e+02	1.791229999999999905e+02	1.813660000000000139e+02	1.833120000000000118e+02	1.854629999999999939e+02	1.874079999999999870e+02	1.890109999999999957e+02	1.906589999999999918e+02	1.927410000000000139e+02	1.940459999999999923e+02	1.954420000000000073e+02	1.967930000000000064e+02	1.978909999999999911e+02	1.991730000000000018e+02	2.003400000000000034e+02	2.047810000000000059e+02	2.051699999999999875e+02	2.056959999999999980e+02	2.063830000000000098e+02	2.071380000000000052e+02	2.079619999999999891e+02	2.085339999999999918e+02	2.094499999999999886e+02	2.099079999999999870e+02	2.105709999999999980e+02	2.114180000000000064e+02	2.121510000000000105e+02	2.125169999999999959e+02	2.131800000000000068e+02	2.137760000000000105e+02	2.145080000000000098e+02	2.150339999999999918e+02	2.154459999999999980e+02	2.161330000000000098e+02	2.165910000000000082e+02	2.173460000000000036e+02	2.177350000000000136e+02	2.182390000000000043e+02	2.186970000000000027e+02	2.188340000000000032e+02	2.193379999999999939e+02	2.195660000000000025e+02	2.200240000000000009e+02	2.200699999999999932e+02	2.200240000000000009e+02	2.201160000000000139e+02	2.202069999999999936e+02	2.200929999999999893e+02	2.199329999999999927e+02	2.202760000000000105e+02	2.204130000000000109e+02	2.203899999999999864e+02	2.206419999999999959e+02	2.207110000000000127e+02	2.206419999999999959e+02	2.208710000000000093e+02	2.203899999999999864e+02	2.202760000000000105e+02	2.210769999999999982e+02	2.209850000000000136e+02	2.206879999999999882e+02	2.205049999999999955e+02	2.204130000000000109e+02	2.201839999999999975e+02	2.211459999999999866e+02	2.242810000000000059e+02	2.230000000000000000e+02	2.227019999999999982e+02	2.226790000000000020e+02	2.223360000000000127e+02	2.220610000000000070e+02	2.218319999999999936e+02	2.214199999999999875e+02	2.214660000000000082e+02
0.000000000000000000e+00	1.073460000000000036e+02	9.841899999999999693e+01	9.098099999999999454e+01	8.482399999999999807e+01	7.928499999999999659e+01	7.470699999999999363e+01	7.086199999999999477e+01	6.841299999999999670e+01	6.475100000000000477e+01	6.335399999999999920e+01	6.230199999999999960e+01	6.154599999999999937e+01	6.051599999999999824e+01	6.019599999999999795e+01	5.948599999999999710e+01	5.980700000000000216e+01	5.902900000000000347e+01	5.847899999999999920e+01	5.838799999999999812e+01	5.804399999999999693e+01	5.770100000000000051e+01	5.733500000000000085e+01	5.715200000000000102e+01	5.701400000000000290e+01	5.696900000000000119e+01	5.625900000000000034e+01	5.632800000000000296e+01	5.644200000000000017e+01	5.600699999999999790e+01	5.657999999999999829e+01	5.632800000000000296e+01	5.637400000000000233e+01	5.596200000000000330e+01	5.609899999999999665e+01	5.612199999999999989e+01	5.612199999999999989e+01	5.646500000000000341e+01	5.625900000000000034e+01	5.653399999999999892e+01	5.651100000000000279e+01	5.662500000000000000e+01	5.655700000000000216e+01	5.667099999999999937e+01	5.671699999999999875e+01	5.724300000000000210e+01	5.701400000000000290e+01	5.689999999999999858e+01	5.721999999999999886e+01	5.726599999999999824e+01	5.747200000000000131e+01	5.767799999999999727e+01	5.772399999999999665e+01	5.756400000000000006e+01	5.767799999999999727e+01	5.767799999999999727e+01	5.813600000000000279e+01	5.790699999999999648e+01	5.809000000000000341e+01	5.815899999999999892e+01	5.809000000000000341e+01	5.733500000000000085e+01	5.712899999999999778e+01	5.754099999999999682e+01	5.749499999999999744e+01	5.744899999999999807e+01	5.763199999999999790e+01	5.792999999999999972e+01	5.774699999999999989e+01	5.781600000000000250e+01	5.795300000000000296e+01	5.806700000000000017e+01	5.772399999999999665e+01	5.777000000000000313e+01	5.797599999999999909e+01	5.813600000000000279e+01	5.836500000000000199e+01	5.806700000000000017e+01	5.811299999999999955e+01	5.834199999999999875e+01	5.854800000000000182e+01	5.841100000000000136e+01	5.864000000000000057e+01	5.845600000000000307e+01	5.857099999999999795e+01	5.852499999999999858e+01	5.861699999999999733e+01	5.861699999999999733e+01	5.896000000000000085e+01	5.868500000000000227e+01	5.877700000000000102e+01	5.866199999999999903e+01	5.838799999999999812e+01	5.859400000000000119e+01	5.852499999999999858e+01	5.873100000000000165e+01	5.843399999999999750e+01	5.818200000000000216e+01	5.854800000000000182e+01	5.861699999999999733e+01	5.859400000000000119e+01	5.889099999999999824e+01	5.905199999999999960e+01	5.875399999999999778e+01	5.891400000000000148e+01	5.902900000000000347e+01	5.902900000000000347e+01	5.973799999999999955e+01	5.911999999999999744e+01	5.955499999999999972e+01	5.925800000000000267e+01	5.928000000000000114e+01	5.944100000000000250e+01	5.930299999999999727e+01	5.944100000000000250e+01	5.934899999999999665e+01	5.941799999999999926e+01	5.962400000000000233e+01	5.946399999999999864e+01	5.957800000000000296e+01	5.969200000000000017e+01	5.985300000000000153e+01	5.989800000000000324e+01	5.987500000000000000e+01	5.989800000000000324e+01	6.001299999999999812e+01	6.003600000000000136e+01	5.973799999999999955e+01	5.989800000000000324e+01	5.989800000000000324e+01	6.012700000000000244e+01	6.026500000000000057e+01	6.024199999999999733e+01	6.067699999999999960e+01	6.017300000000000182e+01	6.042499999999999716e+01	6.040200000000000102e+01	6.049300000000000210e+01	6.056199999999999761e+01	6.065400000000000347e+01	6.067699999999999960e+01	6.085999999999999943e+01	6.108899999999999864e+01	6.097399999999999665e+01	6.104299999999999926e+01	6.136299999999999955e+01	6.324000000000000199e+01	6.085999999999999943e+01	6.104299999999999926e+01	6.108899999999999864e+01	6.120300000000000296e+01	6.124900000000000233e+01	6.108899999999999864e+01	6.147800000000000153e+01	6.131700000000000017e+01	6.152300000000000324e+01	6.134000000000000341e+01	6.161500000000000199e+01	6.159199999999999875e+01	6.186699999999999733e+01	6.179800000000000182e+01	6.193500000000000227e+01	6.191299999999999670e+01	6.191299999999999670e+01	6.175200000000000244e+01	6.241599999999999682e+01	6.200399999999999778e+01	6.204999999999999716e+01	6.202700000000000102e+01	6.186699999999999733e+01	6.198100000000000165e+01	6.195799999999999841e+01	6.204999999999999716e+01	6.193500000000000227e+01	6.225600000000000023e+01	6.195799999999999841e+01	6.186699999999999733e+01	6.200399999999999778e+01	6.243900000000000006e+01	6.216400000000000148e+01	6.218699999999999761e+01	6.189000000000000057e+01	6.182099999999999795e+01	6.216400000000000148e+01	6.218699999999999761e+01	6.255299999999999727e+01	6.236999999999999744e+01	6.227900000000000347e+01	6.234700000000000131e+01	6.253099999999999881e+01
1.000000000000000000e+00	1.276250000000000000e+02	1.189039999999999964e+02	1.124039999999999964e+02	1.040499999999999972e+02	9.871699999999999875e+01	9.310899999999999466e+01	8.848600000000000421e+01	8.450300000000000011e+01	8.086400000000000432e+01	7.791100000000000136e+01	7.502700000000000102e+01	7.292199999999999704e+01	7.301300000000000523e+01	7.193800000000000239e+01	7.065600000000000591e+01	6.960299999999999443e+01	6.884799999999999898e+01	6.751999999999999602e+01	6.591800000000000637e+01	6.507099999999999795e+01	6.376599999999999824e+01	6.312599999999999767e+01	6.191299999999999670e+01	6.115699999999999648e+01	6.053900000000000148e+01	5.999000000000000199e+01	5.971500000000000341e+01	5.905199999999999960e+01	5.852499999999999858e+01	5.797599999999999909e+01	5.774699999999999989e+01	5.834199999999999875e+01	5.770100000000000051e+01	5.758700000000000330e+01	5.724300000000000210e+01	5.680799999999999983e+01	5.678600000000000136e+01	5.660199999999999676e+01	5.614500000000000313e+01	5.577900000000000347e+01	5.561800000000000210e+01	5.550399999999999778e+01	5.518299999999999983e+01	5.413100000000000023e+01	5.374099999999999966e+01	5.607600000000000051e+01	5.689999999999999858e+01	5.790699999999999648e+01	5.758700000000000330e+01	5.818200000000000216e+01	5.586999999999999744e+01	5.536699999999999733e+01	5.792999999999999972e+01	5.699199999999999733e+01	5.674000000000000199e+01	5.651100000000000279e+01	5.401599999999999824e+01	5.140699999999999648e+01	5.179599999999999937e+01	5.133800000000000097e+01	4.982800000000000296e+01	4.996500000000000341e+01	5.165899999999999892e+01	5.875399999999999778e+01	5.802199999999999847e+01	5.770100000000000051e+01	5.790699999999999648e+01	5.754099999999999682e+01	5.806700000000000017e+01	5.809000000000000341e+01	5.767799999999999727e+01	5.802199999999999847e+01	5.825000000000000000e+01	5.930299999999999727e+01	6.330899999999999750e+01	6.509399999999999409e+01	6.594100000000000250e+01	6.692499999999999716e+01	6.779500000000000171e+01	6.880200000000000671e+01	6.751999999999999602e+01	6.781799999999999784e+01	6.804699999999999704e+01	6.825300000000000011e+01	6.786299999999999955e+01	6.823000000000000398e+01	6.774899999999999523e+01	6.868699999999999761e+01	6.873300000000000409e+01	6.823000000000000398e+01	6.839000000000000057e+01	6.813800000000000523e+01	6.893899999999999295e+01	6.900799999999999557e+01	6.967199999999999704e+01	7.010699999999999932e+01	6.967199999999999704e+01	7.006100000000000705e+01	7.051800000000000068e+01	7.056399999999999295e+01	7.056399999999999295e+01	7.065600000000000591e+01	7.214400000000000546e+01	6.836700000000000443e+01	7.012900000000000489e+01	7.045000000000000284e+01	6.903100000000000591e+01	7.118200000000000216e+01	7.115900000000000603e+01	7.205200000000000671e+01	7.239499999999999602e+01	7.191500000000000625e+01	7.356300000000000239e+01	7.248699999999999477e+01	7.385999999999999943e+01	7.532500000000000284e+01	7.207500000000000284e+01	1.519550000000000125e+02	1.156080000000000041e+02	1.187439999999999998e+02	1.565320000000000107e+02	1.561200000000000045e+02	1.545180000000000007e+02	1.547930000000000064e+02	1.647259999999999991e+02	1.673580000000000041e+02	1.593700000000000045e+02	1.571040000000000134e+02	1.708830000000000098e+02	1.657560000000000002e+02	1.725540000000000020e+02	1.481320000000000050e+02	1.339420000000000073e+02	1.343770000000000095e+02	1.388400000000000034e+02	1.348569999999999993e+02	1.379929999999999950e+02	1.445389999999999873e+02	1.300509999999999877e+02	1.143719999999999999e+02	1.138689999999999998e+02	1.140520000000000067e+02	1.197049999999999983e+02	1.243739999999999952e+02	1.175990000000000038e+02	1.464840000000000089e+02	1.537170000000000130e+02	1.593480000000000132e+02	9.619899999999999807e+01	1.051940000000000026e+02	1.295469999999999970e+02	1.298679999999999950e+02	1.214899999999999949e+02	8.688400000000000034e+01	7.271599999999999397e+01	7.569100000000000250e+01	7.516500000000000625e+01	7.525600000000000023e+01	7.459300000000000352e+01	7.392900000000000205e+01	7.374599999999999511e+01	7.379200000000000159e+01	7.578300000000000125e+01	7.436400000000000432e+01	7.420300000000000296e+01	7.443200000000000216e+01	7.427200000000000557e+01	7.784300000000000352e+01	7.438700000000000045e+01	7.404300000000000637e+01	7.422599999999999909e+01	7.420300000000000296e+01	7.429500000000000171e+01	7.413500000000000512e+01	7.385999999999999943e+01	7.381399999999999295e+01	7.495900000000000318e+01	7.479900000000000659e+01	7.475300000000000011e+01	7.491299999999999670e+01	7.486700000000000443e+01	7.504999999999999716e+01	7.521099999999999852e+01	7.502700000000000102e+01	7.486700000000000443e+01	7.493600000000000705e+01	7.502700000000000102e+01	7.495900000000000318e+01	7.880400000000000205e+01
1.000000000000000000e+00	1.809310000000000116e+02	1.652980000000000018e+02	1.506730000000000018e+02	1.370769999999999982e+02	1.256560000000000059e+02	1.156539999999999964e+02	1.071170000000000044e+02	9.974699999999999989e+01	9.301800000000000068e+01	8.713500000000000512e+01	8.253499999999999659e+01	7.875799999999999557e+01	7.559999999999999432e+01	7.328799999999999670e+01	7.017499999999999716e+01	6.774899999999999523e+01	6.507099999999999795e+01	6.230199999999999960e+01	6.021900000000000119e+01	5.779299999999999926e+01	5.589300000000000068e+01	5.403900000000000148e+01	5.248299999999999699e+01	5.097200000000000131e+01	4.978199999999999648e+01	4.875200000000000244e+01	4.785900000000000176e+01	4.712700000000000244e+01	4.655499999999999972e+01	4.598199999999999932e+01	4.552499999999999858e+01	4.511299999999999955e+01	4.481499999999999773e+01	4.467799999999999727e+01	4.460900000000000176e+01	4.456300000000000239e+01	4.453999999999999915e+01	4.453999999999999915e+01	4.456300000000000239e+01	4.490699999999999648e+01	4.458599999999999852e+01	4.479200000000000159e+01	4.481499999999999773e+01	4.509000000000000341e+01	4.504399999999999693e+01	4.506700000000000017e+01	4.513499999999999801e+01	4.520400000000000063e+01	4.563900000000000290e+01	4.570799999999999841e+01	4.589099999999999824e+01	4.605100000000000193e+01	4.625699999999999790e+01	4.662299999999999756e+01	4.673799999999999955e+01	4.689800000000000324e+01	4.719500000000000028e+01	4.751599999999999824e+01	4.774499999999999744e+01	4.795100000000000051e+01	4.817999999999999972e+01	4.831700000000000017e+01	4.865999999999999659e+01	4.870600000000000307e+01	4.891199999999999903e+01	4.911800000000000210e+01	4.939300000000000068e+01	4.953000000000000114e+01	4.962199999999999989e+01	4.985000000000000142e+01	5.007900000000000063e+01	5.028499999999999659e+01	5.051400000000000290e+01	5.069700000000000273e+01	5.092600000000000193e+01	5.110900000000000176e+01	5.138400000000000034e+01	5.159000000000000341e+01	5.179599999999999937e+01	5.204800000000000182e+01	5.213900000000000290e+01	5.229899999999999949e+01	5.257399999999999807e+01	5.271099999999999852e+01	5.296300000000000097e+01	5.314600000000000080e+01	5.342099999999999937e+01	5.369599999999999795e+01	5.385600000000000165e+01	5.408500000000000085e+01	5.438199999999999790e+01	5.467999999999999972e+01	5.490899999999999892e+01	5.500000000000000000e+01	5.527499999999999858e+01	5.557300000000000040e+01	5.577900000000000347e+01	5.598400000000000176e+01	5.630499999999999972e+01	5.669400000000000261e+01	5.715200000000000102e+01	5.735799999999999699e+01	5.772399999999999665e+01	5.795300000000000296e+01	5.827300000000000324e+01	5.877700000000000102e+01	5.902900000000000347e+01	5.923499999999999943e+01	5.960099999999999909e+01	5.989800000000000324e+01	6.026500000000000057e+01	6.056199999999999761e+01	6.095100000000000051e+01	6.138600000000000279e+01	6.161500000000000199e+01	6.209599999999999653e+01	6.248499999999999943e+01	6.303399999999999892e+01	6.351500000000000057e+01	6.404099999999999682e+01	6.465900000000000603e+01	6.523099999999999454e+01	6.566599999999999682e+01	6.651300000000000523e+01	6.720000000000000284e+01	6.809199999999999875e+01	6.990099999999999625e+01	7.072400000000000375e+01	7.193800000000000239e+01	7.308199999999999363e+01	7.452400000000000091e+01	7.658400000000000318e+01	7.862099999999999511e+01	8.035999999999999943e+01	8.292400000000000659e+01	8.564799999999999613e+01	8.798199999999999932e+01	9.084300000000000352e+01	9.381900000000000261e+01	9.645099999999999341e+01	1.001129999999999995e+02	1.032710000000000008e+02	1.066590000000000060e+02	1.099320000000000022e+02	1.130450000000000017e+02	1.158599999999999994e+02	1.186979999999999933e+02	1.213299999999999983e+02	1.238709999999999951e+02	1.263430000000000035e+02	1.285860000000000127e+02	1.306690000000000111e+02	1.326829999999999927e+02	1.344449999999999932e+02	1.361850000000000023e+02	1.377410000000000139e+02	1.391140000000000043e+02	1.405109999999999957e+02	1.422270000000000039e+02	1.432340000000000089e+02	1.454319999999999879e+02	1.461639999999999873e+02	1.470109999999999957e+02	1.479259999999999877e+02	1.488650000000000091e+02	1.495970000000000084e+02	1.503300000000000125e+02	1.509929999999999950e+02	1.515660000000000025e+02	1.522520000000000095e+02	1.528240000000000123e+02	1.535569999999999879e+02	1.539230000000000018e+02	1.544039999999999964e+02	1.547700000000000102e+02	1.553650000000000091e+02	1.556630000000000109e+02	1.560060000000000002e+02	1.563720000000000141e+02	1.568069999999999879e+02	1.569670000000000130e+02	1.573559999999999945e+02	1.577909999999999968e+02	1.579739999999999895e+02	1.582259999999999991e+02	1.582489999999999952e+02	1.583859999999999957e+02	1.586610000000000014e+02	1.582949999999999875e+02
0.000000000000000000e+00	5.061949999999999932e+02	4.332730000000000246e+02	3.694150000000000205e+02	3.131100000000000136e+02	2.696000000000000227e+02	2.330929999999999893e+02	2.078700000000000045e+02	1.887359999999999900e+02	1.728060000000000116e+02	1.606980000000000075e+02	1.515200000000000102e+02	1.440579999999999927e+02	1.379010000000000105e+02	1.326829999999999927e+02	1.287920000000000016e+02	1.254039999999999964e+02	1.217420000000000044e+02	1.191329999999999956e+02	1.170499999999999972e+02	1.153559999999999945e+02	1.141659999999999968e+02	1.133419999999999987e+02	1.121979999999999933e+02	1.109620000000000033e+02	1.106640000000000015e+02	1.097950000000000017e+02	1.089939999999999998e+02	1.086039999999999992e+02	1.080090000000000003e+02	1.076200000000000045e+02	1.079180000000000064e+02	1.078259999999999934e+02	1.075969999999999942e+02	1.077120000000000033e+02	1.077800000000000011e+02	1.075289999999999964e+02	1.077120000000000033e+02	1.078949999999999960e+02	1.078719999999999999e+02	1.080319999999999965e+02	1.092909999999999968e+02	1.094740000000000038e+02	1.098400000000000034e+02	1.100460000000000065e+02	1.101380000000000052e+02	1.105040000000000049e+02	1.107099999999999937e+02	1.108020000000000067e+02	1.110310000000000059e+02	1.112369999999999948e+02	1.112139999999999986e+02	1.116260000000000048e+02	1.118550000000000040e+02	1.119689999999999941e+02	1.123349999999999937e+02	1.128619999999999948e+02	1.129300000000000068e+02	1.133419999999999987e+02	1.135030000000000001e+02	1.137079999999999984e+02	1.140520000000000067e+02	1.141659999999999968e+02	1.141659999999999968e+02	1.145550000000000068e+02	1.147840000000000060e+02	1.148990000000000009e+02	1.152189999999999941e+02	1.153340000000000032e+02	1.153340000000000032e+02	1.155849999999999937e+02	1.157000000000000028e+02	1.158139999999999930e+02	1.162720000000000056e+02	1.164320000000000022e+02	1.164549999999999983e+02	1.167980000000000018e+02	1.173020000000000067e+02	1.173930000000000007e+02	1.177830000000000013e+02	1.177600000000000051e+02	1.179429999999999978e+02	1.181949999999999932e+02	1.183319999999999936e+02	1.183089999999999975e+02	1.189039999999999964e+02	1.191099999999999994e+02	1.190639999999999930e+02	1.192469999999999999e+02	1.193850000000000051e+02	1.194759999999999991e+02	1.196370000000000005e+02	1.197969999999999970e+02	1.197279999999999944e+02	1.200030000000000001e+02	1.199110000000000014e+02	1.199569999999999936e+02	1.203229999999999933e+02	1.202319999999999993e+02	1.202549999999999955e+02	1.205060000000000002e+02	1.207810000000000059e+02	1.205520000000000067e+02	1.211470000000000056e+02	1.213070000000000022e+02	1.208949999999999960e+02	1.202090000000000032e+02	1.203689999999999998e+02	1.203919999999999959e+02	1.207120000000000033e+02	1.208269999999999982e+02	1.208269999999999982e+02	1.212159999999999940e+02	1.216959999999999980e+02	1.214899999999999949e+02	1.228640000000000043e+02	1.227039999999999935e+02	1.228179999999999978e+02	1.231380000000000052e+02	1.231610000000000014e+02	1.231610000000000014e+02	1.235499999999999972e+02	1.236189999999999998e+02	1.237339999999999947e+02	1.241910000000000025e+02	1.245349999999999966e+02	1.244890000000000043e+02	1.247860000000000014e+02	1.249470000000000027e+02	1.249689999999999941e+02	1.252900000000000063e+02	1.254039999999999964e+02	1.254729999999999990e+02	1.255190000000000055e+02	1.259539999999999935e+02	1.260220000000000056e+02	1.262969999999999970e+02	1.264110000000000014e+02	1.270070000000000050e+02	1.274189999999999969e+02	1.276020000000000039e+02	1.276250000000000000e+02	1.282880000000000109e+02	1.317899999999999920e+02	1.318590000000000089e+02	1.320879999999999939e+02	1.323170000000000073e+02	1.324079999999999870e+02	1.327059999999999889e+02	1.328890000000000100e+02	1.330260000000000105e+02	1.336210000000000093e+02	1.338499999999999943e+02	1.337810000000000059e+02	1.342390000000000043e+02	1.344449999999999932e+02	1.345370000000000061e+02	1.347199999999999989e+02	1.349259999999999877e+02	1.348110000000000070e+02	1.349720000000000084e+02	1.350169999999999959e+02	1.352009999999999934e+02	1.353379999999999939e+02	1.354979999999999905e+02	1.354519999999999982e+02	1.356349999999999909e+02	1.357040000000000077e+02	1.356349999999999909e+02	1.357729999999999961e+02	1.358870000000000005e+02	1.357729999999999961e+02	1.360240000000000009e+02	1.360699999999999932e+02	1.359329999999999927e+02	1.361620000000000061e+02	1.361850000000000023e+02	1.362299999999999898e+02	1.367570000000000050e+02	1.367800000000000011e+02	1.367340000000000089e+02	1.369629999999999939e+02	1.367110000000000127e+02	1.367570000000000050e+02	1.367570000000000050e+02	1.368029999999999973e+02	1.367570000000000050e+02	1.369170000000000016e+02	1.368940000000000055e+02	1.368259999999999934e+02
1.000000000000000000e+00	2.140960000000000036e+02	1.949840000000000089e+02	1.778180000000000121e+02	1.628489999999999895e+02	1.496430000000000007e+02	1.381990000000000123e+02	1.278080000000000069e+02	1.204609999999999985e+02	1.139599999999999937e+02	1.086730000000000018e+02	1.043010000000000019e+02	1.008220000000000027e+02	9.787000000000000455e+01	9.530599999999999739e+01	9.322400000000000375e+01	9.150700000000000500e+01	8.997299999999999898e+01	8.866899999999999693e+01	8.747899999999999920e+01	8.647199999999999420e+01	8.532699999999999818e+01	8.406799999999999784e+01	8.269499999999999318e+01	8.145900000000000318e+01	8.006300000000000239e+01	7.884999999999999432e+01	7.784300000000000352e+01	7.692700000000000671e+01	7.603499999999999659e+01	7.527899999999999636e+01	7.461499999999999488e+01	7.397499999999999432e+01	7.365399999999999636e+01	7.319599999999999795e+01	7.280700000000000216e+01	7.255599999999999739e+01	7.239499999999999602e+01	7.228100000000000591e+01	7.216599999999999682e+01	7.200600000000000023e+01	7.200600000000000023e+01	7.195999999999999375e+01	7.200600000000000023e+01	7.225799999999999557e+01	7.225799999999999557e+01	7.257800000000000296e+01	7.253300000000000125e+01	7.269299999999999784e+01	7.264700000000000557e+01	7.269299999999999784e+01	7.294499999999999318e+01	7.315099999999999625e+01	7.370000000000000284e+01	7.404300000000000637e+01	7.411199999999999477e+01	7.420300000000000296e+01	7.452400000000000091e+01	7.450100000000000477e+01	7.470699999999999363e+01	7.491299999999999670e+01	7.525600000000000023e+01	7.553100000000000591e+01	7.582899999999999352e+01	7.594299999999999784e+01	7.619499999999999318e+01	7.646899999999999409e+01	7.683599999999999852e+01	7.749899999999999523e+01	7.777400000000000091e+01	7.809399999999999409e+01	7.864400000000000546e+01	7.887300000000000466e+01	7.917000000000000171e+01	7.958199999999999363e+01	7.981100000000000705e+01	8.006300000000000239e+01	8.052100000000000080e+01	8.075000000000000000e+01	8.095600000000000307e+01	8.118399999999999750e+01	8.143600000000000705e+01	8.168800000000000239e+01	8.219100000000000250e+01	8.248900000000000432e+01	8.296999999999999886e+01	8.345000000000000284e+01	8.379399999999999693e+01	8.415999999999999659e+01	8.464100000000000534e+01	8.496099999999999852e+01	8.541899999999999693e+01	8.592199999999999704e+01	8.621999999999999886e+01	8.686100000000000421e+01	8.761599999999999966e+01	8.843999999999999773e+01	8.935500000000000398e+01	9.011100000000000421e+01	9.088899999999999579e+01	9.166700000000000159e+01	9.244499999999999318e+01	9.317799999999999727e+01	9.395600000000000307e+01	9.480299999999999727e+01	9.565000000000000568e+01	9.638200000000000500e+01	9.711499999999999488e+01	9.787000000000000455e+01	9.867100000000000648e+01	9.942600000000000193e+01	1.000900000000000034e+02	1.008910000000000053e+02	1.017840000000000060e+02	1.026310000000000002e+02	1.034090000000000060e+02	1.044389999999999930e+02	1.053539999999999992e+02	1.063840000000000003e+02	1.072309999999999945e+02	1.083529999999999944e+02	1.093599999999999994e+02	1.101610000000000014e+02	1.109620000000000033e+02	1.122669999999999959e+02	1.127930000000000064e+02	1.132740000000000009e+02	1.136400000000000006e+02	1.139599999999999937e+02	1.143040000000000020e+02	1.147379999999999995e+02	1.152189999999999941e+02	1.157229999999999990e+02	1.162030000000000030e+02	1.166839999999999975e+02	1.177139999999999986e+02	1.182860000000000014e+02	1.187900000000000063e+02	1.194080000000000013e+02	1.201400000000000006e+02	1.208499999999999943e+02	1.215360000000000014e+02	1.223599999999999994e+02	1.232300000000000040e+02	1.241680000000000064e+02	1.251749999999999972e+02	1.261599999999999966e+02	1.272810000000000059e+02	1.281510000000000105e+02	1.293870000000000005e+02	1.314010000000000105e+02	1.327969999999999970e+02	1.342620000000000005e+02	1.358640000000000043e+02	1.376949999999999932e+02	1.392750000000000057e+02	1.410600000000000023e+02	1.430740000000000123e+02	1.449970000000000141e+02	1.471020000000000039e+02	1.493230000000000075e+02	1.515430000000000064e+02	1.540600000000000023e+02	1.564869999999999948e+02	1.591870000000000118e+02	1.617740000000000009e+02	1.646349999999999909e+02	1.674730000000000132e+02	1.705629999999999882e+02	1.735380000000000109e+02	1.763760000000000048e+02	1.794890000000000043e+02	1.825560000000000116e+02	1.857150000000000034e+02	1.889650000000000034e+02	1.921009999999999991e+02	1.953739999999999952e+02	1.988069999999999879e+02	2.028810000000000002e+02	2.062680000000000007e+02	2.099759999999999991e+02	2.134319999999999879e+02	2.161100000000000136e+02	2.190629999999999882e+02	2.221529999999999916e+02	2.250819999999999936e+02	2.281949999999999932e+02	2.308959999999999866e+02	2.336200000000000045e+02	2.360920000000000130e+02
0.000000000000000000e+00	2.396850000000000023e+02	2.216030000000000086e+02	2.037280000000000086e+02	1.870190000000000055e+02	1.729199999999999875e+02	1.613849999999999909e+02	1.520229999999999961e+02	1.448820000000000050e+02	1.390689999999999884e+02	1.344449999999999932e+02	1.303249999999999886e+02	1.274869999999999948e+02	1.250610000000000070e+02	1.228409999999999940e+02	1.211239999999999952e+02	1.181719999999999970e+02	1.167530000000000001e+02	1.142579999999999956e+02	1.114200000000000017e+02	1.089479999999999933e+02	1.065669999999999931e+02	1.050109999999999957e+02	1.034770000000000039e+02	1.021500000000000057e+02	1.008449999999999989e+02	9.999800000000000466e+01	9.887699999999999534e+01	9.803000000000000114e+01	9.706900000000000261e+01	9.608499999999999375e+01	9.551200000000000045e+01	9.482599999999999341e+01	9.455100000000000193e+01	9.406999999999999318e+01	9.352100000000000080e+01	9.345199999999999818e+01	9.331499999999999773e+01	9.301800000000000068e+01	9.294899999999999807e+01	9.267400000000000659e+01	9.246800000000000352e+01	9.278900000000000148e+01	9.240000000000000568e+01	9.219400000000000261e+01	9.191899999999999693e+01	9.226200000000000045e+01	9.223900000000000432e+01	9.210200000000000387e+01	9.219400000000000261e+01	9.217100000000000648e+01	9.189600000000000080e+01	9.219400000000000261e+01	9.198799999999999955e+01	9.210200000000000387e+01	9.267400000000000659e+01	9.269700000000000273e+01	9.352100000000000080e+01	9.503199999999999648e+01	9.482599999999999341e+01	9.450499999999999545e+01	9.455100000000000193e+01	9.452800000000000580e+01	9.450499999999999545e+01	9.471099999999999852e+01	9.462000000000000455e+01	9.468800000000000239e+01	9.512300000000000466e+01	9.528400000000000603e+01	9.526099999999999568e+01	9.530599999999999739e+01	9.576399999999999579e+01	9.583299999999999841e+01	9.592400000000000659e+01	9.581000000000000227e+01	9.626800000000000068e+01	9.635899999999999466e+01	9.635899999999999466e+01	9.626800000000000068e+01	9.661100000000000421e+01	9.677100000000000080e+01	9.681699999999999307e+01	9.768699999999999761e+01	9.768699999999999761e+01	9.791599999999999682e+01	9.860200000000000387e+01	9.862500000000000000e+01	9.873999999999999488e+01	9.890000000000000568e+01	9.919700000000000273e+01	9.949500000000000455e+01	9.947199999999999420e+01	9.956399999999999295e+01	9.983799999999999386e+01	1.000900000000000034e+02	1.007309999999999945e+02	1.008449999999999989e+02	1.008449999999999989e+02	1.013029999999999973e+02	1.014629999999999939e+02	1.024020000000000010e+02	1.024020000000000010e+02	1.024479999999999933e+02	1.027680000000000007e+02	1.029509999999999934e+02	1.029050000000000011e+02	1.030879999999999939e+02	1.032259999999999991e+02	1.032710000000000008e+02	1.035229999999999961e+02	1.037060000000000031e+02	1.038439999999999941e+02	1.039350000000000023e+02	1.038889999999999958e+02	1.039809999999999945e+02	1.041410000000000053e+02	1.041869999999999976e+02	1.041869999999999976e+02	1.042330000000000041e+02	1.049189999999999969e+02	1.050570000000000022e+02	1.050570000000000022e+02	1.052630000000000052e+02	1.053310000000000031e+02	1.054459999999999980e+02	1.056290000000000049e+02	1.060409999999999968e+02	1.060409999999999968e+02	1.066129999999999995e+02	1.067960000000000065e+02	1.068649999999999949e+02	1.070019999999999953e+02	1.077349999999999994e+02	1.078490000000000038e+02	1.079639999999999986e+02	1.079860000000000042e+02	1.080780000000000030e+02	1.081239999999999952e+02	1.082609999999999957e+02	1.083979999999999961e+02	1.085130000000000052e+02	1.086269999999999953e+02	1.087879999999999967e+02	1.089479999999999933e+02	1.091080000000000041e+02	1.092219999999999942e+02	1.092909999999999968e+02	1.101610000000000014e+02	1.166149999999999949e+02	1.166380000000000052e+02	1.168670000000000044e+02	1.169819999999999993e+02	1.171650000000000063e+02	1.172099999999999937e+02	1.175769999999999982e+02	1.176910000000000025e+02	1.178509999999999991e+02	1.179890000000000043e+02	1.182169999999999987e+02	1.182630000000000052e+02	1.184230000000000018e+02	1.189729999999999990e+02	1.190190000000000055e+02	1.191329999999999956e+02	1.192249999999999943e+02	1.193389999999999986e+02	1.194309999999999974e+02	1.195909999999999940e+02	1.196140000000000043e+02	1.198199999999999932e+02	1.197049999999999983e+02	1.198880000000000052e+02	1.200030000000000001e+02	1.202090000000000032e+02	1.203689999999999998e+02	1.205060000000000002e+02	1.205750000000000028e+02	1.207349999999999994e+02	1.209180000000000064e+02	1.211009999999999991e+02	1.212620000000000005e+02	1.214449999999999932e+02	1.216509999999999962e+02	1.218799999999999955e+02	1.220859999999999985e+02	1.222920000000000016e+02	1.224290000000000020e+02	1.226119999999999948e+02	1.227039999999999935e+02	1.228870000000000005e+02
0.000000000000000000e+00	4.668050000000000068e+02	4.050289999999999964e+02	3.536000000000000227e+02	3.121720000000000255e+02	2.740629999999999882e+02	2.485430000000000064e+02	2.355420000000000016e+02	2.171169999999999902e+02	2.088549999999999898e+02	1.978000000000000114e+02	1.884610000000000127e+02	1.808400000000000034e+02	1.735840000000000032e+02	1.652069999999999936e+02	1.563259999999999934e+02	1.493679999999999950e+02	1.424099999999999966e+02	1.373750000000000000e+02	1.323849999999999909e+02	1.277620000000000005e+02	1.236650000000000063e+02	1.204609999999999985e+02	1.175540000000000020e+02	1.153340000000000032e+02	1.132279999999999944e+02	1.112139999999999986e+02	1.098179999999999978e+02	1.082609999999999957e+02	1.071620000000000061e+02	1.063610000000000042e+02	1.053769999999999953e+02	1.047129999999999939e+02	1.041410000000000053e+02	1.041410000000000053e+02	1.032710000000000008e+02	1.032259999999999991e+02	1.029509999999999934e+02	1.026310000000000002e+02	1.024929999999999950e+02	1.021959999999999980e+02	1.018750000000000000e+02	1.014180000000000064e+02	1.012120000000000033e+02	1.008679999999999950e+02	1.006389999999999958e+02	1.003419999999999987e+02	1.003880000000000052e+02	1.003419999999999987e+02	1.006850000000000023e+02	1.002270000000000039e+02	1.001590000000000060e+02	9.990699999999999648e+01	1.001590000000000060e+02	1.005250000000000057e+02	1.003419999999999987e+02	1.003880000000000052e+02	1.004789999999999992e+02	1.003649999999999949e+02	9.999800000000000466e+01	1.000900000000000034e+02	1.007999999999999972e+02	1.008449999999999989e+02	1.006389999999999958e+02	1.010739999999999981e+02	1.009140000000000015e+02	1.006159999999999997e+02	1.006159999999999997e+02	1.004330000000000069e+02	1.001820000000000022e+02	1.003419999999999987e+02	1.004560000000000031e+02	1.006389999999999958e+02	1.007079999999999984e+02	1.009369999999999976e+02	1.009369999999999976e+02	1.009140000000000015e+02	1.006159999999999997e+02	1.008679999999999950e+02	1.007540000000000049e+02	1.005480000000000018e+02	1.004560000000000031e+02	1.003649999999999949e+02	1.006850000000000023e+02	1.008449999999999989e+02	1.008679999999999950e+02	1.007309999999999945e+02	1.005250000000000057e+02	1.010510000000000019e+02	1.018299999999999983e+02	1.016689999999999969e+02	1.016919999999999931e+02	1.018299999999999983e+02	1.020360000000000014e+02	1.023559999999999945e+02	1.022420000000000044e+02	1.019899999999999949e+02	1.019899999999999949e+02	1.018299999999999983e+02	1.017150000000000034e+02	1.018299999999999983e+02	1.016460000000000008e+02	1.016460000000000008e+02	1.017150000000000034e+02	1.016009999999999991e+02	1.017379999999999995e+02	1.022420000000000044e+02	1.020810000000000031e+02	1.026080000000000041e+02	1.027219999999999942e+02	1.025390000000000015e+02	1.029279999999999973e+02	1.027450000000000045e+02	1.032030000000000030e+02	1.031110000000000042e+02	1.039579999999999984e+02	1.054230000000000018e+02	1.054000000000000057e+02	1.051940000000000026e+02	1.050799999999999983e+02	1.052630000000000052e+02	1.052169999999999987e+02	1.050340000000000060e+02	1.050799999999999983e+02	1.055150000000000006e+02	1.055829999999999984e+02	1.054230000000000018e+02	1.054230000000000018e+02	1.055370000000000061e+02	1.057660000000000053e+02	1.058349999999999937e+02	1.063389999999999986e+02	1.060180000000000007e+02	1.059039999999999964e+02	1.056749999999999972e+02	1.059270000000000067e+02	1.069110000000000014e+02	1.069110000000000014e+02	1.066590000000000060e+02	1.060409999999999968e+02	1.061550000000000011e+02	1.062469999999999999e+02	1.063389999999999986e+02	1.065220000000000056e+02	1.070709999999999980e+02	1.070250000000000057e+02	1.069560000000000031e+02	1.072309999999999945e+02	1.071400000000000006e+02	1.069560000000000031e+02	1.072309999999999945e+02	1.082150000000000034e+02	1.081009999999999991e+02	1.081009999999999991e+02	1.081239999999999952e+02	1.078490000000000038e+02	1.087189999999999941e+02	1.086730000000000018e+02	1.084440000000000026e+02	1.083070000000000022e+02	1.087650000000000006e+02	1.084440000000000026e+02	1.085360000000000014e+02	1.109159999999999968e+02	1.104350000000000023e+02	1.106640000000000015e+02	1.106869999999999976e+02	1.104579999999999984e+02	1.101839999999999975e+02	1.100460000000000065e+02	1.098629999999999995e+02	1.100229999999999961e+02	1.098400000000000034e+02	1.094740000000000038e+02	1.094279999999999973e+02	1.096119999999999948e+02	1.095199999999999960e+02	1.096569999999999965e+02	1.090160000000000053e+02	1.087189999999999941e+02	1.087420000000000044e+02	1.098629999999999995e+02	1.096340000000000003e+02	1.094509999999999934e+02	1.095199999999999960e+02	1.093370000000000033e+02	1.091310000000000002e+02	1.090619999999999976e+02	1.087879999999999967e+02	1.086959999999999980e+02
0.000000000000000000e+00	5.229719999999999800e+02	4.650649999999999977e+02	4.131770000000000209e+02	3.689350000000000023e+02	3.313519999999999754e+02	2.974089999999999918e+02	2.664409999999999741e+02	2.431639999999999873e+02	2.248309999999999889e+02	2.084879999999999995e+02	1.960600000000000023e+02	1.859660000000000082e+02	1.772920000000000016e+02	1.701510000000000105e+02	1.637189999999999941e+02	1.579279999999999973e+02	1.479720000000000084e+02	1.415409999999999968e+02	1.362990000000000066e+02	1.324310000000000116e+02	1.281510000000000105e+02	1.238479999999999990e+02	1.203689999999999998e+02	1.175079999999999956e+02	1.146929999999999978e+02	1.125870000000000033e+02	1.110079999999999956e+02	1.091080000000000041e+02	1.077800000000000011e+02	1.078949999999999960e+02	1.064530000000000030e+02	1.053310000000000031e+02	1.043010000000000019e+02	1.038889999999999958e+02	1.032710000000000008e+02	1.032259999999999991e+02	1.026989999999999981e+02	1.018979999999999961e+02	1.013259999999999934e+02	1.006159999999999997e+02	1.003190000000000026e+02	1.007309999999999945e+02	1.000669999999999931e+02	9.960899999999999466e+01	9.919700000000000273e+01	9.894599999999999795e+01	9.947199999999999420e+01	9.935800000000000409e+01	9.928900000000000148e+01	9.926600000000000534e+01	9.924299999999999500e+01	9.912900000000000489e+01	9.956399999999999295e+01	1.001129999999999995e+02	9.972400000000000375e+01	9.933499999999999375e+01	9.912900000000000489e+01	9.878499999999999659e+01	9.876300000000000523e+01	9.851099999999999568e+01	9.864799999999999613e+01	9.805299999999999727e+01	9.791599999999999682e+01	9.805299999999999727e+01	9.791599999999999682e+01	9.812199999999999989e+01	9.846500000000000341e+01	9.803000000000000114e+01	9.791599999999999682e+01	9.770999999999999375e+01	9.830500000000000682e+01	9.800700000000000500e+01	9.748099999999999454e+01	9.732099999999999795e+01	9.727500000000000568e+01	9.759499999999999886e+01	9.745799999999999841e+01	9.787000000000000455e+01	9.780100000000000193e+01	9.754900000000000659e+01	9.750400000000000489e+01	9.844199999999999307e+01	9.825900000000000034e+01	9.809900000000000375e+01	9.800700000000000500e+01	9.853400000000000603e+01	9.814499999999999602e+01	9.784699999999999420e+01	9.869400000000000261e+01	9.901399999999999579e+01	9.878499999999999659e+01	9.860200000000000387e+01	9.837300000000000466e+01	9.807599999999999341e+01	9.823600000000000421e+01	9.839600000000000080e+01	9.805299999999999727e+01	9.777800000000000580e+01	9.748099999999999454e+01	9.759499999999999886e+01	9.743500000000000227e+01	9.727500000000000568e+01	9.688599999999999568e+01	9.697700000000000387e+01	9.686299999999999955e+01	9.663400000000000034e+01	9.686299999999999955e+01	9.677100000000000080e+01	9.809900000000000375e+01	9.796099999999999852e+01	9.784699999999999420e+01	9.780100000000000193e+01	9.766400000000000148e+01	9.764100000000000534e+01	9.789300000000000068e+01	9.787000000000000455e+01	9.885399999999999920e+01	9.867100000000000648e+01	9.876300000000000523e+01	9.867100000000000648e+01	9.844199999999999307e+01	9.844199999999999307e+01	9.835099999999999909e+01	9.821299999999999386e+01	9.823600000000000421e+01	9.812199999999999989e+01	9.807599999999999341e+01	9.803000000000000114e+01	9.803000000000000114e+01	9.796099999999999852e+01	9.789300000000000068e+01	9.784699999999999420e+01	9.876300000000000523e+01	9.894599999999999795e+01	9.981499999999999773e+01	9.983799999999999386e+01	9.990699999999999648e+01	1.001820000000000022e+02	1.002270000000000039e+02	1.002960000000000065e+02	1.002960000000000065e+02	1.015090000000000003e+02	1.014629999999999939e+02	1.013259999999999934e+02	1.021500000000000057e+02	1.020810000000000031e+02	1.020580000000000069e+02	1.020810000000000031e+02	1.022420000000000044e+02	1.024929999999999950e+02	1.026989999999999981e+02	1.027450000000000045e+02	1.028589999999999947e+02	1.028370000000000033e+02	1.031569999999999965e+02	1.032489999999999952e+02	1.032939999999999969e+02	1.036610000000000014e+02	1.037980000000000018e+02	1.038209999999999980e+02	1.039120000000000061e+02	1.041179999999999950e+02	1.041410000000000053e+02	1.042099999999999937e+02	1.096340000000000003e+02	1.096569999999999965e+02	1.097030000000000030e+02	1.098179999999999978e+02	1.088559999999999945e+02	1.090390000000000015e+02	1.092450000000000045e+02	1.091770000000000067e+02	1.093139999999999930e+02	1.096800000000000068e+02	1.097489999999999952e+02	1.098629999999999995e+02	1.100460000000000065e+02	1.100690000000000026e+02	1.101380000000000052e+02	1.101610000000000014e+02	1.101380000000000052e+02	1.102750000000000057e+02	1.101380000000000052e+02	1.102980000000000018e+02	1.104129999999999967e+02	1.103900000000000006e+02	1.104579999999999984e+02	1.105270000000000010e+02	1.105960000000000036e+02
0.000000000000000000e+00	1.910250000000000057e+02	1.765589999999999975e+02	1.636959999999999980e+02	1.521610000000000014e+02	1.420209999999999866e+02	1.333470000000000084e+02	1.262969999999999970e+02	1.205520000000000067e+02	1.157000000000000028e+02	1.113509999999999991e+02	1.073229999999999933e+02	1.037750000000000057e+02	1.007309999999999945e+02	9.809900000000000375e+01	9.594700000000000273e+01	9.404800000000000182e+01	9.207899999999999352e+01	8.946999999999999886e+01	8.722700000000000387e+01	8.498399999999999466e+01	8.296999999999999886e+01	8.139000000000000057e+01	7.990300000000000580e+01	7.878100000000000591e+01	7.768200000000000216e+01	7.679000000000000625e+01	7.607999999999999829e+01	7.541700000000000159e+01	7.477599999999999625e+01	7.445499999999999829e+01	7.404300000000000637e+01	7.372299999999999898e+01	7.372299999999999898e+01	7.404300000000000637e+01	7.415800000000000125e+01	7.399699999999999989e+01	7.390600000000000591e+01	7.395199999999999818e+01	7.415800000000000125e+01	7.411199999999999477e+01	7.429500000000000171e+01	7.450100000000000477e+01	7.479900000000000659e+01	7.509600000000000364e+01	7.537099999999999511e+01	7.566800000000000637e+01	7.596599999999999397e+01	7.610299999999999443e+01	7.669799999999999329e+01	7.697299999999999898e+01	7.727100000000000080e+01	7.761400000000000432e+01	7.786599999999999966e+01	7.811700000000000443e+01	7.859799999999999898e+01	7.891800000000000637e+01	7.907899999999999352e+01	7.942199999999999704e+01	7.978799999999999670e+01	8.001699999999999591e+01	8.022299999999999898e+01	8.065800000000000125e+01	8.102400000000000091e+01	8.134499999999999886e+01	8.173399999999999466e+01	8.214600000000000080e+01	8.251200000000000045e+01	8.296999999999999886e+01	8.322100000000000364e+01	8.370199999999999818e+01	8.409099999999999397e+01	8.445699999999999363e+01	8.484600000000000364e+01	8.528100000000000591e+01	8.580800000000000693e+01	8.631100000000000705e+01	8.674599999999999511e+01	8.718099999999999739e+01	8.768500000000000227e+01	8.809699999999999420e+01	8.871500000000000341e+01	8.919499999999999318e+01	8.974500000000000455e+01	9.011100000000000421e+01	9.070600000000000307e+01	9.125499999999999545e+01	9.189600000000000080e+01	9.226200000000000045e+01	9.278900000000000148e+01	9.329200000000000159e+01	9.372700000000000387e+01	9.413899999999999579e+01	9.464300000000000068e+01	9.526099999999999568e+01	9.571800000000000352e+01	9.629099999999999682e+01	9.674800000000000466e+01	9.748099999999999454e+01	9.805299999999999727e+01	9.860200000000000387e+01	9.915200000000000102e+01	9.970099999999999341e+01	1.004560000000000031e+02	1.009369999999999976e+02	1.012570000000000050e+02	1.014860000000000042e+02	1.016009999999999991e+02	1.018070000000000022e+02	1.018299999999999983e+02	1.019440000000000026e+02	1.021500000000000057e+02	1.023100000000000023e+02	1.023790000000000049e+02	1.025619999999999976e+02	1.026539999999999964e+02	1.028370000000000033e+02	1.029279999999999973e+02	1.031340000000000003e+02	1.032710000000000008e+02	1.034090000000000060e+02	1.035000000000000000e+02	1.036149999999999949e+02	1.035919999999999987e+02	1.037060000000000031e+02	1.038439999999999941e+02	1.038889999999999958e+02	1.039809999999999945e+02	1.040499999999999972e+02	1.042789999999999964e+02	1.043469999999999942e+02	1.044159999999999968e+02	1.044620000000000033e+02	1.044620000000000033e+02	1.044849999999999994e+02	1.046449999999999960e+02	1.046910000000000025e+02	1.047360000000000042e+02	1.048739999999999952e+02	1.049189999999999969e+02	1.049419999999999931e+02	1.050109999999999957e+02	1.051029999999999944e+02	1.051250000000000000e+02	1.052630000000000052e+02	1.052399999999999949e+02	1.053310000000000031e+02	1.055150000000000006e+02	1.054920000000000044e+02	1.055829999999999984e+02	1.055370000000000061e+02	1.055600000000000023e+02	1.057660000000000053e+02	1.057890000000000015e+02	1.057429999999999950e+02	1.058580000000000041e+02	1.059950000000000045e+02	1.061099999999999994e+02	1.062469999999999999e+02	1.062699999999999960e+02	1.063389999999999986e+02	1.063389999999999986e+02	1.063840000000000003e+02	1.063160000000000025e+02	1.064530000000000030e+02	1.064759999999999991e+02	1.066129999999999995e+02	1.067049999999999983e+02	1.067500000000000000e+02	1.067049999999999983e+02	1.068419999999999987e+02	1.067729999999999961e+02	1.068190000000000026e+02	1.069110000000000014e+02	1.069339999999999975e+02	1.068880000000000052e+02	1.070250000000000057e+02	1.070939999999999941e+02	1.070709999999999980e+02	1.071620000000000061e+02	1.072079999999999984e+02	1.071170000000000044e+02	1.072309999999999945e+02	1.073229999999999933e+02	1.073460000000000036e+02	1.073460000000000036e+02	1.075969999999999942e+02	1.075289999999999964e+02	1.074830000000000041e+02	1.075520000000000067e+02
0.000000000000000000e+00	3.548360000000000127e+02	3.134309999999999832e+02	2.772900000000000205e+02	2.467800000000000011e+02	2.210080000000000098e+02	2.002940000000000111e+02	1.844099999999999966e+02	1.718220000000000027e+02	1.595080000000000098e+02	1.537170000000000130e+02	1.480639999999999930e+02	1.433940000000000055e+02	1.394350000000000023e+02	1.359099999999999966e+02	1.325229999999999961e+02	1.301879999999999882e+02	1.277620000000000005e+02	1.245799999999999983e+02	1.204830000000000041e+02	1.165469999999999970e+02	1.129989999999999952e+02	1.099779999999999944e+02	1.062469999999999999e+02	1.040949999999999989e+02	1.018520000000000039e+02	9.940300000000000580e+01	9.789300000000000068e+01	9.629099999999999682e+01	9.484900000000000375e+01	9.363599999999999568e+01	9.267400000000000659e+01	9.171299999999999386e+01	9.116400000000000148e+01	9.061400000000000432e+01	9.027100000000000080e+01	8.981300000000000239e+01	8.937800000000000011e+01	8.931000000000000227e+01	8.896599999999999397e+01	8.871500000000000341e+01	8.857699999999999818e+01	8.830299999999999727e+01	8.818800000000000239e+01	8.786799999999999500e+01	8.816500000000000625e+01	8.798199999999999932e+01	8.768500000000000227e+01	8.761599999999999966e+01	8.761599999999999966e+01	8.763899999999999579e+01	8.770799999999999841e+01	8.777599999999999625e+01	8.825700000000000500e+01	8.857699999999999818e+01	8.859999999999999432e+01	8.889799999999999613e+01	8.882899999999999352e+01	8.887500000000000000e+01	8.896599999999999397e+01	8.931000000000000227e+01	8.944700000000000273e+01	8.983599999999999852e+01	9.004200000000000159e+01	9.038500000000000512e+01	9.065999999999999659e+01	9.125499999999999545e+01	9.123199999999999932e+01	9.157599999999999341e+01	9.173600000000000421e+01	9.207899999999999352e+01	9.217100000000000648e+01	9.253700000000000614e+01	9.276600000000000534e+01	9.338400000000000034e+01	9.356699999999999307e+01	9.409300000000000352e+01	9.455100000000000193e+01	9.567300000000000182e+01	9.560399999999999920e+01	9.592400000000000659e+01	9.640500000000000114e+01	9.672499999999999432e+01	9.690900000000000603e+01	9.757200000000000273e+01	9.818999999999999773e+01	9.853400000000000603e+01	9.885399999999999920e+01	9.956399999999999295e+01	1.007309999999999945e+02	1.012339999999999947e+02	1.016009999999999991e+02	1.018979999999999961e+02	1.021500000000000057e+02	1.024020000000000010e+02	1.028589999999999947e+02	1.032489999999999952e+02	1.036830000000000069e+02	1.039809999999999945e+02	1.043930000000000007e+02	1.048970000000000056e+02	1.053539999999999992e+02	1.058349999999999937e+02	1.063389999999999986e+02	1.067729999999999961e+02	1.072079999999999984e+02	1.076889999999999930e+02	1.083070000000000022e+02	1.089710000000000036e+02	1.096119999999999948e+02	1.101610000000000014e+02	1.108930000000000007e+02	1.115799999999999983e+02	1.122890000000000015e+02	1.130909999999999940e+02	1.138229999999999933e+02	1.146239999999999952e+02	1.154939999999999998e+02	1.162950000000000017e+02	1.170729999999999933e+02	1.179659999999999940e+02	1.188349999999999937e+02	1.197279999999999944e+02	1.206670000000000016e+02	1.216050000000000040e+02	1.226119999999999948e+02	1.237109999999999985e+02	1.246490000000000009e+02	1.256790000000000020e+02	1.268229999999999933e+02	1.278310000000000031e+02	1.287690000000000055e+02	1.298449999999999989e+02	1.308060000000000116e+02	1.316529999999999916e+02	1.325910000000000082e+02	1.334840000000000089e+02	1.343990000000000009e+02	1.352009999999999934e+02	1.360699999999999932e+02	1.368029999999999973e+02	1.375579999999999927e+02	1.383360000000000127e+02	1.389540000000000077e+02	1.397319999999999993e+02	1.403729999999999905e+02	1.410140000000000100e+02	1.416550000000000011e+02	1.422500000000000000e+02	1.428220000000000027e+02	1.434629999999999939e+02	1.439670000000000130e+02	1.445389999999999873e+02	1.452259999999999991e+02	1.457750000000000057e+02	1.463930000000000007e+02	1.469420000000000073e+02	1.474689999999999941e+02	1.479259999999999877e+02	1.483609999999999900e+02	1.488420000000000130e+02	1.492309999999999945e+02	1.496200000000000045e+02	1.499629999999999939e+02	1.502839999999999918e+02	1.505360000000000014e+02	1.508329999999999984e+02	1.510159999999999911e+02	1.511759999999999877e+02	1.514509999999999934e+02	1.517259999999999991e+02	1.518170000000000073e+02	1.518170000000000073e+02	1.519780000000000086e+02	1.521150000000000091e+02	1.521610000000000014e+02	1.522059999999999889e+02	1.522980000000000018e+02	1.524120000000000061e+02	1.523899999999999864e+02	1.524350000000000023e+02	1.524579999999999984e+02	1.525269999999999868e+02	1.525960000000000036e+02	1.526409999999999911e+02	1.526870000000000118e+02	1.529159999999999968e+02	1.529389999999999930e+02	1.529389999999999930e+02	1.529159999999999968e+02
0.000000000000000000e+00	5.850220000000000482e+02	5.212780000000000200e+02	4.625930000000000177e+02	4.108890000000000100e+02	3.665079999999999814e+02	3.256990000000000123e+02	2.937010000000000218e+02	2.679979999999999905e+02	2.462539999999999907e+02	2.291109999999999900e+02	2.165449999999999875e+02	2.049180000000000064e+02	1.958309999999999889e+02	1.881409999999999911e+02	1.818240000000000123e+02	1.756670000000000016e+02	1.710209999999999866e+02	1.667400000000000091e+02	1.631239999999999952e+02	1.591870000000000118e+02	1.569670000000000130e+02	1.540370000000000061e+02	1.520229999999999961e+02	1.498029999999999973e+02	1.481550000000000011e+02	1.468509999999999991e+02	1.455229999999999961e+02	1.434170000000000016e+02	1.411510000000000105e+02	1.388849999999999909e+02	1.363679999999999950e+02	1.337810000000000059e+02	1.321330000000000098e+02	1.311040000000000134e+02	1.298220000000000027e+02	1.302800000000000011e+02	1.291349999999999909e+02	1.283110000000000070e+02	1.280589999999999975e+02	1.277159999999999940e+02	1.277620000000000005e+02	1.279219999999999970e+02	1.277159999999999940e+02	1.279680000000000035e+02	1.286090000000000089e+02	1.289979999999999905e+02	1.291810000000000116e+02	1.296390000000000100e+02	1.309199999999999875e+02	1.312640000000000100e+02	1.318590000000000089e+02	1.324540000000000077e+02	1.331179999999999950e+02	1.336899999999999977e+02	1.344449999999999932e+02	1.381759999999999877e+02	1.405560000000000116e+02	1.390459999999999923e+02	1.404650000000000034e+02	1.412199999999999989e+02	1.418379999999999939e+02	1.427990000000000066e+02	1.429819999999999993e+02	1.438750000000000000e+02	1.445850000000000080e+02	1.453629999999999995e+02	1.455689999999999884e+02	1.463009999999999877e+02	1.467359999999999900e+02	1.468050000000000068e+02	1.471020000000000039e+02	1.471020000000000039e+02	1.472170000000000130e+02	1.475370000000000061e+02	1.469879999999999995e+02	1.469879999999999995e+02	1.475370000000000061e+02	1.477659999999999911e+02	1.478350000000000080e+02	1.477659999999999911e+02	1.478120000000000118e+02	1.477199999999999989e+02	1.479029999999999916e+02	1.480639999999999930e+02	1.479720000000000084e+02	1.481320000000000050e+02	1.483609999999999900e+02	1.481550000000000011e+02	1.483149999999999977e+02	1.482009999999999934e+02	1.482009999999999934e+02	1.481779999999999973e+02	1.482930000000000064e+02	1.482700000000000102e+02	1.483609999999999900e+02	1.481779999999999973e+02	1.481320000000000050e+02	1.481090000000000089e+02	1.482470000000000141e+02	1.482009999999999934e+02	1.481320000000000050e+02	1.484300000000000068e+02	1.484070000000000107e+02	1.484300000000000068e+02	1.485440000000000111e+02	1.484759999999999991e+02	1.485440000000000111e+02	1.485670000000000073e+02	1.485440000000000111e+02	1.487050000000000125e+02	1.487500000000000000e+02	1.487050000000000125e+02	1.487959999999999923e+02	1.489110000000000014e+02	1.486819999999999879e+02	1.488189999999999884e+02	1.485440000000000111e+02	1.483839999999999861e+02	1.485900000000000034e+02	1.485900000000000034e+02	1.484530000000000030e+02	1.484530000000000030e+02	1.484300000000000068e+02	1.483149999999999977e+02	1.483839999999999861e+02	1.484530000000000030e+02	1.484989999999999952e+02	1.485440000000000111e+02	1.485670000000000073e+02	1.484759999999999991e+02	1.486359999999999957e+02	1.484759999999999991e+02	1.483839999999999861e+02	1.484759999999999991e+02	1.483609999999999900e+02	1.482470000000000141e+02	1.478580000000000041e+02	1.475829999999999984e+02	1.475829999999999984e+02	1.476059999999999945e+02	1.476519999999999868e+02	1.475829999999999984e+02	1.476519999999999868e+02	1.475829999999999984e+02	1.475370000000000061e+02	1.477429999999999950e+02	1.476970000000000027e+02	1.474000000000000057e+02	1.473770000000000095e+02	1.474689999999999941e+02	1.473309999999999889e+02	1.471709999999999923e+02	1.472170000000000130e+02	1.470790000000000077e+02	1.470109999999999957e+02	1.471250000000000000e+02	1.471020000000000039e+02	1.472400000000000091e+02	1.472170000000000130e+02	1.471020000000000039e+02	1.472630000000000052e+02	1.474910000000000139e+02	1.462330000000000041e+02	1.463240000000000123e+02	1.462549999999999955e+02	1.461179999999999950e+02	1.460490000000000066e+02	1.458890000000000100e+02	1.456599999999999966e+02	1.457750000000000057e+02	1.455920000000000130e+02	1.453400000000000034e+02	1.454770000000000039e+02	1.455689999999999884e+02	1.452709999999999866e+02	1.452709999999999866e+02	1.454319999999999879e+02	1.451339999999999861e+02	1.452259999999999991e+02	1.452030000000000030e+02	1.451339999999999861e+02	1.451570000000000107e+02	1.452940000000000111e+02	1.451570000000000107e+02	1.452709999999999866e+02	1.457290000000000134e+02	1.455689999999999884e+02	1.456599999999999966e+02	1.455459999999999923e+02
1.000000000000000000e+00	2.135010000000000048e+02	1.928559999999999945e+02	1.754840000000000089e+02	1.600109999999999957e+02	1.480180000000000007e+02	1.352230000000000132e+02	1.245570000000000022e+02	1.167759999999999962e+02	1.107560000000000002e+02	1.059039999999999964e+02	1.017150000000000034e+02	9.837300000000000466e+01	9.601600000000000534e+01	9.413899999999999579e+01	9.287999999999999545e+01	9.155299999999999727e+01	9.054600000000000648e+01	8.979000000000000625e+01	8.919499999999999318e+01	8.857699999999999818e+01	8.825700000000000500e+01	8.770799999999999841e+01	8.731799999999999784e+01	8.709000000000000341e+01	8.683799999999999386e+01	8.663200000000000500e+01	8.670000000000000284e+01	8.665500000000000114e+01	8.676900000000000546e+01	8.663200000000000500e+01	8.676900000000000546e+01	8.686100000000000421e+01	8.692900000000000205e+01	8.713500000000000512e+01	8.729600000000000648e+01	8.782200000000000273e+01	8.779900000000000659e+01	8.795900000000000318e+01	8.828000000000000114e+01	8.859999999999999432e+01	8.882899999999999352e+01	8.924099999999999966e+01	8.949299999999999500e+01	8.997299999999999898e+01	9.015699999999999648e+01	9.050000000000000000e+01	9.077500000000000568e+01	9.107200000000000273e+01	9.134699999999999420e+01	9.171299999999999386e+01	9.194199999999999307e+01	9.230800000000000693e+01	9.265099999999999625e+01	9.292600000000000193e+01	9.320099999999999341e+01	9.345199999999999818e+01	9.377299999999999613e+01	9.404800000000000182e+01	9.441400000000000148e+01	9.462000000000000455e+01	9.484900000000000375e+01	9.523799999999999955e+01	9.544400000000000261e+01	9.583299999999999841e+01	9.603900000000000148e+01	9.651900000000000546e+01	9.663400000000000034e+01	9.695399999999999352e+01	9.727500000000000568e+01	9.743500000000000227e+01	9.773300000000000409e+01	9.793899999999999295e+01	9.814499999999999602e+01	9.839600000000000080e+01	9.857899999999999352e+01	9.867100000000000648e+01	9.890000000000000568e+01	9.903700000000000614e+01	9.924299999999999500e+01	9.935800000000000409e+01	9.958599999999999852e+01	9.993000000000000682e+01	1.001820000000000022e+02	1.004560000000000031e+02	1.006850000000000023e+02	1.008910000000000053e+02	1.012120000000000033e+02	1.015090000000000003e+02	1.018070000000000022e+02	1.021959999999999980e+02	1.025619999999999976e+02	1.031340000000000003e+02	1.036830000000000069e+02	1.043239999999999981e+02	1.052860000000000014e+02	1.062469999999999999e+02	1.077120000000000033e+02	1.093139999999999930e+02	1.111680000000000064e+02	1.133649999999999949e+02	1.160199999999999960e+02	1.191560000000000059e+02	1.232069999999999936e+02	1.274189999999999969e+02	1.318820000000000050e+02	1.367340000000000089e+02	1.420209999999999866e+02	1.476059999999999945e+02	1.532820000000000107e+02	1.590269999999999868e+02	1.647949999999999875e+02	1.703799999999999955e+02	1.756440000000000055e+02	1.808619999999999948e+02	1.864929999999999950e+02	1.915509999999999877e+02	1.954420000000000073e+02	1.998369999999999891e+02	2.034759999999999991e+02	2.094730000000000132e+02	2.120589999999999975e+02	2.137299999999999898e+02	2.180560000000000116e+02	2.217410000000000139e+02	2.232740000000000009e+02	2.250600000000000023e+02	2.276690000000000111e+02	2.291790000000000020e+02	2.310099999999999909e+02	2.318799999999999955e+02	2.304379999999999882e+02	2.324070000000000107e+02	2.358400000000000034e+02	2.346500000000000057e+02	2.363199999999999932e+02	2.384720000000000084e+02	2.376250000000000000e+02	2.397990000000000066e+02	2.406690000000000111e+02	2.407609999999999957e+02	2.421109999999999900e+02	2.404399999999999977e+02	2.424770000000000039e+02	2.426150000000000091e+02	2.432100000000000080e+02	2.431639999999999873e+02	2.452239999999999895e+02	2.454759999999999991e+02	2.460709999999999980e+02	2.460709999999999980e+02	2.467119999999999891e+02	2.449490000000000123e+02	2.451320000000000050e+02	2.455900000000000034e+02	2.466659999999999968e+02	2.483830000000000098e+02	2.467580000000000098e+02	2.487719999999999914e+02	2.488859999999999957e+02	2.473069999999999879e+02	2.484739999999999895e+02	2.483139999999999930e+02	2.475589999999999975e+02	2.484970000000000141e+02	2.481080000000000041e+02	2.491610000000000014e+02	2.503280000000000030e+02	2.487719999999999914e+02	2.485430000000000064e+02	2.486570000000000107e+02	2.503050000000000068e+02	2.492290000000000134e+02	2.491150000000000091e+02	2.500759999999999934e+02	2.495730000000000075e+02	2.494350000000000023e+02	2.511980000000000075e+02	2.518839999999999861e+02	2.533489999999999895e+02	2.530980000000000132e+02	2.536469999999999914e+02	2.537379999999999995e+02	2.528460000000000036e+02	2.526399999999999864e+02	2.530289999999999964e+02	2.530980000000000132e+02	2.533489999999999895e+02	2.531659999999999968e+02	2.532350000000000136e+02
0.000000000000000000e+00	1.521839999999999975e+02	1.414720000000000084e+02	1.304629999999999939e+02	1.217420000000000044e+02	1.125180000000000007e+02	1.061329999999999956e+02	9.947199999999999420e+01	9.475700000000000500e+01	9.132399999999999807e+01	8.855400000000000205e+01	8.640300000000000580e+01	8.425100000000000477e+01	8.253499999999999659e+01	8.081799999999999784e+01	7.932999999999999829e+01	7.786599999999999966e+01	7.626300000000000523e+01	7.422599999999999909e+01	7.255599999999999739e+01	7.070199999999999818e+01	6.928300000000000125e+01	6.779500000000000171e+01	6.635299999999999443e+01	6.491100000000000136e+01	6.397200000000000131e+01	6.273700000000000188e+01	6.175200000000000244e+01	6.088300000000000267e+01	6.010399999999999920e+01	5.944100000000000250e+01	5.875399999999999778e+01	5.829599999999999937e+01	5.774699999999999989e+01	5.735799999999999699e+01	5.694599999999999795e+01	5.655700000000000216e+01	5.625900000000000034e+01	5.596200000000000330e+01	5.577900000000000347e+01	5.550399999999999778e+01	5.520600000000000307e+01	5.520600000000000307e+01	5.516100000000000136e+01	5.497699999999999676e+01	5.486299999999999955e+01	5.463400000000000034e+01	5.463400000000000034e+01	5.456499999999999773e+01	5.456499999999999773e+01	5.463400000000000034e+01	5.474900000000000233e+01	5.495499999999999829e+01	5.493200000000000216e+01	5.488600000000000279e+01	5.495499999999999829e+01	5.518299999999999983e+01	5.529800000000000182e+01	5.527499999999999858e+01	5.532099999999999795e+01	5.559499999999999886e+01	5.554999999999999716e+01	5.554999999999999716e+01	5.573299999999999699e+01	5.609899999999999665e+01	5.637400000000000233e+01	5.609899999999999665e+01	5.623599999999999710e+01	5.616799999999999926e+01	5.614500000000000313e+01	5.660199999999999676e+01	5.660199999999999676e+01	5.703699999999999903e+01	5.706000000000000227e+01	5.738100000000000023e+01	5.770100000000000051e+01	5.765500000000000114e+01	5.758700000000000330e+01	5.760999999999999943e+01	5.742600000000000193e+01	5.747200000000000131e+01	5.738100000000000023e+01	5.749499999999999744e+01	5.735799999999999699e+01	5.735799999999999699e+01	5.760999999999999943e+01	5.763199999999999790e+01	5.779299999999999926e+01	5.799900000000000233e+01	5.809000000000000341e+01	5.822800000000000153e+01	5.811299999999999955e+01	5.811299999999999955e+01	5.843399999999999750e+01	5.847899999999999920e+01	5.861699999999999733e+01	5.873100000000000165e+01	5.882300000000000040e+01	5.879999999999999716e+01	5.896000000000000085e+01	5.907399999999999807e+01	5.902900000000000347e+01	5.902900000000000347e+01	5.900600000000000023e+01	5.907399999999999807e+01	5.923499999999999943e+01	5.930299999999999727e+01	5.932600000000000051e+01	5.946399999999999864e+01	5.948599999999999710e+01	5.941799999999999926e+01	5.948599999999999710e+01	5.953199999999999648e+01	5.957800000000000296e+01	5.944100000000000250e+01	5.989800000000000324e+01	5.987500000000000000e+01	5.992099999999999937e+01	6.001299999999999812e+01	5.994400000000000261e+01	6.017300000000000182e+01	6.074499999999999744e+01	6.076800000000000068e+01	6.085999999999999943e+01	6.088300000000000267e+01	6.102000000000000313e+01	6.113400000000000034e+01	6.124900000000000233e+01	6.124900000000000233e+01	6.134000000000000341e+01	6.134000000000000341e+01	6.138600000000000279e+01	6.145499999999999829e+01	6.147800000000000153e+01	6.140899999999999892e+01	6.150099999999999767e+01	6.154599999999999937e+01	6.152300000000000324e+01	6.156900000000000261e+01	6.168399999999999750e+01	6.161500000000000199e+01	6.170700000000000074e+01	6.202700000000000102e+01	6.204999999999999716e+01	6.211899999999999977e+01	6.216400000000000148e+01	6.225600000000000023e+01	6.230199999999999960e+01	6.250800000000000267e+01	6.253099999999999881e+01	6.266799999999999926e+01	6.264500000000000313e+01	6.273700000000000188e+01	6.319400000000000261e+01	6.321699999999999875e+01	6.367499999999999716e+01	6.374399999999999977e+01	6.374399999999999977e+01	6.365200000000000102e+01	6.378900000000000148e+01	6.385799999999999699e+01	6.383500000000000085e+01	6.392699999999999960e+01	6.390400000000000347e+01	6.372099999999999653e+01	6.392699999999999960e+01	6.399499999999999744e+01	6.392699999999999960e+01	6.395000000000000284e+01	6.406399999999999295e+01	6.408700000000000330e+01	6.429300000000000637e+01	6.429300000000000637e+01	6.426999999999999602e+01	6.438400000000000034e+01	6.440699999999999648e+01	6.447599999999999909e+01	6.447599999999999909e+01	6.454500000000000171e+01	6.459000000000000341e+01	6.468200000000000216e+01	6.479600000000000648e+01	6.470499999999999829e+01	6.479600000000000648e+01	6.491100000000000136e+01	6.507099999999999795e+01	6.504800000000000182e+01	6.516299999999999670e+01	6.520799999999999841e+01	6.525400000000000489e+01
1.000000000000000000e+00	1.690980000000000132e+02	1.540600000000000023e+02	1.396409999999999911e+02	1.259770000000000039e+02	1.144869999999999948e+02	1.043239999999999981e+02	9.629099999999999682e+01	8.949299999999999500e+01	8.459499999999999886e+01	8.081799999999999784e+01	7.749899999999999523e+01	7.447799999999999443e+01	7.251000000000000512e+01	7.029000000000000625e+01	6.843600000000000705e+01	6.626099999999999568e+01	6.422400000000000375e+01	6.243900000000000006e+01	6.090500000000000114e+01	5.971500000000000341e+01	5.825000000000000000e+01	5.696900000000000119e+01	5.596200000000000330e+01	5.495499999999999829e+01	5.387899999999999778e+01	5.326100000000000279e+01	5.259700000000000131e+01	5.197899999999999920e+01	5.127000000000000313e+01	5.088000000000000256e+01	5.058299999999999841e+01	5.028499999999999659e+01	4.998799999999999955e+01	4.971300000000000097e+01	4.939300000000000068e+01	4.916400000000000148e+01	4.909499999999999886e+01	4.902600000000000335e+01	4.902600000000000335e+01	4.909499999999999886e+01	4.882000000000000028e+01	4.877499999999999858e+01	4.868299999999999983e+01	4.870600000000000307e+01	4.863700000000000045e+01	4.852300000000000324e+01	4.845400000000000063e+01	4.852300000000000324e+01	4.868299999999999983e+01	4.847699999999999676e+01	4.845400000000000063e+01	4.834000000000000341e+01	4.834000000000000341e+01	4.829399999999999693e+01	4.834000000000000341e+01	4.806499999999999773e+01	4.813400000000000034e+01	4.804200000000000159e+01	4.813400000000000034e+01	4.822500000000000142e+01	4.820300000000000296e+01	4.836299999999999955e+01	4.829399999999999693e+01	4.813400000000000034e+01	4.820300000000000296e+01	4.806499999999999773e+01	4.795100000000000051e+01	4.799699999999999989e+01	4.785900000000000176e+01	4.790500000000000114e+01	4.788199999999999790e+01	4.792799999999999727e+01	4.785900000000000176e+01	4.799699999999999989e+01	4.785900000000000176e+01	4.783599999999999852e+01	4.797399999999999665e+01	4.840899999999999892e+01	4.845400000000000063e+01	4.847699999999999676e+01	4.884300000000000352e+01	4.882000000000000028e+01	4.875200000000000244e+01	4.888900000000000290e+01	5.001100000000000279e+01	4.987299999999999756e+01	4.973599999999999710e+01	4.959899999999999665e+01	4.955299999999999727e+01	4.939300000000000068e+01	4.941599999999999682e+01	4.964399999999999835e+01	4.962199999999999989e+01	4.962199999999999989e+01	4.950699999999999790e+01	4.943800000000000239e+01	4.959899999999999665e+01	4.939300000000000068e+01	4.936999999999999744e+01	4.946099999999999852e+01	4.925500000000000256e+01	4.943800000000000239e+01	4.936999999999999744e+01	4.923199999999999932e+01	4.936999999999999744e+01	4.934700000000000131e+01	4.943800000000000239e+01	5.014800000000000324e+01	5.005599999999999739e+01	5.051400000000000290e+01	5.044599999999999795e+01	5.051400000000000290e+01	5.046800000000000352e+01	5.065200000000000102e+01	5.067399999999999949e+01	5.065200000000000102e+01	5.136099999999999710e+01	5.122399999999999665e+01	5.120100000000000051e+01	5.131499999999999773e+01	5.110900000000000176e+01	5.110900000000000176e+01	5.138400000000000034e+01	5.140699999999999648e+01	5.127000000000000313e+01	5.131499999999999773e+01	5.124699999999999989e+01	5.136099999999999710e+01	5.168200000000000216e+01	5.163600000000000279e+01	5.165899999999999892e+01	5.170400000000000063e+01	5.177300000000000324e+01	5.184199999999999875e+01	5.300900000000000034e+01	5.305499999999999972e+01	5.303199999999999648e+01	5.310099999999999909e+01	5.321500000000000341e+01	5.349000000000000199e+01	5.367300000000000182e+01	5.378699999999999903e+01	5.415299999999999869e+01	5.438199999999999790e+01	5.467999999999999972e+01	5.509199999999999875e+01	5.548100000000000165e+01	5.607600000000000051e+01	5.685399999999999920e+01	5.742600000000000193e+01	5.827300000000000324e+01	5.909700000000000131e+01	6.014999999999999858e+01	6.131700000000000017e+01	6.250800000000000267e+01	6.392699999999999960e+01	6.511700000000000443e+01	6.655899999999999750e+01	6.850400000000000489e+01	7.017499999999999716e+01	7.179999999999999716e+01	7.344799999999999329e+01	7.521099999999999852e+01	7.699599999999999511e+01	7.868999999999999773e+01	8.026900000000000546e+01	8.187099999999999511e+01	8.335899999999999466e+01	8.468600000000000705e+01	8.619700000000000273e+01	8.786799999999999500e+01	8.894299999999999784e+01	9.006499999999999773e+01	9.111799999999999500e+01	9.214799999999999613e+01	9.326900000000000546e+01	9.425400000000000489e+01	9.516899999999999693e+01	9.633599999999999852e+01	9.711499999999999488e+01	9.798399999999999466e+01	9.894599999999999795e+01	9.967799999999999727e+01	1.005019999999999953e+02	1.011889999999999930e+02	1.019669999999999987e+02	1.027680000000000007e+02	1.035460000000000065e+02	1.040499999999999972e+02
1.000000000000000000e+00	3.011399999999999864e+02	2.749789999999999850e+02	2.523650000000000091e+02	2.308729999999999905e+02	2.133180000000000121e+02	1.976620000000000061e+02	1.841579999999999870e+02	1.729199999999999875e+02	1.625519999999999925e+02	1.534190000000000111e+02	1.458660000000000139e+02	1.392290000000000134e+02	1.324310000000000116e+02	1.265949999999999989e+02	1.210100000000000051e+02	1.161800000000000068e+02	1.105499999999999972e+02	1.048280000000000030e+02	9.951800000000000068e+01	9.512300000000000466e+01	9.132399999999999807e+01	8.770799999999999841e+01	8.436599999999999966e+01	8.164199999999999591e+01	7.903300000000000125e+01	7.722499999999999432e+01	7.562300000000000466e+01	7.401999999999999602e+01	7.278400000000000603e+01	7.212099999999999511e+01	7.086199999999999477e+01	7.054099999999999682e+01	6.919100000000000250e+01	6.893899999999999295e+01	6.841299999999999670e+01	6.836700000000000443e+01	6.823000000000000398e+01	6.816100000000000136e+01	6.806900000000000261e+01	6.813800000000000523e+01	6.857299999999999329e+01	6.864199999999999591e+01	6.973999999999999488e+01	6.928300000000000125e+01	7.010699999999999932e+01	6.948900000000000432e+01	6.967199999999999704e+01	7.003799999999999670e+01	7.047299999999999898e+01	7.090800000000000125e+01	7.127400000000000091e+01	7.150300000000000011e+01	7.173199999999999932e+01	7.164000000000000057e+01	7.253300000000000125e+01	7.321899999999999409e+01	7.282999999999999829e+01	7.312800000000000011e+01	7.351699999999999591e+01	7.390600000000000591e+01	7.418099999999999739e+01	7.454699999999999704e+01	7.495900000000000318e+01	7.532500000000000284e+01	7.550799999999999557e+01	7.576000000000000512e+01	7.607999999999999829e+01	7.630899999999999750e+01	7.683599999999999852e+01	7.692700000000000671e+01	7.708700000000000330e+01	7.736199999999999477e+01	7.763700000000000045e+01	7.807200000000000273e+01	7.864400000000000546e+01	7.868999999999999773e+01	7.955899999999999750e+01	7.990300000000000580e+01	8.081799999999999784e+01	8.111599999999999966e+01	8.123000000000000398e+01	8.198499999999999943e+01	8.209999999999999432e+01	8.294700000000000273e+01	8.290099999999999625e+01	8.345000000000000284e+01	8.386199999999999477e+01	8.468600000000000705e+01	8.530400000000000205e+01	8.585399999999999920e+01	8.654000000000000625e+01	8.718099999999999739e+01	8.770799999999999841e+01	8.832599999999999341e+01	8.889799999999999613e+01	8.937800000000000011e+01	9.029399999999999693e+01	9.134699999999999420e+01	9.217100000000000648e+01	9.276600000000000534e+01	9.361299999999999955e+01	9.471099999999999852e+01	9.587900000000000489e+01	9.704600000000000648e+01	9.841899999999999693e+01	9.983799999999999386e+01	1.012570000000000050e+02	1.025390000000000015e+02	1.037980000000000018e+02	1.049650000000000034e+02	1.060180000000000007e+02	1.073229999999999933e+02	1.087189999999999941e+02	1.102069999999999936e+02	1.121059999999999945e+02	1.136629999999999967e+02	1.161350000000000051e+02	1.189039999999999964e+02	1.213529999999999944e+02	1.247630000000000052e+02	1.267090000000000032e+02	1.300049999999999955e+02	1.338499999999999943e+02	1.378559999999999945e+02	1.415860000000000127e+02	1.455689999999999884e+02	1.495740000000000123e+02	1.535569999999999879e+02	1.574250000000000114e+02	1.612700000000000102e+02	1.646349999999999909e+02	1.683650000000000091e+02	1.722340000000000089e+02	1.742249999999999943e+02	1.770399999999999920e+02	1.796040000000000134e+02	1.816179999999999950e+02	1.839519999999999982e+02	1.860579999999999927e+02	1.879809999999999945e+02	1.916200000000000045e+02	1.932909999999999968e+02	1.948930000000000007e+02	1.961289999999999907e+02	1.971819999999999879e+02	1.985780000000000030e+02	1.989670000000000130e+02	1.925130000000000052e+02	1.933820000000000050e+02	1.941829999999999927e+02	1.948930000000000007e+02	1.955800000000000125e+02	1.965869999999999891e+02	1.974790000000000134e+02	1.980509999999999877e+02	1.986009999999999991e+02	1.988750000000000000e+02	1.990360000000000014e+02	1.994929999999999950e+02	1.996769999999999925e+02	1.996990000000000123e+02	1.996310000000000002e+02	2.001570000000000107e+02	2.004089999999999918e+02	2.004319999999999879e+02	2.006380000000000052e+02	1.980289999999999964e+02	1.982800000000000011e+02	1.987379999999999995e+02	1.991959999999999980e+02	1.993559999999999945e+02	1.994480000000000075e+02	2.000660000000000025e+02	2.002489999999999952e+02	1.999279999999999973e+02	2.002259999999999991e+02	2.005459999999999923e+02	2.005459999999999923e+02	2.052379999999999995e+02	2.038650000000000091e+02	2.036359999999999957e+02	2.039110000000000014e+02	2.041630000000000109e+02	2.037959999999999923e+02	2.045749999999999886e+02	2.049180000000000064e+02	2.048259999999999934e+02	2.054900000000000091e+02	2.054209999999999923e+02
1.000000000000000000e+00	3.797379999999999995e+02	3.470539999999999736e+02	3.179169999999999732e+02	2.916410000000000196e+02	2.690960000000000036e+02	2.505569999999999879e+02	2.332309999999999945e+02	2.183760000000000048e+02	2.054900000000000091e+02	1.941150000000000091e+02	1.841349999999999909e+02	1.758269999999999982e+02	1.674499999999999886e+02	1.606980000000000075e+02	1.533050000000000068e+02	1.462549999999999955e+02	1.390910000000000082e+02	1.338499999999999943e+02	1.294780000000000086e+02	1.256329999999999956e+02	1.223139999999999930e+02	1.194530000000000030e+02	1.169819999999999993e+02	1.150130000000000052e+02	1.134339999999999975e+02	1.121520000000000010e+02	1.110310000000000059e+02	1.100690000000000026e+02	1.093829999999999956e+02	1.086269999999999953e+02	1.082840000000000060e+02	1.081700000000000017e+02	1.079639999999999986e+02	1.079180000000000064e+02	1.073229999999999933e+02	1.066820000000000022e+02	1.060639999999999930e+02	1.058349999999999937e+02	1.059270000000000067e+02	1.054230000000000018e+02	1.053539999999999992e+02	1.052860000000000014e+02	1.051250000000000000e+02	1.053310000000000031e+02	1.059039999999999964e+02	1.059489999999999981e+02	1.070480000000000018e+02	1.070250000000000057e+02	1.069339999999999975e+02	1.067279999999999944e+02	1.069110000000000014e+02	1.068419999999999987e+02	1.071170000000000044e+02	1.069110000000000014e+02	1.070019999999999953e+02	1.071400000000000006e+02	1.076659999999999968e+02	1.079410000000000025e+02	1.078949999999999960e+02	1.080319999999999965e+02	1.082840000000000060e+02	1.087189999999999941e+02	1.095660000000000025e+02	1.102069999999999936e+02	1.104809999999999945e+02	1.102289999999999992e+02	1.102069999999999936e+02	1.104350000000000023e+02	1.107789999999999964e+02	1.107099999999999937e+02	1.112819999999999965e+02	1.116260000000000048e+02	1.118319999999999936e+02	1.134110000000000014e+02	1.138229999999999933e+02	1.142810000000000059e+02	1.143040000000000020e+02	1.154479999999999933e+02	1.154020000000000010e+02	1.164320000000000022e+02	1.164320000000000022e+02	1.180570000000000022e+02	1.181949999999999932e+02	1.185610000000000070e+02	1.185150000000000006e+02	1.197049999999999983e+02	1.202319999999999993e+02	1.201400000000000006e+02	1.208269999999999982e+02	1.210330000000000013e+02	1.212390000000000043e+02	1.228640000000000043e+02	1.235499999999999972e+02	1.237789999999999964e+02	1.243970000000000056e+02	1.250379999999999967e+02	1.252210000000000036e+02	1.257019999999999982e+02	1.259989999999999952e+02	1.263430000000000035e+02	1.269609999999999985e+02	1.275559999999999974e+02	1.284029999999999916e+02	1.291579999999999870e+02	1.302800000000000011e+02	1.314929999999999950e+02	1.327290000000000134e+02	1.342390000000000043e+02	1.355670000000000073e+02	1.389079999999999870e+02	1.410829999999999984e+02	1.436229999999999905e+02	1.465300000000000011e+02	1.499629999999999939e+02	1.537860000000000014e+02	1.584550000000000125e+02	1.632839999999999918e+02	1.687319999999999993e+02	1.744770000000000039e+02	1.807019999999999982e+02	1.874079999999999870e+02	1.939770000000000039e+02	2.006610000000000014e+02	2.071839999999999975e+02	2.138439999999999941e+02	2.200929999999999893e+02	2.256550000000000011e+02	2.313309999999999889e+02	2.381059999999999945e+02	2.427520000000000095e+02	2.470320000000000107e+02	2.508319999999999936e+02	2.547450000000000045e+02	2.581789999999999736e+02	2.617719999999999914e+02	2.650450000000000159e+02	2.672200000000000273e+02	2.702640000000000100e+02	2.736739999999999782e+02	2.745899999999999750e+02	2.756650000000000205e+02	2.788929999999999723e+02	2.803570000000000277e+02	2.824399999999999977e+02	2.850040000000000191e+02	2.865369999999999777e+02	2.879560000000000173e+02	2.894440000000000168e+02	2.908170000000000073e+02	2.923969999999999914e+02	2.937010000000000218e+02	2.948679999999999950e+02	2.960360000000000014e+02	2.971340000000000146e+02	2.987590000000000146e+02	2.998580000000000041e+02	3.009340000000000259e+02	3.021700000000000159e+02	3.033140000000000214e+02	3.047330000000000041e+02	3.057169999999999845e+02	3.068620000000000232e+02	3.080520000000000209e+02	3.090819999999999936e+02	3.101120000000000232e+02	3.113940000000000055e+02	3.124689999999999941e+02	3.136600000000000250e+02	3.149409999999999741e+02	3.160629999999999882e+02	3.171159999999999854e+02	3.182139999999999986e+02	3.191990000000000123e+02	3.204119999999999777e+02	3.215099999999999909e+02	3.225169999999999959e+02	3.235240000000000009e+02	3.248519999999999754e+02	3.259279999999999973e+02	3.269350000000000023e+02	3.279189999999999827e+02	3.289719999999999800e+02	3.300699999999999932e+02	3.310779999999999745e+02	3.320849999999999795e+02	3.331600000000000250e+02	3.343279999999999745e+02	3.348999999999999773e+02	3.362500000000000000e+02
1.000000000000000000e+00	2.756200000000000045e+02	2.546310000000000002e+02	2.340999999999999943e+02	2.165680000000000121e+02	2.002259999999999991e+02	1.857150000000000034e+02	1.722110000000000127e+02	1.607439999999999998e+02	1.508559999999999945e+02	1.414720000000000084e+02	1.350399999999999920e+02	1.285860000000000127e+02	1.234590000000000032e+02	1.179890000000000043e+02	1.148760000000000048e+02	1.115340000000000060e+02	1.076430000000000007e+02	1.029969999999999999e+02	9.816700000000000159e+01	9.381900000000000261e+01	8.974500000000000455e+01	1.007079999999999984e+02	9.789300000000000068e+01	9.558100000000000307e+01	9.349800000000000466e+01	9.189600000000000080e+01	9.079699999999999704e+01	8.949299999999999500e+01	8.864600000000000080e+01	8.800499999999999545e+01	8.727299999999999613e+01	8.692900000000000205e+01	8.667799999999999727e+01	8.647199999999999420e+01	8.603700000000000614e+01	8.606000000000000227e+01	8.576200000000000045e+01	8.564799999999999613e+01	8.548699999999999477e+01	8.530400000000000205e+01	8.534999999999999432e+01	8.551000000000000512e+01	8.557899999999999352e+01	8.557899999999999352e+01	8.583100000000000307e+01	8.610500000000000398e+01	8.640300000000000580e+01	8.649399999999999977e+01	8.690600000000000591e+01	8.711199999999999477e+01	8.752400000000000091e+01	8.786799999999999500e+01	8.818800000000000239e+01	8.855400000000000205e+01	8.871500000000000341e+01	8.878300000000000125e+01	8.976699999999999591e+01	9.013400000000000034e+01	9.081999999999999318e+01	9.143800000000000239e+01	9.201000000000000512e+01	9.242199999999999704e+01	9.313200000000000500e+01	9.333799999999999386e+01	9.329200000000000159e+01	9.377299999999999613e+01	9.377299999999999613e+01	9.441400000000000148e+01	9.509999999999999432e+01	9.583299999999999841e+01	9.587900000000000489e+01	9.615300000000000580e+01	9.645099999999999341e+01	9.695399999999999352e+01	9.750400000000000489e+01	9.793899999999999295e+01	9.864799999999999613e+01	9.919700000000000273e+01	1.001359999999999957e+02	1.008910000000000053e+02	1.018520000000000039e+02	1.024479999999999933e+02	1.031110000000000042e+02	1.036380000000000052e+02	1.041640000000000015e+02	1.048050000000000068e+02	1.054689999999999941e+02	1.062240000000000038e+02	1.070250000000000057e+02	1.078490000000000038e+02	1.089249999999999972e+02	1.100919999999999987e+02	1.112590000000000003e+02	1.127930000000000064e+02	1.145550000000000068e+02	1.161350000000000051e+02	1.185379999999999967e+02	1.202999999999999972e+02	1.220169999999999959e+02	1.239170000000000016e+02	1.262279999999999944e+02	1.293180000000000121e+02	1.319730000000000132e+02	1.346049999999999898e+02	1.374439999999999884e+02	1.413120000000000118e+02	1.442179999999999893e+02	1.472630000000000052e+02	1.506730000000000018e+02	1.537170000000000130e+02	1.567150000000000034e+02	1.595080000000000098e+02	1.623000000000000114e+02	1.653209999999999980e+02	1.688000000000000114e+02	1.718899999999999864e+02	1.747510000000000048e+02	1.777949999999999875e+02	1.811370000000000005e+02	1.847309999999999945e+02	1.870420000000000016e+02	1.893079999999999927e+02	1.916889999999999930e+02	1.937259999999999991e+02	1.957400000000000091e+02	1.981889999999999930e+02	2.006150000000000091e+02	2.035900000000000034e+02	2.052839999999999918e+02	2.069089999999999918e+02	2.081910000000000025e+02	2.094960000000000093e+02	2.108230000000000075e+02	2.124939999999999998e+02	2.140049999999999955e+02	2.149660000000000082e+02	2.160420000000000016e+02	2.170939999999999941e+02	2.179639999999999986e+02	2.187880000000000109e+02	2.198410000000000082e+02	2.206879999999999882e+02	2.215579999999999927e+02	2.224499999999999886e+02	2.232510000000000048e+02	2.240300000000000011e+02	2.249219999999999970e+02	2.256999999999999886e+02	2.264099999999999966e+02	2.273940000000000055e+02	2.281949999999999932e+02	2.289960000000000093e+02	2.298199999999999932e+02	2.306670000000000016e+02	2.315829999999999984e+02	2.325670000000000073e+02	2.336200000000000045e+02	2.345120000000000005e+02	2.353820000000000050e+02	2.362750000000000057e+02	2.371220000000000141e+02	2.379679999999999893e+02	2.388609999999999900e+02	2.397079999999999984e+02	2.406009999999999991e+02	2.414470000000000027e+02	2.423859999999999957e+02	2.429350000000000023e+02	2.438280000000000030e+02	2.446519999999999868e+02	2.454300000000000068e+02	2.463000000000000114e+02	2.471920000000000073e+02	2.478789999999999907e+02	2.490920000000000130e+02	2.498470000000000084e+02	2.508089999999999975e+02	2.515869999999999891e+02	2.524110000000000014e+02	2.532350000000000136e+02	2.540130000000000052e+02	2.548139999999999930e+02	2.557750000000000057e+02	2.566680000000000064e+02	2.573550000000000182e+02	2.582470000000000141e+02	2.590939999999999941e+02	2.598269999999999982e+02	2.603759999999999764e+02
0.000000000000000000e+00	3.079830000000000041e+02	2.666929999999999836e+02	2.317659999999999911e+02	2.040480000000000018e+02	1.788249999999999886e+02	1.579060000000000059e+02	1.414950000000000045e+02	1.290889999999999986e+02	1.195909999999999940e+02	1.119689999999999941e+02	1.054459999999999980e+02	1.003880000000000052e+02	9.576399999999999579e+01	9.175900000000000034e+01	8.823399999999999466e+01	8.523600000000000421e+01	8.209999999999999432e+01	7.896399999999999864e+01	7.601200000000000045e+01	7.294499999999999318e+01	6.990099999999999625e+01	6.726800000000000068e+01	6.470499999999999829e+01	6.236999999999999744e+01	6.028699999999999903e+01	5.831900000000000261e+01	5.657999999999999829e+01	5.509199999999999875e+01	5.406199999999999761e+01	5.293999999999999773e+01	5.172699999999999676e+01	5.088000000000000256e+01	5.035399999999999920e+01	4.975900000000000034e+01	4.927799999999999869e+01	4.882000000000000028e+01	4.813400000000000034e+01	4.763000000000000256e+01	4.753900000000000148e+01	4.726400000000000290e+01	4.714999999999999858e+01	4.694400000000000261e+01	4.671500000000000341e+01	4.705799999999999983e+01	4.712700000000000244e+01	4.694400000000000261e+01	4.687500000000000000e+01	4.701200000000000045e+01	4.714999999999999858e+01	4.719500000000000028e+01	4.701200000000000045e+01	4.717300000000000182e+01	4.746999999999999886e+01	4.746999999999999886e+01	4.756199999999999761e+01	4.783599999999999852e+01	4.801899999999999835e+01	4.829399999999999693e+01	4.804200000000000159e+01	4.822500000000000142e+01	4.843099999999999739e+01	4.836299999999999955e+01	4.840899999999999892e+01	4.859199999999999875e+01	4.907200000000000273e+01	4.918699999999999761e+01	4.955299999999999727e+01	4.980499999999999972e+01	4.998799999999999955e+01	5.005599999999999739e+01	5.028499999999999659e+01	5.097200000000000131e+01	5.110900000000000176e+01	5.124699999999999989e+01	5.127000000000000313e+01	5.156700000000000017e+01	5.175000000000000000e+01	5.200200000000000244e+01	5.229899999999999949e+01	5.252799999999999869e+01	5.264300000000000068e+01	5.310099999999999909e+01	5.323799999999999955e+01	5.351299999999999812e+01	5.381000000000000227e+01	5.426800000000000068e+01	5.435900000000000176e+01	5.442799999999999727e+01	5.472599999999999909e+01	5.502300000000000324e+01	5.513799999999999812e+01	5.536699999999999733e+01	5.541199999999999903e+01	5.545799999999999841e+01	5.548100000000000165e+01	5.548100000000000165e+01	5.557300000000000040e+01	5.566400000000000148e+01	5.573299999999999699e+01	5.639600000000000080e+01	5.669400000000000261e+01	5.689999999999999858e+01	5.685399999999999920e+01	5.726599999999999824e+01	5.747200000000000131e+01	5.754099999999999682e+01	5.788400000000000034e+01	5.809000000000000341e+01	5.795300000000000296e+01	5.825000000000000000e+01	5.829599999999999937e+01	5.831900000000000261e+01	5.813600000000000279e+01	5.836500000000000199e+01	5.850200000000000244e+01	5.857099999999999795e+01	5.864000000000000057e+01	5.868500000000000227e+01	5.889099999999999824e+01	5.891400000000000148e+01	5.930299999999999727e+01	5.946399999999999864e+01	5.955499999999999972e+01	5.982999999999999829e+01	6.010399999999999920e+01	6.024199999999999733e+01	6.031000000000000227e+01	6.037899999999999778e+01	6.058500000000000085e+01	6.085999999999999943e+01	5.944100000000000250e+01	5.966899999999999693e+01	5.971500000000000341e+01	5.994400000000000261e+01	6.012700000000000244e+01	6.031000000000000227e+01	6.049300000000000210e+01	6.072200000000000131e+01	6.097399999999999665e+01	6.150099999999999767e+01	6.172899999999999920e+01	6.182099999999999795e+01	6.221000000000000085e+01	6.243900000000000006e+01	6.292000000000000171e+01	6.319400000000000261e+01	6.349199999999999733e+01	6.374399999999999977e+01	6.401800000000000068e+01	6.417799999999999727e+01	6.445300000000000296e+01	6.468200000000000216e+01	6.491100000000000136e+01	6.516299999999999670e+01	6.545999999999999375e+01	6.562000000000000455e+01	6.575799999999999557e+01	6.603199999999999648e+01	6.671899999999999409e+01	6.674200000000000443e+01	6.694799999999999329e+01	6.722299999999999898e+01	6.747400000000000375e+01	6.772599999999999909e+01	6.797799999999999443e+01	6.820699999999999363e+01	6.841299999999999670e+01	6.868699999999999761e+01	6.935099999999999909e+01	6.964900000000000091e+01	6.973999999999999488e+01	6.999200000000000443e+01	7.003799999999999670e+01	7.038100000000000023e+01	7.063299999999999557e+01	7.079300000000000637e+01	7.090800000000000125e+01	7.131999999999999318e+01	7.148000000000000398e+01	7.154800000000000182e+01	7.191500000000000625e+01	7.212099999999999511e+01	7.308199999999999363e+01	7.324200000000000443e+01	7.342499999999999716e+01	7.363100000000000023e+01	7.392900000000000205e+01	7.424899999999999523e+01	7.447799999999999443e+01
1.000000000000000000e+00	1.677470000000000141e+02	1.579279999999999973e+02	1.518400000000000034e+02	1.433259999999999934e+02	1.359790000000000134e+02	1.293870000000000005e+02	1.255420000000000016e+02	1.201860000000000070e+02	1.157459999999999951e+02	1.118550000000000040e+02	1.083760000000000048e+02	1.053310000000000031e+02	1.027219999999999942e+02	1.004330000000000069e+02	9.880800000000000693e+01	9.706900000000000261e+01	9.562699999999999534e+01	9.423099999999999454e+01	9.345199999999999818e+01	9.278900000000000148e+01	9.219400000000000261e+01	9.164400000000000546e+01	9.111799999999999500e+01	9.059099999999999397e+01	9.022499999999999432e+01	9.006499999999999773e+01	8.960699999999999932e+01	8.951600000000000534e+01	8.894299999999999784e+01	8.816500000000000625e+01	8.725000000000000000e+01	8.647199999999999420e+01	8.580800000000000693e+01	8.518999999999999773e+01	8.468600000000000705e+01	8.404500000000000171e+01	8.372499999999999432e+01	8.324399999999999977e+01	8.278700000000000614e+01	8.264900000000000091e+01	8.239700000000000557e+01	8.212300000000000466e+01	8.207699999999999818e+01	8.216899999999999693e+01	8.216899999999999693e+01	8.216899999999999693e+01	8.223699999999999477e+01	8.228300000000000125e+01	8.248900000000000432e+01	8.258100000000000307e+01	8.264900000000000091e+01	8.294700000000000273e+01	8.324399999999999977e+01	8.329000000000000625e+01	8.374800000000000466e+01	8.395399999999999352e+01	8.415999999999999659e+01	8.454900000000000659e+01	8.480100000000000193e+01	8.505200000000000671e+01	8.555599999999999739e+01	8.592199999999999704e+01	8.692900000000000205e+01	8.740999999999999659e+01	8.812000000000000455e+01	8.848600000000000421e+01	8.910399999999999920e+01	8.962999999999999545e+01	9.022499999999999432e+01	9.086599999999999966e+01	9.146099999999999852e+01	9.214799999999999613e+01	9.313200000000000500e+01	9.381900000000000261e+01	9.439100000000000534e+01	9.514600000000000080e+01	9.551200000000000045e+01	9.567300000000000182e+01	9.603900000000000148e+01	9.608499999999999375e+01	9.626800000000000068e+01	9.638200000000000500e+01	9.640500000000000114e+01	9.670300000000000296e+01	9.686299999999999955e+01	9.688599999999999568e+01	9.695399999999999352e+01	9.709199999999999875e+01	9.715999999999999659e+01	9.725199999999999534e+01	9.741200000000000614e+01	9.759499999999999886e+01	9.764100000000000534e+01	9.780100000000000193e+01	9.791599999999999682e+01	9.793899999999999295e+01	9.818999999999999773e+01	9.830500000000000682e+01	9.837300000000000466e+01	9.860200000000000387e+01	9.867100000000000648e+01	9.876300000000000523e+01	9.899099999999999966e+01	9.928900000000000148e+01	9.976999999999999602e+01	1.001590000000000060e+02	1.007309999999999945e+02	1.014399999999999977e+02	1.020360000000000014e+02	1.029050000000000011e+02	1.039120000000000061e+02	1.052169999999999987e+02	1.065439999999999969e+02	1.080550000000000068e+02	1.097720000000000056e+02	1.116940000000000026e+02	1.139140000000000015e+02	1.164090000000000060e+02	1.188130000000000024e+02	1.218569999999999993e+02	1.245349999999999966e+02	1.270979999999999990e+02	1.299130000000000109e+02	1.326140000000000043e+02	1.350629999999999882e+02	1.377179999999999893e+02	1.395490000000000066e+02	1.417690000000000055e+02	1.442410000000000139e+02	1.464159999999999968e+02	1.486589999999999918e+02	1.508559999999999945e+02	1.528240000000000123e+02	1.545639999999999930e+02	1.560519999999999925e+02	1.576999999999999886e+02	1.592560000000000002e+02	1.604000000000000057e+02	1.619799999999999898e+02	1.630780000000000030e+02	1.641769999999999925e+02	1.648640000000000043e+02	1.657789999999999964e+02	1.661910000000000025e+02	1.669010000000000105e+02	1.675869999999999891e+02	1.680680000000000121e+02	1.685260000000000105e+02	1.694869999999999948e+02	1.702649999999999864e+02	1.710660000000000025e+02	1.720279999999999916e+02	1.725080000000000098e+02	1.728290000000000077e+02	1.734010000000000105e+02	1.735380000000000109e+02	1.739269999999999925e+02	1.742940000000000111e+02	1.744079999999999870e+02	1.749110000000000014e+02	1.753009999999999877e+02	1.756210000000000093e+02	1.763990000000000009e+02	1.765819999999999936e+02	1.769939999999999998e+02	1.770169999999999959e+02	1.771999999999999886e+02	1.779329999999999927e+02	1.777729999999999961e+02	1.779329999999999927e+02	1.781620000000000061e+02	1.808170000000000073e+02	1.809079999999999870e+02	1.813199999999999932e+02	1.813660000000000139e+02	1.816179999999999950e+02	1.812520000000000095e+02	1.860120000000000005e+02	1.850049999999999955e+02	1.848220000000000027e+02	1.846620000000000061e+02	1.843640000000000043e+02	1.843640000000000043e+02	1.844099999999999966e+02	1.842500000000000000e+02	1.838839999999999861e+02	1.839749999999999943e+02	1.840670000000000073e+02	1.839070000000000107e+02
0.000000000000000000e+00	1.658019999999999925e+02	1.520459999999999923e+02	1.390229999999999961e+02	1.279449999999999932e+02	1.174620000000000033e+02	1.087420000000000044e+02	1.006850000000000023e+02	9.390999999999999659e+01	8.873699999999999477e+01	8.555599999999999739e+01	8.102400000000000091e+01	7.846099999999999852e+01	7.635500000000000398e+01	7.445499999999999829e+01	7.285299999999999443e+01	7.154800000000000182e+01	7.019799999999999329e+01	6.813800000000000523e+01	6.580400000000000205e+01	6.358299999999999841e+01	6.163799999999999812e+01	5.989800000000000324e+01	5.845600000000000307e+01	5.724300000000000210e+01	5.630499999999999972e+01	5.566400000000000148e+01	5.500000000000000000e+01	5.452000000000000313e+01	5.408500000000000085e+01	5.369599999999999795e+01	5.364999999999999858e+01	5.349000000000000199e+01	5.330700000000000216e+01	5.326100000000000279e+01	5.303199999999999648e+01	5.282600000000000051e+01	5.268900000000000006e+01	5.293999999999999773e+01	5.298599999999999710e+01	5.275699999999999790e+01	5.252799999999999869e+01	5.239099999999999824e+01	5.225399999999999778e+01	5.218500000000000227e+01	5.243699999999999761e+01	5.236800000000000210e+01	5.248299999999999699e+01	5.252799999999999869e+01	5.257399999999999807e+01	5.243699999999999761e+01	5.257399999999999807e+01	5.278000000000000114e+01	5.289500000000000313e+01	5.268900000000000006e+01	5.278000000000000114e+01	5.328399999999999892e+01	5.330700000000000216e+01	5.399300000000000210e+01	5.394700000000000273e+01	5.410799999999999699e+01	5.390200000000000102e+01	5.442799999999999727e+01	5.497699999999999676e+01	5.554999999999999716e+01	5.580100000000000193e+01	5.573299999999999699e+01	5.591599999999999682e+01	5.593900000000000006e+01	5.605299999999999727e+01	5.609899999999999665e+01	5.600699999999999790e+01	5.607600000000000051e+01	5.607600000000000051e+01	5.616799999999999926e+01	5.660199999999999676e+01	5.676299999999999812e+01	5.735799999999999699e+01	5.738100000000000023e+01	5.777000000000000313e+01	5.779299999999999926e+01	5.884599999999999653e+01	5.898299999999999699e+01	5.896000000000000085e+01	5.905199999999999960e+01	5.921200000000000330e+01	5.946399999999999864e+01	5.955499999999999972e+01	5.982999999999999829e+01	5.999000000000000199e+01	6.106600000000000250e+01	6.104299999999999926e+01	6.127199999999999847e+01	6.152300000000000324e+01	6.269100000000000250e+01	6.301100000000000279e+01	6.303399999999999892e+01	6.310300000000000153e+01	6.305700000000000216e+01	6.324000000000000199e+01	6.356000000000000227e+01	6.362899999999999778e+01	6.429300000000000637e+01	6.401800000000000068e+01	6.426999999999999602e+01	6.445300000000000296e+01	6.454500000000000171e+01	6.486499999999999488e+01	6.509399999999999409e+01	6.509399999999999409e+01	6.523099999999999454e+01	6.545999999999999375e+01	6.552899999999999636e+01	6.557500000000000284e+01	6.610099999999999909e+01	6.660500000000000398e+01	6.703900000000000148e+01	6.699399999999999977e+01	6.703900000000000148e+01	6.729099999999999682e+01	6.747400000000000375e+01	6.761199999999999477e+01	6.781799999999999784e+01	6.804699999999999704e+01	6.809199999999999875e+01	6.818399999999999750e+01	6.861899999999999977e+01	6.875600000000000023e+01	6.877899999999999636e+01	6.884799999999999898e+01	6.900799999999999557e+01	6.923699999999999477e+01	6.932800000000000296e+01	6.944299999999999784e+01	6.955700000000000216e+01	6.983199999999999363e+01	7.008400000000000318e+01	7.006100000000000705e+01	7.164000000000000057e+01	7.179999999999999716e+01	7.195999999999999375e+01	7.198300000000000409e+01	7.218899999999999295e+01	7.244100000000000250e+01	7.262399999999999523e+01	7.269299999999999784e+01	7.292199999999999704e+01	7.253300000000000125e+01	7.319599999999999795e+01	7.347100000000000364e+01	7.358599999999999852e+01	7.372299999999999898e+01	7.395199999999999818e+01	7.413500000000000512e+01	7.424899999999999523e+01	7.445499999999999829e+01	7.456999999999999318e+01	7.479900000000000659e+01	7.491299999999999670e+01	7.511899999999999977e+01	7.525600000000000023e+01	7.541700000000000159e+01	7.546200000000000330e+01	7.566800000000000637e+01	7.573699999999999477e+01	7.596599999999999397e+01	7.610299999999999443e+01	7.621800000000000352e+01	7.640099999999999625e+01	7.658400000000000318e+01	7.667499999999999716e+01	7.679000000000000625e+01	7.690399999999999636e+01	7.704200000000000159e+01	7.727100000000000080e+01	7.745399999999999352e+01	7.743099999999999739e+01	7.759099999999999397e+01	7.779699999999999704e+01	7.781999999999999318e+01	7.802599999999999625e+01	7.809399999999999409e+01	7.814000000000000057e+01	7.841500000000000625e+01	7.852899999999999636e+01	7.862099999999999511e+01	7.875799999999999557e+01	7.889600000000000080e+01	7.894100000000000250e+01	7.914700000000000557e+01
0.000000000000000000e+00	2.887119999999999891e+02	2.608109999999999786e+02	2.352220000000000084e+02	2.132030000000000030e+02	1.939540000000000077e+02	1.759190000000000111e+02	1.612700000000000102e+02	1.506500000000000057e+02	1.435320000000000107e+02	1.360929999999999893e+02	1.301419999999999959e+02	1.258160000000000025e+02	1.208949999999999960e+02	1.177830000000000013e+02	1.142579999999999956e+02	1.114650000000000034e+02	1.086269999999999953e+02	1.058119999999999976e+02	1.028370000000000033e+02	1.003649999999999949e+02	9.803000000000000114e+01	9.590099999999999625e+01	9.395600000000000307e+01	9.223900000000000432e+01	9.065999999999999659e+01	8.924099999999999966e+01	8.798199999999999932e+01	8.663200000000000500e+01	8.541899999999999693e+01	8.436599999999999966e+01	8.342700000000000671e+01	8.253499999999999659e+01	8.182500000000000284e+01	8.109300000000000352e+01	8.040600000000000591e+01	7.985699999999999932e+01	7.914700000000000557e+01	7.857500000000000284e+01	7.795699999999999363e+01	7.772799999999999443e+01	7.743099999999999739e+01	7.713299999999999557e+01	7.660699999999999932e+01	7.628600000000000136e+01	7.585099999999999909e+01	7.578300000000000125e+01	7.530200000000000671e+01	7.500499999999999545e+01	7.498199999999999932e+01	7.498199999999999932e+01	7.509600000000000364e+01	7.484399999999999409e+01	7.445499999999999829e+01	7.429500000000000171e+01	7.388299999999999557e+01	7.401999999999999602e+01	7.358599999999999852e+01	7.337999999999999545e+01	7.312800000000000011e+01	7.287600000000000477e+01	7.278400000000000603e+01	7.269299999999999784e+01	7.223499999999999943e+01	7.218899999999999295e+01	7.198300000000000409e+01	7.186899999999999977e+01	7.193800000000000239e+01	7.170900000000000318e+01	7.182299999999999329e+01	7.179999999999999716e+01	7.177700000000000102e+01	7.175400000000000489e+01	7.164000000000000057e+01	7.198300000000000409e+01	7.214400000000000546e+01	7.205200000000000671e+01	7.202899999999999636e+01	7.234999999999999432e+01	7.218899999999999295e+01	7.218899999999999295e+01	7.202899999999999636e+01	7.193800000000000239e+01	7.205200000000000671e+01	7.246399999999999864e+01	7.232699999999999818e+01	7.260099999999999909e+01	7.298999999999999488e+01	7.276200000000000045e+01	7.280700000000000216e+01	7.289900000000000091e+01	7.287600000000000477e+01	7.276200000000000045e+01	7.285299999999999443e+01	7.276200000000000045e+01	7.273900000000000432e+01	7.278400000000000603e+01	7.292199999999999704e+01	7.280700000000000216e+01	7.269299999999999784e+01	7.303600000000000136e+01	7.312800000000000011e+01	7.331100000000000705e+01	7.333400000000000318e+01	7.342499999999999716e+01	7.340200000000000102e+01	7.347100000000000364e+01	7.379200000000000159e+01	7.379200000000000159e+01	7.413500000000000512e+01	7.415800000000000125e+01	7.408899999999999864e+01	7.418099999999999739e+01	7.408899999999999864e+01	7.427200000000000557e+01	7.456999999999999318e+01	7.498199999999999932e+01	7.514199999999999591e+01	7.493600000000000705e+01	7.534799999999999898e+01	7.527899999999999636e+01	7.527899999999999636e+01	7.550799999999999557e+01	7.557699999999999818e+01	7.569100000000000250e+01	7.559999999999999432e+01	7.541700000000000159e+01	7.546200000000000330e+01	7.537099999999999511e+01	7.546200000000000330e+01	7.543899999999999295e+01	7.557699999999999818e+01	7.543899999999999295e+01	7.546200000000000330e+01	7.546200000000000330e+01	7.546200000000000330e+01	7.562300000000000466e+01	7.601200000000000045e+01	7.601200000000000045e+01	7.601200000000000045e+01	7.596599999999999397e+01	7.603499999999999659e+01	7.610299999999999443e+01	7.614900000000000091e+01	7.614900000000000091e+01	7.628600000000000136e+01	7.630899999999999750e+01	7.619499999999999318e+01	7.651500000000000057e+01	7.651500000000000057e+01	7.635500000000000398e+01	7.621800000000000352e+01	7.612600000000000477e+01	7.688100000000000023e+01	7.727100000000000080e+01	7.731600000000000250e+01	7.722499999999999432e+01	7.710999999999999943e+01	7.704200000000000159e+01	7.685899999999999466e+01	7.683599999999999852e+01	7.674399999999999977e+01	7.715600000000000591e+01	7.727100000000000080e+01	7.724800000000000466e+01	7.708700000000000330e+01	7.706499999999999773e+01	7.724800000000000466e+01	7.715600000000000591e+01	7.722499999999999432e+01	7.733899999999999864e+01	7.724800000000000466e+01	7.736199999999999477e+01	7.727100000000000080e+01	7.731600000000000250e+01	7.727100000000000080e+01	7.738500000000000512e+01	7.717900000000000205e+01	7.690399999999999636e+01	7.720199999999999818e+01	7.729300000000000637e+01	7.747700000000000387e+01	7.749899999999999523e+01	7.749899999999999523e+01	7.745399999999999352e+01	7.747700000000000387e+01	7.759099999999999397e+01	7.779699999999999704e+01	7.777400000000000091e+01	7.770499999999999829e+01
0.000000000000000000e+00	2.096330000000000098e+02	1.907500000000000000e+02	1.720500000000000114e+02	1.542210000000000036e+02	1.370999999999999943e+02	1.231839999999999975e+02	1.128389999999999986e+02	1.048970000000000056e+02	9.908299999999999841e+01	9.452800000000000580e+01	9.065999999999999659e+01	8.750199999999999534e+01	8.482399999999999807e+01	8.285500000000000398e+01	8.093300000000000693e+01	7.965099999999999625e+01	7.857500000000000284e+01	7.710999999999999943e+01	7.589700000000000557e+01	7.498199999999999932e+01	7.413500000000000512e+01	7.285299999999999443e+01	7.113599999999999568e+01	6.937399999999999523e+01	6.786299999999999955e+01	6.660500000000000398e+01	6.559799999999999898e+01	6.470499999999999829e+01	6.381199999999999761e+01	6.296500000000000341e+01	6.232500000000000284e+01	6.179800000000000182e+01	6.138600000000000279e+01	6.108899999999999864e+01	6.124900000000000233e+01	6.088300000000000267e+01	6.074499999999999744e+01	6.081400000000000006e+01	6.051599999999999824e+01	6.031000000000000227e+01	6.035600000000000165e+01	6.031000000000000227e+01	6.035600000000000165e+01	6.033299999999999841e+01	6.028699999999999903e+01	6.028699999999999903e+01	6.044800000000000040e+01	6.051599999999999824e+01	6.065400000000000347e+01	6.065400000000000347e+01	6.076800000000000068e+01	6.106600000000000250e+01	6.127199999999999847e+01	6.113400000000000034e+01	6.140899999999999892e+01	6.156900000000000261e+01	6.168399999999999750e+01	6.204999999999999716e+01	6.209599999999999653e+01	6.221000000000000085e+01	6.234700000000000131e+01	6.255299999999999727e+01	6.255299999999999727e+01	6.264500000000000313e+01	6.280499999999999972e+01	6.285099999999999909e+01	6.324000000000000199e+01	6.339999999999999858e+01	6.349199999999999733e+01	6.376599999999999824e+01	6.408700000000000330e+01	6.420099999999999341e+01	6.438400000000000034e+01	6.456799999999999784e+01	6.452200000000000557e+01	6.449899999999999523e+01	6.445300000000000296e+01	6.449899999999999523e+01	6.472799999999999443e+01	6.475100000000000477e+01	6.475100000000000477e+01	6.493399999999999750e+01	6.500199999999999534e+01	6.502500000000000568e+01	6.532299999999999329e+01	6.534600000000000364e+01	6.568899999999999295e+01	6.575799999999999557e+01	6.591800000000000637e+01	6.596399999999999864e+01	6.623799999999999955e+01	6.651300000000000523e+01	6.667300000000000182e+01	6.683299999999999841e+01	6.692499999999999716e+01	6.717700000000000671e+01	6.738299999999999557e+01	6.758899999999999864e+01	6.770300000000000296e+01	6.786299999999999955e+01	6.841299999999999670e+01	6.870999999999999375e+01	6.889300000000000068e+01	6.903100000000000591e+01	6.916800000000000637e+01	6.942000000000000171e+01	6.955700000000000216e+01	6.976300000000000523e+01	7.001500000000000057e+01	7.015200000000000102e+01	7.033499999999999375e+01	7.060999999999999943e+01	7.076999999999999602e+01	7.104500000000000171e+01	7.150300000000000011e+01	7.157099999999999795e+01	7.179999999999999716e+01	7.195999999999999375e+01	7.223499999999999943e+01	7.244100000000000250e+01	7.264700000000000557e+01	7.278400000000000603e+01	7.315099999999999625e+01	7.328799999999999670e+01	7.342499999999999716e+01	7.381399999999999295e+01	7.395199999999999818e+01	7.424899999999999523e+01	7.440900000000000603e+01	7.470699999999999363e+01	7.491299999999999670e+01	7.500499999999999545e+01	7.507299999999999329e+01	7.594299999999999784e+01	7.601200000000000045e+01	7.603499999999999659e+01	7.614900000000000091e+01	7.624099999999999966e+01	7.630899999999999750e+01	7.640099999999999625e+01	7.667499999999999716e+01	7.674399999999999977e+01	7.674399999999999977e+01	7.683599999999999852e+01	7.695000000000000284e+01	7.701900000000000546e+01	7.706499999999999773e+01	7.720199999999999818e+01	7.727100000000000080e+01	7.740800000000000125e+01	7.763700000000000045e+01	7.798000000000000398e+01	7.816299999999999670e+01	7.843800000000000239e+01	7.846099999999999852e+01	7.871200000000000330e+01	7.882699999999999818e+01	7.891800000000000637e+01	7.917000000000000171e+01	7.914700000000000557e+01	7.930800000000000693e+01	7.937600000000000477e+01	7.949099999999999966e+01	7.962800000000000011e+01	7.985699999999999932e+01	7.985699999999999932e+01	8.001699999999999591e+01	8.010899999999999466e+01	8.010899999999999466e+01	8.020000000000000284e+01	8.031499999999999773e+01	8.038299999999999557e+01	8.047499999999999432e+01	8.063500000000000512e+01	8.079500000000000171e+01	8.088700000000000045e+01	8.109300000000000352e+01	8.116100000000000136e+01	8.132200000000000273e+01	8.152800000000000580e+01	8.164199999999999591e+01	8.187099999999999511e+01	8.200799999999999557e+01	8.200799999999999557e+01	8.219100000000000250e+01	8.226000000000000512e+01	8.248900000000000432e+01	8.251200000000000045e+01	8.271800000000000352e+01
0.000000000000000000e+00	5.903780000000000427e+02	5.277329999999999472e+02	4.731899999999999977e+02	4.221730000000000018e+02	3.783419999999999845e+02	3.399119999999999777e+02	3.064270000000000209e+02	2.790760000000000218e+02	2.571720000000000255e+02	2.380600000000000023e+02	2.216719999999999970e+02	2.075960000000000036e+02	1.950300000000000011e+02	1.850049999999999955e+02	1.718899999999999864e+02	1.579739999999999895e+02	1.473770000000000095e+02	1.397090000000000032e+02	1.339190000000000111e+02	1.301879999999999882e+02	1.271670000000000016e+02	1.248319999999999936e+02	1.237109999999999985e+02	1.220169999999999959e+02	1.192469999999999999e+02	1.185379999999999967e+02	1.167300000000000040e+02	1.162030000000000030e+02	1.173020000000000067e+02	1.165699999999999932e+02	1.170270000000000010e+02	1.172560000000000002e+02	1.164549999999999983e+02	1.178050000000000068e+02	1.157680000000000007e+02	1.161580000000000013e+02	1.175310000000000059e+02	1.163409999999999940e+02	1.156539999999999964e+02	1.174849999999999994e+02	1.173479999999999990e+02	1.168439999999999941e+02	1.174389999999999930e+02	1.200939999999999941e+02	1.203460000000000036e+02	1.197969999999999970e+02	1.186069999999999993e+02	1.193619999999999948e+02	1.198649999999999949e+02	1.201629999999999967e+02	1.199110000000000014e+02	1.196140000000000043e+02	1.194989999999999952e+02	1.205979999999999990e+02	1.220169999999999959e+02	1.199569999999999936e+02	1.200259999999999962e+02	1.210780000000000030e+02	1.203229999999999933e+02	1.213529999999999944e+02	1.216050000000000040e+02	1.218569999999999993e+02	1.221080000000000041e+02	1.219020000000000010e+02	1.220169999999999959e+02	1.211470000000000056e+02	1.222000000000000028e+02	1.215360000000000014e+02	1.214680000000000035e+02	1.207810000000000059e+02	1.225660000000000025e+02	1.230930000000000035e+02	1.233670000000000044e+02	1.234819999999999993e+02	1.241230000000000047e+02	1.248319999999999936e+02	1.246260000000000048e+02	1.246949999999999932e+02	1.249009999999999962e+02	1.270520000000000067e+02	1.277620000000000005e+02	1.278080000000000069e+02	1.266629999999999967e+02	1.263430000000000035e+02	1.270070000000000050e+02	1.268229999999999933e+02	1.280360000000000014e+02	1.280360000000000014e+02	1.283110000000000070e+02	1.285399999999999920e+02	1.287230000000000132e+02	1.282199999999999989e+02	1.284939999999999998e+02	1.285629999999999882e+02	1.282880000000000109e+02	1.295699999999999932e+02	1.294329999999999927e+02	1.301879999999999882e+02	1.303710000000000093e+02	1.303480000000000132e+02	1.301419999999999959e+02	1.298679999999999950e+02	1.297069999999999936e+02	1.303480000000000132e+02	1.308060000000000116e+02	1.310349999999999966e+02	1.312410000000000139e+02	1.319730000000000132e+02	1.320879999999999939e+02	1.317669999999999959e+02	1.322249999999999943e+02	1.322249999999999943e+02	1.322709999999999866e+02	1.322479999999999905e+02	1.322940000000000111e+02	1.328660000000000139e+02	1.331860000000000070e+02	1.340099999999999909e+02	1.339650000000000034e+02	1.346049999999999898e+02	1.346279999999999859e+02	1.343770000000000095e+02	1.347429999999999950e+02	1.352230000000000132e+02	1.358180000000000121e+02	1.357959999999999923e+02	1.355440000000000111e+02	1.364139999999999873e+02	1.368710000000000093e+02	1.376949999999999932e+02	1.374890000000000043e+02	1.379240000000000066e+02	1.382450000000000045e+02	1.379699999999999989e+02	1.385879999999999939e+02	1.386800000000000068e+02	1.386800000000000068e+02	1.391370000000000005e+02	1.394579999999999984e+02	1.397090000000000032e+02	1.398009999999999877e+02	1.398700000000000045e+02	1.397319999999999993e+02	1.396179999999999950e+02	1.402820000000000107e+02	1.404420000000000073e+02	1.406709999999999923e+02	1.408309999999999889e+02	1.407620000000000005e+02	1.405560000000000116e+02	1.406250000000000000e+02	1.415409999999999968e+02	1.417470000000000141e+02	1.418149999999999977e+02	1.415409999999999968e+02	1.421129999999999995e+02	1.417690000000000055e+02	1.422270000000000039e+02	1.420900000000000034e+02	1.434399999999999977e+02	1.434170000000000016e+02	1.442179999999999893e+02	1.446299999999999955e+02	1.448360000000000127e+02	1.451570000000000107e+02	1.457290000000000134e+02	1.464840000000000089e+02	1.469650000000000034e+02	1.470109999999999957e+02	1.469650000000000034e+02	1.465300000000000011e+02	1.461409999999999911e+02	1.461639999999999873e+02	1.464610000000000127e+02	1.467359999999999900e+02	1.470109999999999957e+02	1.469650000000000034e+02	1.471709999999999923e+02	1.473540000000000134e+02	1.476289999999999907e+02	1.478120000000000118e+02	1.479029999999999916e+02	1.481550000000000011e+02	1.485209999999999866e+02	1.488650000000000091e+02	1.490020000000000095e+02	1.491850000000000023e+02	1.494600000000000080e+02	1.496430000000000007e+02
1.000000000000000000e+00	1.946870000000000118e+02	1.748660000000000139e+02	1.575620000000000118e+02	1.449509999999999934e+02	1.333470000000000084e+02	1.241910000000000025e+02	1.147609999999999957e+02	1.055600000000000023e+02	9.970099999999999341e+01	9.436799999999999500e+01	9.043099999999999739e+01	8.713500000000000512e+01	8.484600000000000364e+01	8.310699999999999932e+01	8.118399999999999750e+01	7.983400000000000318e+01	7.884999999999999432e+01	7.800300000000000011e+01	7.720199999999999818e+01	7.665300000000000580e+01	7.605700000000000216e+01	7.548499999999999943e+01	7.511899999999999977e+01	7.477599999999999625e+01	7.445499999999999829e+01	7.429500000000000171e+01	7.418099999999999739e+01	7.413500000000000512e+01	7.401999999999999602e+01	7.390600000000000591e+01	7.383700000000000330e+01	7.383700000000000330e+01	7.388299999999999557e+01	7.436400000000000432e+01	7.413500000000000512e+01	7.418099999999999739e+01	7.431799999999999784e+01	7.438700000000000045e+01	7.452400000000000091e+01	7.463800000000000523e+01	7.486700000000000443e+01	7.509600000000000364e+01	7.530200000000000671e+01	7.546200000000000330e+01	7.559999999999999432e+01	7.578300000000000125e+01	7.603499999999999659e+01	7.619499999999999318e+01	7.651500000000000057e+01	7.672100000000000364e+01	7.695000000000000284e+01	7.708700000000000330e+01	7.733899999999999864e+01	7.749899999999999523e+01	7.775100000000000477e+01	7.795699999999999363e+01	7.802599999999999625e+01	7.829999999999999716e+01	7.855200000000000671e+01	7.878100000000000591e+01	7.905599999999999739e+01	7.926200000000000045e+01	7.946800000000000352e+01	7.974200000000000443e+01	7.983400000000000318e+01	7.994799999999999329e+01	8.029200000000000159e+01	8.049800000000000466e+01	8.058899999999999864e+01	8.090999999999999659e+01	8.109300000000000352e+01	8.127599999999999625e+01	8.148199999999999932e+01	8.164199999999999591e+01	8.180200000000000671e+01	8.214600000000000080e+01	8.226000000000000512e+01	8.242000000000000171e+01	8.274099999999999966e+01	8.287800000000000011e+01	8.299299999999999500e+01	8.329000000000000625e+01	8.345000000000000284e+01	8.363299999999999557e+01	8.374800000000000466e+01	8.400000000000000000e+01	8.409099999999999397e+01	8.438899999999999579e+01	8.450300000000000011e+01	8.470900000000000318e+01	8.496099999999999852e+01	8.521299999999999386e+01	8.532699999999999818e+01	8.564799999999999613e+01	8.585399999999999920e+01	8.612800000000000011e+01	8.651699999999999591e+01	8.688400000000000034e+01	8.734099999999999397e+01	8.777599999999999625e+01	8.832599999999999341e+01	8.896599999999999397e+01	8.979000000000000625e+01	9.070600000000000307e+01	9.178199999999999648e+01	9.313200000000000500e+01	9.480299999999999727e+01	9.679399999999999693e+01	9.926600000000000534e+01	1.020130000000000052e+02	1.052860000000000014e+02	1.092909999999999968e+02	1.135709999999999980e+02	1.180109999999999957e+02	1.233220000000000027e+02	1.287460000000000093e+02	1.339650000000000034e+02	1.391140000000000043e+02	1.444929999999999950e+02	1.498720000000000141e+02	1.547239999999999895e+02	1.596910000000000025e+02	1.646349999999999909e+02	1.696009999999999991e+02	1.733779999999999859e+02	1.772920000000000016e+02	1.809079999999999870e+02	1.844329999999999927e+02	1.876140000000000043e+02	1.904530000000000030e+02	1.931080000000000041e+02	1.952129999999999939e+02	1.974559999999999889e+02	1.996769999999999925e+02	2.015989999999999895e+02	2.032470000000000141e+02	2.048029999999999973e+02	2.062680000000000007e+02	2.075960000000000036e+02	2.089000000000000057e+02	2.103880000000000052e+02	2.113489999999999895e+02	2.124019999999999868e+02	2.136380000000000052e+02	2.146450000000000102e+02	2.152400000000000091e+02	2.162249999999999943e+02	2.170490000000000066e+02	2.178040000000000020e+02	2.184679999999999893e+02	2.192460000000000093e+02	2.199780000000000086e+02	2.206189999999999998e+02	2.211459999999999866e+02	2.219240000000000066e+02	2.225190000000000055e+02	2.229310000000000116e+02	2.232969999999999970e+02	2.240070000000000050e+02	2.245329999999999870e+02	2.248540000000000134e+02	2.256320000000000050e+02	2.261119999999999948e+02	2.268909999999999911e+02	2.271189999999999998e+02	2.275089999999999861e+02	2.279660000000000082e+02	2.284699999999999989e+02	2.283549999999999898e+02	2.288590000000000089e+02	2.293170000000000073e+02	2.296829999999999927e+02	2.300949999999999989e+02	2.305759999999999934e+02	2.309420000000000073e+02	2.312390000000000043e+02	2.314449999999999932e+02	2.317659999999999911e+02	2.321550000000000011e+02	2.320629999999999882e+02	2.319490000000000123e+02	2.316279999999999859e+02	2.317199999999999989e+02	2.318799999999999955e+02	2.320629999999999882e+02	2.322009999999999934e+02	2.325670000000000073e+02	2.326579999999999870e+02	2.326810000000000116e+02
1.000000000000000000e+00	2.822339999999999804e+02	2.525939999999999941e+02	2.241670000000000016e+02	1.973420000000000130e+02	1.734470000000000027e+02	1.537630000000000052e+02	1.392290000000000134e+02	1.282199999999999989e+02	1.179659999999999940e+02	1.101839999999999975e+02	1.041179999999999950e+02	9.958599999999999852e+01	9.560399999999999920e+01	9.217100000000000648e+01	8.880599999999999739e+01	8.562500000000000000e+01	8.212300000000000466e+01	7.859799999999999898e+01	7.642400000000000659e+01	7.422599999999999909e+01	7.230400000000000205e+01	7.111400000000000432e+01	7.058700000000000330e+01	6.976300000000000523e+01	6.914499999999999602e+01	6.834399999999999409e+01	6.784099999999999397e+01	6.765699999999999648e+01	6.720000000000000284e+01	6.667300000000000182e+01	6.598699999999999477e+01	6.578100000000000591e+01	6.548300000000000409e+01	6.541400000000000148e+01	6.525400000000000489e+01	6.525400000000000489e+01	6.509399999999999409e+01	6.529999999999999716e+01	6.571200000000000330e+01	6.562000000000000455e+01	6.543699999999999761e+01	6.536899999999999977e+01	6.536899999999999977e+01	6.523099999999999454e+01	6.541400000000000148e+01	6.580400000000000205e+01	6.564300000000000068e+01	6.566599999999999682e+01	6.610099999999999909e+01	6.630700000000000216e+01	6.623799999999999955e+01	6.626099999999999568e+01	6.632999999999999829e+01	6.662800000000000011e+01	6.678799999999999670e+01	6.692499999999999716e+01	6.703900000000000148e+01	6.701699999999999591e+01	6.692499999999999716e+01	6.690200000000000102e+01	6.758899999999999864e+01	6.774899999999999523e+01	6.779500000000000171e+01	6.788599999999999568e+01	6.802400000000000091e+01	6.839000000000000057e+01	6.884799999999999898e+01	6.887099999999999511e+01	6.909900000000000375e+01	6.916800000000000637e+01	6.926000000000000512e+01	6.951099999999999568e+01	6.935099999999999909e+01	7.054099999999999682e+01	7.047299999999999898e+01	7.058700000000000330e+01	7.115900000000000603e+01	7.111400000000000432e+01	7.134199999999999875e+01	7.157099999999999795e+01	7.150300000000000011e+01	7.175400000000000489e+01	7.198300000000000409e+01	7.232699999999999818e+01	7.251000000000000512e+01	7.383700000000000330e+01	7.390600000000000591e+01	7.399699999999999989e+01	7.447799999999999443e+01	7.571399999999999864e+01	7.603499999999999659e+01	7.662999999999999545e+01	7.752200000000000557e+01	7.791100000000000136e+01	7.804900000000000659e+01	7.832299999999999329e+01	7.894100000000000250e+01	7.946800000000000352e+01	7.990300000000000580e+01	8.100100000000000477e+01	8.161899999999999977e+01	8.287800000000000011e+01	8.331300000000000239e+01	8.212300000000000466e+01	8.285500000000000398e+01	8.395399999999999352e+01	8.516700000000000159e+01	8.624299999999999500e+01	8.727299999999999613e+01	8.828000000000000114e+01	8.965300000000000580e+01	9.038500000000000512e+01	9.233100000000000307e+01	9.409300000000000352e+01	9.555800000000000693e+01	9.759499999999999886e+01	9.910599999999999454e+01	1.007770000000000010e+02	1.023329999999999984e+02	1.039809999999999945e+02	1.056749999999999972e+02	1.076430000000000007e+02	1.095199999999999960e+02	1.115109999999999957e+02	1.135250000000000057e+02	1.153559999999999945e+02	1.170270000000000010e+02	1.184009999999999962e+02	1.199569999999999936e+02	1.228179999999999978e+02	1.243059999999999974e+02	1.269609999999999985e+02	1.337359999999999900e+02	1.346740000000000066e+02	1.356810000000000116e+02	1.370540000000000020e+02	1.446080000000000041e+02	1.469420000000000073e+02	1.482700000000000102e+02	1.492769999999999868e+02	1.502609999999999957e+02	1.511990000000000123e+02	1.522980000000000018e+02	1.529389999999999930e+02	1.541289999999999907e+02	1.546100000000000136e+02	1.551359999999999957e+02	1.556630000000000109e+02	1.561200000000000045e+02	1.569670000000000130e+02	1.572419999999999902e+02	1.577680000000000007e+02	1.586380000000000052e+02	1.588439999999999941e+02	1.593249999999999886e+02	1.596680000000000064e+02	1.603549999999999898e+02	1.604459999999999980e+02	1.610869999999999891e+02	1.614759999999999991e+02	1.618880000000000052e+02	1.623000000000000114e+02	1.626659999999999968e+02	1.628269999999999982e+02	1.638340000000000032e+02	1.644060000000000059e+02	1.644739999999999895e+02	1.665120000000000005e+02	1.666030000000000086e+02	1.665569999999999879e+02	1.668089999999999975e+02	1.670610000000000070e+02	1.688000000000000114e+02	1.689830000000000041e+02	1.690980000000000132e+02	1.696009999999999991e+02	1.701279999999999859e+02	1.701740000000000066e+02	1.710430000000000064e+02	1.712949999999999875e+02	1.722789999999999964e+02	1.722789999999999964e+02	1.725540000000000020e+02	1.728969999999999914e+02	1.730120000000000005e+02	1.735149999999999864e+02	1.737669999999999959e+02	1.741560000000000059e+02	1.740420000000000016e+02
1.000000000000000000e+00	2.675629999999999882e+02	2.505339999999999918e+02	2.336200000000000045e+02	2.172549999999999955e+02	2.025829999999999984e+02	1.877750000000000057e+02	1.769490000000000123e+02	1.649780000000000086e+02	1.557309999999999945e+02	1.490480000000000018e+02	1.427309999999999945e+02	1.375120000000000005e+02	1.334840000000000089e+02	1.303480000000000132e+02	1.269839999999999947e+02	1.248780000000000001e+02	1.239620000000000033e+02	1.216509999999999962e+02	1.197740000000000009e+02	1.168900000000000006e+02	1.140520000000000067e+02	1.118319999999999936e+02	1.097259999999999991e+02	1.076889999999999930e+02	1.063389999999999986e+02	1.049419999999999931e+02	1.035229999999999961e+02	1.023790000000000049e+02	1.015319999999999965e+02	1.004789999999999992e+02	9.960899999999999466e+01	9.906000000000000227e+01	9.846500000000000341e+01	9.818999999999999773e+01	9.770999999999999375e+01	9.732099999999999795e+01	9.727500000000000568e+01	9.855700000000000216e+01	9.837300000000000466e+01	9.903700000000000614e+01	9.871699999999999875e+01	9.867100000000000648e+01	9.873999999999999488e+01	9.899099999999999966e+01	9.931199999999999761e+01	9.944899999999999807e+01	9.958599999999999852e+01	9.960899999999999466e+01	9.986100000000000421e+01	1.001590000000000060e+02	1.004560000000000031e+02	1.007540000000000049e+02	1.009140000000000015e+02	1.010510000000000019e+02	1.015319999999999965e+02	1.017379999999999995e+02	1.018520000000000039e+02	1.021959999999999980e+02	1.025619999999999976e+02	1.027450000000000045e+02	1.029969999999999999e+02	1.032489999999999952e+02	1.034549999999999983e+02	1.038670000000000044e+02	1.043700000000000045e+02	1.046219999999999999e+02	1.049879999999999995e+02	1.061329999999999956e+02	1.062699999999999960e+02	1.067729999999999961e+02	1.070939999999999941e+02	1.072999999999999972e+02	1.078949999999999960e+02	1.082840000000000060e+02	1.086500000000000057e+02	1.090849999999999937e+02	1.094279999999999973e+02	1.096119999999999948e+02	1.100919999999999987e+02	1.102519999999999953e+02	1.108020000000000067e+02	1.110310000000000059e+02	1.112369999999999948e+02	1.113280000000000030e+02	1.115570000000000022e+02	1.115340000000000060e+02	1.116940000000000026e+02	1.120610000000000070e+02	1.122669999999999959e+02	1.123810000000000002e+02	1.125639999999999930e+02	1.127240000000000038e+02	1.129989999999999952e+02	1.131820000000000022e+02	1.135939999999999941e+02	1.136629999999999967e+02	1.140060000000000002e+02	1.145780000000000030e+02	1.147840000000000060e+02	1.150360000000000014e+02	1.152420000000000044e+02	1.155619999999999976e+02	1.158139999999999930e+02	1.161119999999999948e+02	1.161800000000000068e+02	1.164549999999999983e+02	1.167759999999999962e+02	1.170499999999999972e+02	1.175540000000000020e+02	1.177600000000000051e+02	1.181029999999999944e+02	1.186520000000000010e+02	1.190409999999999968e+02	1.193160000000000025e+02	1.197969999999999970e+02	1.204830000000000041e+02	1.210330000000000013e+02	1.214899999999999949e+02	1.220169999999999959e+02	1.226809999999999974e+02	1.233900000000000006e+02	1.243739999999999952e+02	1.252900000000000063e+02	1.266400000000000006e+02	1.281049999999999898e+02	1.297299999999999898e+02	1.316299999999999955e+02	1.335529999999999973e+02	1.357959999999999923e+02	1.384739999999999895e+02	1.411970000000000027e+02	1.441959999999999980e+02	1.476519999999999868e+02	1.512680000000000007e+02	1.550900000000000034e+02	1.593249999999999886e+02	1.636049999999999898e+02	1.679759999999999991e+02	1.726680000000000064e+02	1.772230000000000132e+02	1.817549999999999955e+02	1.864010000000000105e+02	1.910480000000000018e+02	1.956939999999999884e+02	2.002719999999999914e+02	2.044600000000000080e+02	2.082369999999999948e+02	2.120589999999999975e+02	2.159499999999999886e+02	2.192920000000000016e+02	2.224960000000000093e+02	2.255399999999999920e+02	2.287899999999999920e+02	2.317429999999999950e+02	2.347410000000000139e+02	2.370529999999999973e+02	2.395709999999999980e+02	2.419970000000000141e+02	2.432560000000000002e+02	2.455900000000000034e+02	2.476500000000000057e+02	2.493669999999999902e+02	2.515180000000000007e+02	2.536239999999999952e+02	2.549739999999999895e+02	2.570339999999999918e+02	2.589800000000000182e+02	2.600099999999999909e+02	2.620470000000000255e+02	2.631680000000000064e+02	2.641299999999999955e+02	2.655029999999999859e+02	2.663039999999999736e+02	2.670819999999999936e+02	2.683410000000000082e+02	2.687760000000000105e+02	2.699200000000000159e+02	2.706530000000000200e+02	2.712479999999999905e+02	2.722090000000000032e+02	2.729189999999999827e+02	2.737429999999999950e+02	2.744289999999999736e+02	2.758709999999999809e+02	2.763750000000000000e+02	2.776789999999999736e+02	2.791209999999999809e+02	2.793960000000000150e+02	2.815930000000000177e+02
1.000000000000000000e+00	2.893750000000000000e+02	2.652740000000000009e+02	2.412870000000000061e+02	2.203899999999999864e+02	2.016680000000000064e+02	1.858060000000000116e+02	1.725080000000000098e+02	1.606980000000000075e+02	1.511759999999999877e+02	1.433489999999999895e+02	1.376500000000000057e+02	1.326370000000000005e+02	1.286320000000000050e+02	1.250150000000000006e+02	1.216050000000000040e+02	1.190190000000000055e+02	1.162030000000000030e+02	1.126099999999999994e+02	1.086730000000000018e+02	1.051250000000000000e+02	1.019440000000000026e+02	9.848799999999999955e+01	9.590099999999999625e+01	9.381900000000000261e+01	9.214799999999999613e+01	9.081999999999999318e+01	8.956100000000000705e+01	8.869199999999999307e+01	8.795900000000000318e+01	8.745600000000000307e+01	8.667799999999999727e+01	8.619700000000000273e+01	8.569299999999999784e+01	8.512099999999999511e+01	8.498399999999999466e+01	8.464100000000000534e+01	8.464100000000000534e+01	8.459499999999999886e+01	8.461799999999999500e+01	8.486899999999999977e+01	8.496099999999999852e+01	8.482399999999999807e+01	8.503000000000000114e+01	8.509799999999999898e+01	8.505200000000000671e+01	8.518999999999999773e+01	8.518999999999999773e+01	8.544199999999999307e+01	8.633400000000000318e+01	8.686100000000000421e+01	8.692900000000000205e+01	8.725000000000000000e+01	8.761599999999999966e+01	8.770799999999999841e+01	8.770799999999999841e+01	8.828000000000000114e+01	8.846299999999999386e+01	8.965300000000000580e+01	9.056900000000000261e+01	9.084300000000000352e+01	9.081999999999999318e+01	9.114100000000000534e+01	9.143800000000000239e+01	9.153000000000000114e+01	9.164400000000000546e+01	9.171299999999999386e+01	9.262800000000000011e+01	9.267400000000000659e+01	9.322400000000000375e+01	9.359000000000000341e+01	9.395600000000000307e+01	9.390999999999999659e+01	9.381900000000000261e+01	9.404800000000000182e+01	9.411599999999999966e+01	9.436799999999999500e+01	9.429900000000000659e+01	9.503199999999999648e+01	9.537500000000000000e+01	9.532899999999999352e+01	9.565000000000000568e+01	9.583299999999999841e+01	9.581000000000000227e+01	9.610699999999999932e+01	9.800700000000000500e+01	9.901399999999999579e+01	9.937999999999999545e+01	1.036149999999999949e+02	1.032939999999999969e+02	1.031340000000000003e+02	1.036380000000000052e+02	1.038670000000000044e+02	1.042560000000000002e+02	1.050570000000000022e+02	1.052860000000000014e+02	1.057429999999999950e+02	1.062469999999999999e+02	1.068880000000000052e+02	1.079410000000000025e+02	1.096569999999999965e+02	1.104350000000000023e+02	1.113970000000000056e+02	1.124500000000000028e+02	1.141430000000000007e+02	1.159290000000000020e+02	1.181949999999999932e+02	1.205520000000000067e+02	1.235280000000000058e+02	1.271899999999999977e+02	1.319050000000000011e+02	1.372150000000000034e+02	1.432340000000000089e+02	1.500780000000000030e+02	1.574250000000000114e+02	1.655039999999999907e+02	1.738360000000000127e+02	1.814350000000000023e+02	1.891250000000000000e+02	1.967470000000000141e+02	2.049639999999999986e+02	2.115099999999999909e+02	2.180099999999999909e+02	2.235490000000000066e+02	2.289509999999999934e+02	2.335279999999999916e+02	2.377170000000000130e+02	2.414250000000000114e+02	2.448810000000000002e+02	2.480620000000000118e+02	2.514269999999999925e+02	2.540819999999999936e+02	2.597810000000000059e+02	2.620009999999999764e+02	2.641070000000000277e+02	2.659839999999999804e+02	2.677230000000000132e+02	2.695769999999999982e+02	2.711109999999999900e+02	2.726899999999999977e+02	2.742230000000000132e+02	2.755969999999999800e+02	2.768100000000000023e+02	2.781139999999999759e+02	2.799220000000000255e+02	2.801279999999999859e+02	2.815480000000000018e+02	2.827149999999999750e+02	2.837679999999999723e+02	2.851870000000000118e+02	2.863310000000000173e+02	2.873609999999999900e+02	2.886659999999999968e+02	2.898100000000000023e+02	2.910459999999999923e+02	2.923279999999999745e+02	2.935409999999999968e+02	2.947540000000000191e+02	2.960129999999999768e+02	2.972259999999999991e+02	2.984159999999999968e+02	2.997440000000000282e+02	3.009569999999999936e+02	3.021929999999999836e+02	3.034060000000000059e+02	3.046879999999999882e+02	3.059920000000000186e+02	3.073199999999999932e+02	3.084180000000000064e+02	3.095629999999999882e+02	3.108899999999999864e+02	3.121030000000000086e+02	3.132479999999999905e+02	3.143229999999999791e+02	3.154449999999999932e+02	3.164060000000000059e+02	3.174130000000000109e+02	3.185120000000000005e+02	3.203659999999999854e+02	3.214649999999999750e+02	3.223799999999999955e+02	3.233410000000000082e+02	3.241650000000000205e+02	3.251270000000000095e+02	3.259279999999999973e+02	3.267749999999999773e+02	3.276669999999999732e+02	3.281480000000000246e+02	3.286739999999999782e+02	3.291089999999999804e+02
0.000000000000000000e+00	5.755460000000000491e+02	4.857330000000000041e+02	4.128109999999999786e+02	3.593899999999999864e+02	3.105240000000000009e+02	2.781370000000000005e+02	2.480850000000000080e+02	2.284010000000000105e+02	2.131810000000000116e+02	2.006150000000000091e+02	1.911850000000000023e+02	1.852570000000000050e+02	1.784360000000000070e+02	1.736299999999999955e+02	1.676100000000000136e+02	1.654360000000000070e+02	1.611100000000000136e+02	1.569209999999999923e+02	1.529619999999999891e+02	1.490250000000000057e+02	1.447220000000000084e+02	1.393660000000000139e+02	1.348569999999999993e+02	1.307369999999999948e+02	1.274410000000000025e+02	1.242369999999999948e+02	1.216509999999999962e+02	1.192249999999999943e+02	1.169360000000000070e+02	1.150589999999999975e+02	1.134110000000000014e+02	1.119689999999999941e+02	1.107330000000000041e+02	1.100010000000000048e+02	1.092909999999999968e+02	1.087189999999999941e+02	1.083979999999999961e+02	1.078259999999999934e+02	1.073679999999999950e+02	1.068649999999999949e+02	1.071170000000000044e+02	1.069339999999999975e+02	1.070019999999999953e+02	1.068419999999999987e+02	1.069789999999999992e+02	1.068190000000000026e+02	1.069339999999999975e+02	1.066129999999999995e+02	1.064069999999999965e+02	1.061779999999999973e+02	1.059489999999999981e+02	1.061550000000000011e+02	1.061779999999999973e+02	1.064300000000000068e+02	1.062930000000000064e+02	1.065439999999999969e+02	1.064300000000000068e+02	1.066820000000000022e+02	1.068649999999999949e+02	1.070939999999999941e+02	1.071400000000000006e+02	1.074369999999999976e+02	1.079639999999999986e+02	1.082840000000000060e+02	1.082840000000000060e+02	1.083529999999999944e+02	1.085589999999999975e+02	1.084669999999999987e+02	1.085360000000000014e+02	1.093599999999999994e+02	1.094509999999999934e+02	1.098859999999999957e+02	1.099320000000000022e+02	1.097259999999999991e+02	1.095199999999999960e+02	1.100460000000000065e+02	1.095199999999999960e+02	1.097030000000000030e+02	1.101610000000000014e+02	1.104809999999999945e+02	1.103900000000000006e+02	1.106410000000000053e+02	1.107560000000000002e+02	1.106640000000000015e+02	1.107330000000000041e+02	1.106189999999999998e+02	1.107560000000000002e+02	1.105960000000000036e+02	1.110079999999999956e+02	1.111910000000000025e+02	1.113280000000000030e+02	1.123349999999999937e+02	1.122439999999999998e+02	1.125180000000000007e+02	1.124950000000000045e+02	1.131359999999999957e+02	1.130220000000000056e+02	1.135480000000000018e+02	1.135250000000000057e+02	1.134569999999999936e+02	1.133880000000000052e+02	1.134800000000000040e+02	1.135030000000000001e+02	1.139830000000000041e+02	1.139599999999999937e+02	1.141889999999999930e+02	1.140289999999999964e+02	1.124950000000000045e+02	1.125639999999999930e+02	1.127930000000000064e+02	1.128389999999999986e+02	1.128850000000000051e+02	1.128389999999999986e+02	1.132969999999999970e+02	1.134569999999999936e+02	1.136860000000000070e+02	1.142579999999999956e+02	1.144180000000000064e+02	1.150819999999999936e+02	1.159740000000000038e+02	1.160199999999999960e+02	1.159969999999999999e+02	1.160430000000000064e+02	1.210100000000000051e+02	1.212620000000000005e+02	1.217879999999999967e+02	1.218799999999999955e+02	1.221080000000000041e+02	1.222229999999999990e+02	1.224060000000000059e+02	1.224980000000000047e+02	1.224519999999999982e+02	1.227259999999999991e+02	1.228870000000000005e+02	1.229320000000000022e+02	1.234360000000000070e+02	1.237339999999999947e+02	1.235960000000000036e+02	1.235729999999999933e+02	1.235729999999999933e+02	1.241230000000000047e+02	1.242830000000000013e+02	1.245570000000000022e+02	1.243970000000000056e+02	1.243289999999999935e+02	1.246719999999999970e+02	1.251749999999999972e+02	1.267090000000000032e+02	1.268229999999999933e+02	1.272579999999999956e+02	1.273269999999999982e+02	1.271899999999999977e+02	1.271670000000000016e+02	1.272129999999999939e+02	1.272129999999999939e+02	1.272810000000000059e+02	1.275789999999999935e+02	1.278080000000000069e+02	1.278529999999999944e+02	1.280140000000000100e+02	1.281970000000000027e+02	1.284029999999999916e+02	1.283569999999999993e+02	1.285169999999999959e+02	1.284939999999999998e+02	1.286999999999999886e+02	1.284259999999999877e+02	1.285169999999999959e+02	1.285169999999999959e+02	1.288830000000000098e+02	1.290209999999999866e+02	1.290209999999999866e+02	1.292719999999999914e+02	1.294329999999999927e+02	1.297760000000000105e+02	1.301189999999999998e+02	1.303710000000000093e+02	1.303710000000000093e+02	1.305769999999999982e+02	1.307599999999999909e+02	1.307829999999999870e+02	1.310579999999999927e+02	1.313100000000000023e+02	1.314470000000000027e+02	1.315840000000000032e+02	1.316069999999999993e+02	1.316299999999999955e+02	1.316990000000000123e+02	1.319499999999999886e+02
0.000000000000000000e+00	1.616589999999999918e+02	1.453170000000000073e+02	1.321109999999999900e+02	1.195220000000000056e+02	1.089710000000000036e+02	1.002960000000000065e+02	9.196500000000000341e+01	8.530400000000000205e+01	7.942199999999999704e+01	7.461499999999999488e+01	7.065600000000000591e+01	6.681100000000000705e+01	6.369800000000000040e+01	6.111099999999999710e+01	5.905199999999999960e+01	5.756400000000000006e+01	5.687700000000000244e+01	5.589300000000000068e+01	5.456499999999999773e+01	5.305499999999999972e+01	5.190999999999999659e+01	5.024000000000000199e+01	4.939300000000000068e+01	4.852300000000000324e+01	4.808800000000000097e+01	4.719500000000000028e+01	4.680599999999999739e+01	4.637100000000000222e+01	4.577600000000000335e+01	4.582200000000000273e+01	4.509000000000000341e+01	4.497500000000000142e+01	4.488400000000000034e+01	4.470100000000000051e+01	4.467799999999999727e+01	4.467799999999999727e+01	4.433400000000000318e+01	4.438000000000000256e+01	4.451800000000000068e+01	4.453999999999999915e+01	4.453999999999999915e+01	4.451800000000000068e+01	4.444899999999999807e+01	4.467799999999999727e+01	4.476899999999999835e+01	4.486099999999999710e+01	4.518099999999999739e+01	4.538700000000000045e+01	4.566199999999999903e+01	4.582200000000000273e+01	4.600500000000000256e+01	4.628000000000000114e+01	4.660000000000000142e+01	4.678300000000000125e+01	4.728699999999999903e+01	4.744700000000000273e+01	4.767600000000000193e+01	4.817999999999999972e+01	4.847699999999999676e+01	4.886599999999999966e+01	4.925500000000000256e+01	4.950699999999999790e+01	4.985000000000000142e+01	5.026200000000000045e+01	5.065200000000000102e+01	5.110900000000000176e+01	5.147599999999999909e+01	5.197899999999999920e+01	5.248299999999999699e+01	5.289500000000000313e+01	5.396999999999999886e+01	5.422200000000000131e+01	5.474900000000000233e+01	5.520600000000000307e+01	5.568699999999999761e+01	5.614500000000000313e+01	5.573299999999999699e+01	5.630499999999999972e+01	5.674000000000000199e+01	5.738100000000000023e+01	5.770100000000000051e+01	5.852499999999999858e+01	5.893699999999999761e+01	5.939500000000000313e+01	5.971500000000000341e+01	5.989800000000000324e+01	6.024199999999999733e+01	6.033299999999999841e+01	6.044800000000000040e+01	6.058500000000000085e+01	6.076800000000000068e+01	6.083700000000000330e+01	6.099699999999999989e+01	6.124900000000000233e+01	6.179800000000000182e+01	6.200399999999999778e+01	6.200399999999999778e+01	6.214099999999999824e+01	6.236999999999999744e+01	6.246200000000000330e+01	6.248499999999999943e+01	6.278199999999999648e+01	6.280499999999999972e+01	6.294299999999999784e+01	6.312599999999999767e+01	6.317099999999999937e+01	6.328600000000000136e+01	6.390400000000000347e+01	6.376599999999999824e+01	6.390400000000000347e+01	6.395000000000000284e+01	6.401800000000000068e+01	6.392699999999999960e+01	6.397200000000000131e+01	6.426999999999999602e+01	6.426999999999999602e+01	6.431600000000000250e+01	6.438400000000000034e+01	6.443000000000000682e+01	6.449899999999999523e+01	6.456799999999999784e+01	6.461299999999999955e+01	6.484199999999999875e+01	6.481900000000000261e+01	6.481900000000000261e+01	6.484199999999999875e+01	6.518600000000000705e+01	6.527700000000000102e+01	6.543699999999999761e+01	6.557500000000000284e+01	6.557500000000000284e+01	6.564300000000000068e+01	6.562000000000000455e+01	6.568899999999999295e+01	6.612399999999999523e+01	6.594100000000000250e+01	6.584900000000000375e+01	6.580400000000000205e+01	6.584900000000000375e+01	6.598699999999999477e+01	6.594100000000000250e+01	6.582599999999999341e+01	6.596399999999999864e+01	6.605500000000000682e+01	6.598699999999999477e+01	6.614700000000000557e+01	6.619299999999999784e+01	6.630700000000000216e+01	6.626099999999999568e+01	6.623799999999999955e+01	6.623799999999999955e+01	6.635299999999999443e+01	6.628400000000000603e+01	6.626099999999999568e+01	6.619299999999999784e+01	6.687900000000000489e+01	6.667300000000000182e+01	6.653600000000000136e+01	6.651300000000000523e+01	6.651300000000000523e+01	6.655899999999999750e+01	6.660500000000000398e+01	6.667300000000000182e+01	6.646699999999999875e+01	6.630700000000000216e+01	6.637600000000000477e+01	6.642199999999999704e+01	6.635299999999999443e+01	6.648999999999999488e+01	6.637600000000000477e+01	6.653600000000000136e+01	6.648999999999999488e+01	6.648999999999999488e+01	6.658199999999999363e+01	6.648999999999999488e+01	6.644400000000000261e+01	6.658199999999999363e+01	6.662800000000000011e+01	6.655899999999999750e+01	6.642199999999999704e+01	6.658199999999999363e+01	6.658199999999999363e+01	6.660500000000000398e+01	6.658199999999999363e+01	6.658199999999999363e+01	6.669599999999999795e+01	6.720000000000000284e+01	6.706199999999999761e+01	6.717700000000000671e+01
1.000000000000000000e+00	4.427950000000000159e+02	3.877029999999999745e+02	3.410110000000000241e+02	2.986909999999999741e+02	2.618639999999999759e+02	2.328640000000000043e+02	2.068629999999999995e+02	1.884610000000000127e+02	1.753460000000000036e+02	1.652299999999999898e+02	1.575159999999999911e+02	1.504439999999999884e+02	1.438979999999999961e+02	1.386570000000000107e+02	1.338729999999999905e+02	1.298449999999999989e+02	1.265030000000000001e+02	1.230930000000000035e+02	1.192699999999999960e+02	1.146700000000000017e+02	1.097259999999999991e+02	1.049419999999999931e+02	1.009830000000000041e+02	9.787000000000000455e+01	9.542100000000000648e+01	9.340699999999999648e+01	9.219400000000000261e+01	9.137000000000000455e+01	9.038500000000000512e+01	8.960699999999999932e+01	8.983599999999999852e+01	8.937800000000000011e+01	8.933299999999999841e+01	8.864600000000000080e+01	8.846299999999999386e+01	8.828000000000000114e+01	8.791400000000000148e+01	8.791400000000000148e+01	8.832599999999999341e+01	8.839400000000000546e+01	8.818800000000000239e+01	8.864600000000000080e+01	8.876000000000000512e+01	8.841700000000000159e+01	8.859999999999999432e+01	8.848600000000000421e+01	8.841700000000000159e+01	8.880599999999999739e+01	8.898900000000000432e+01	8.924099999999999966e+01	8.942400000000000659e+01	8.985899999999999466e+01	9.093500000000000227e+01	9.148399999999999466e+01	9.162099999999999511e+01	9.191899999999999693e+01	9.219400000000000261e+01	9.292600000000000193e+01	9.359000000000000341e+01	9.452800000000000580e+01	9.455100000000000193e+01	9.482599999999999341e+01	9.542100000000000648e+01	9.619899999999999807e+01	9.633599999999999852e+01	9.647400000000000375e+01	9.663400000000000034e+01	9.704600000000000648e+01	9.741200000000000614e+01	9.725199999999999534e+01	9.750400000000000489e+01	9.823600000000000421e+01	9.873999999999999488e+01	9.903700000000000614e+01	9.908299999999999841e+01	9.921999999999999886e+01	1.001359999999999957e+02	1.008679999999999950e+02	1.014180000000000064e+02	1.021039999999999992e+02	1.028820000000000050e+02	1.031110000000000042e+02	1.032030000000000030e+02	1.035229999999999961e+02	1.038670000000000044e+02	1.059950000000000045e+02	1.063160000000000025e+02	1.069560000000000031e+02	1.072540000000000049e+02	1.081700000000000017e+02	1.087189999999999941e+02	1.093139999999999930e+02	1.107789999999999964e+02	1.117630000000000052e+02	1.129069999999999965e+02	1.137540000000000049e+02	1.148760000000000048e+02	1.219939999999999998e+02	1.237560000000000002e+02	1.260220000000000056e+02	1.283799999999999955e+02	1.313779999999999859e+02	1.347199999999999989e+02	1.388849999999999909e+02	1.436920000000000073e+02	1.492309999999999945e+02	1.559370000000000118e+02	1.624830000000000041e+02	1.697849999999999966e+02	1.770860000000000127e+02	1.839749999999999943e+02	1.923520000000000039e+02	1.989439999999999884e+02	2.070920000000000130e+02	2.135010000000000048e+02	2.199329999999999927e+02	2.238460000000000036e+02	2.274170000000000016e+02	2.320399999999999920e+02	2.362980000000000018e+02	2.398449999999999989e+02	2.431639999999999873e+02	2.465740000000000123e+02	2.491610000000000014e+02	2.523420000000000130e+02	2.549739999999999895e+02	2.586360000000000241e+02	2.597579999999999814e+02	2.636720000000000255e+02	2.666469999999999914e+02	2.685009999999999764e+02	2.702869999999999777e+02	2.721410000000000196e+02	2.750699999999999932e+02	2.766720000000000255e+02	2.782970000000000255e+02	2.798310000000000173e+02	2.813870000000000005e+02	2.828980000000000246e+02	2.844540000000000077e+02	2.859189999999999827e+02	2.917789999999999964e+02	2.931750000000000114e+02	2.942959999999999923e+02	2.997210000000000036e+02	3.008190000000000168e+02	3.020550000000000068e+02	3.027189999999999941e+02	3.018949999999999818e+02	3.031080000000000041e+02	3.040919999999999845e+02	3.053279999999999745e+02	3.066329999999999814e+02	3.080289999999999964e+02	3.091739999999999782e+02	3.109820000000000277e+02	3.123319999999999936e+02	3.137740000000000009e+02	3.148039999999999736e+02	3.159940000000000282e+02	3.171619999999999777e+02	3.184429999999999836e+02	3.197250000000000227e+02	3.221510000000000105e+02	3.232040000000000077e+02	3.242570000000000050e+02	3.250350000000000250e+02	3.258820000000000050e+02	3.268199999999999932e+02	3.277359999999999900e+02	3.286970000000000027e+02	3.303910000000000196e+02	3.313980000000000246e+02	3.322679999999999723e+02	3.329540000000000077e+02	3.339839999999999804e+02	3.347629999999999768e+02	3.355409999999999968e+02	3.359759999999999991e+02	3.366619999999999777e+02	3.373949999999999818e+02	3.416979999999999791e+02	3.421329999999999814e+02	3.427280000000000086e+02	3.435520000000000209e+02	3.444669999999999845e+02	3.453829999999999814e+02	3.459549999999999841e+02	3.470760000000000218e+02
1.000000000000000000e+00	2.346040000000000134e+02	2.155380000000000109e+02	1.992649999999999864e+02	1.842729999999999961e+02	1.706090000000000089e+02	1.589809999999999945e+02	1.483149999999999977e+02	1.392520000000000095e+02	1.304629999999999939e+02	1.230699999999999932e+02	1.168900000000000006e+02	1.118089999999999975e+02	1.072770000000000010e+02	1.036380000000000052e+02	1.006620000000000061e+02	9.768699999999999761e+01	9.574099999999999966e+01	9.397899999999999920e+01	9.262800000000000011e+01	9.125499999999999545e+01	8.999599999999999511e+01	8.841700000000000159e+01	8.683799999999999386e+01	8.541899999999999693e+01	8.425100000000000477e+01	8.322100000000000364e+01	8.255800000000000693e+01	8.239700000000000557e+01	8.228300000000000125e+01	8.246599999999999397e+01	8.274099999999999966e+01	8.333599999999999852e+01	8.386199999999999477e+01	8.413700000000000045e+01	8.562500000000000000e+01	8.665500000000000114e+01	8.729600000000000648e+01	8.775300000000000011e+01	8.816500000000000625e+01	8.846299999999999386e+01	8.857699999999999818e+01	8.910399999999999920e+01	8.940099999999999625e+01	8.981300000000000239e+01	9.013400000000000034e+01	9.047700000000000387e+01	9.091200000000000614e+01	9.150700000000000500e+01	9.205599999999999739e+01	9.244499999999999318e+01	9.276600000000000534e+01	9.326900000000000546e+01	9.372700000000000387e+01	9.420799999999999841e+01	9.480299999999999727e+01	9.519199999999999307e+01	9.576399999999999579e+01	9.622199999999999420e+01	9.665699999999999648e+01	9.715999999999999659e+01	9.752700000000000102e+01	9.830500000000000682e+01	9.867100000000000648e+01	9.921999999999999886e+01	9.956399999999999295e+01	9.981499999999999773e+01	1.002500000000000000e+02	1.007770000000000010e+02	1.013259999999999934e+02	1.017150000000000034e+02	1.021959999999999980e+02	1.025619999999999976e+02	1.030199999999999960e+02	1.034770000000000039e+02	1.038670000000000044e+02	1.044159999999999968e+02	1.048050000000000068e+02	1.054230000000000018e+02	1.056290000000000049e+02	1.060409999999999968e+02	1.063610000000000042e+02	1.067049999999999983e+02	1.072770000000000010e+02	1.076889999999999930e+02	1.080550000000000068e+02	1.084669999999999987e+02	1.088559999999999945e+02	1.092000000000000028e+02	1.095660000000000025e+02	1.099320000000000022e+02	1.101149999999999949e+02	1.105499999999999972e+02	1.108250000000000028e+02	1.113050000000000068e+02	1.116029999999999944e+02	1.121749999999999972e+02	1.125870000000000033e+02	1.129530000000000030e+02	1.133649999999999949e+02	1.138689999999999998e+02	1.143490000000000038e+02	1.144869999999999948e+02	1.148299999999999983e+02	1.151280000000000001e+02	1.154020000000000010e+02	1.156310000000000002e+02	1.159519999999999982e+02	1.162950000000000017e+02	1.166149999999999949e+02	1.168900000000000006e+02	1.169819999999999993e+02	1.175769999999999982e+02	1.178970000000000056e+02	1.184230000000000018e+02	1.187210000000000036e+02	1.190870000000000033e+02	1.194759999999999991e+02	1.199800000000000040e+02	1.203919999999999959e+02	1.206670000000000016e+02	1.214449999999999932e+02	1.219710000000000036e+02	1.222229999999999990e+02	1.229320000000000022e+02	1.232759999999999962e+02	1.239170000000000016e+02	1.244659999999999940e+02	1.249689999999999941e+02	1.257019999999999982e+02	1.263659999999999997e+02	1.270750000000000028e+02	1.278529999999999944e+02	1.285860000000000127e+02	1.302570000000000050e+02	1.310349999999999966e+02	1.318590000000000089e+02	1.328199999999999932e+02	1.340099999999999909e+02	1.351320000000000050e+02	1.364590000000000032e+02	1.375579999999999927e+02	1.390910000000000082e+02	1.405329999999999870e+02	1.423870000000000005e+02	1.440579999999999927e+02	1.455920000000000130e+02	1.474459999999999980e+02	1.496659999999999968e+02	1.520689999999999884e+02	1.544490000000000123e+02	1.569439999999999884e+02	1.593019999999999925e+02	1.623460000000000036e+02	1.652069999999999936e+02	1.680910000000000082e+02	1.712270000000000039e+02	1.744079999999999870e+02	1.776119999999999948e+02	1.807479999999999905e+02	1.840900000000000034e+02	1.874310000000000116e+02	1.907500000000000000e+02	1.942980000000000018e+02	1.978230000000000075e+02	2.010960000000000036e+02	2.045749999999999886e+02	2.080080000000000098e+02	2.112810000000000059e+02	2.142789999999999964e+02	2.178959999999999866e+02	2.212599999999999909e+02	2.238240000000000123e+02	2.266390000000000100e+02	2.292940000000000111e+02	2.323149999999999977e+02	2.349699999999999989e+02	2.372820000000000107e+02	2.393189999999999884e+02	2.419509999999999934e+02	2.439879999999999995e+02	2.459559999999999889e+02	2.477419999999999902e+02	2.496870000000000118e+02	2.512659999999999911e+02	2.527309999999999945e+02	2.542189999999999941e+02	2.557299999999999898e+02	2.571259999999999764e+02	2.582470000000000141e+02
1.000000000000000000e+00	5.011139999999999759e+02	4.511259999999999764e+02	4.090810000000000173e+02	3.706510000000000105e+02	3.394089999999999918e+02	3.114619999999999891e+02	2.895360000000000014e+02	2.698519999999999754e+02	2.530519999999999925e+02	2.391359999999999957e+02	2.283100000000000023e+02	2.207789999999999964e+02	2.131579999999999870e+02	2.067030000000000030e+02	2.030409999999999968e+02	1.990589999999999975e+02	1.955339999999999918e+02	1.919859999999999900e+02	1.890339999999999918e+02	1.864929999999999950e+02	1.843410000000000082e+02	1.822810000000000059e+02	1.804499999999999886e+02	1.791920000000000073e+02	1.779559999999999889e+02	1.782760000000000105e+02	1.772920000000000016e+02	1.763530000000000086e+02	1.754149999999999920e+02	1.747059999999999889e+02	1.737669999999999959e+02	1.733319999999999936e+02	1.730800000000000125e+02	1.726680000000000064e+02	1.725769999999999982e+02	1.727369999999999948e+02	1.727599999999999909e+02	1.731719999999999970e+02	1.735380000000000109e+02	1.734010000000000105e+02	1.736529999999999916e+02	1.739269999999999925e+02	1.742479999999999905e+02	1.744770000000000039e+02	1.751630000000000109e+02	1.755289999999999964e+02	1.758499999999999943e+02	1.762390000000000043e+02	1.763760000000000048e+02	1.766279999999999859e+02	1.770860000000000127e+02	1.773609999999999900e+02	1.777729999999999961e+02	1.784130000000000109e+02	1.785279999999999916e+02	1.786419999999999959e+02	1.790999999999999943e+02	1.794430000000000121e+02	1.795579999999999927e+02	1.797870000000000061e+02	1.802439999999999998e+02	1.804730000000000132e+02	1.805649999999999977e+02	1.806339999999999861e+02	1.808400000000000034e+02	1.811829999999999927e+02	1.817090000000000032e+02	1.821670000000000016e+02	1.826709999999999923e+02	1.827620000000000005e+02	1.828540000000000134e+02	1.834029999999999916e+02	1.836779999999999973e+02	1.841579999999999870e+02	1.843410000000000082e+02	1.844099999999999966e+02	1.846850000000000023e+02	1.850049999999999955e+02	1.850509999999999877e+02	1.853940000000000055e+02	1.855999999999999943e+02	1.856690000000000111e+02	1.858750000000000000e+02	1.861270000000000095e+02	1.861949999999999932e+02	1.864240000000000066e+02	1.867450000000000045e+02	1.870420000000000016e+02	1.872019999999999982e+02	1.873400000000000034e+02	1.875459999999999923e+02	1.877980000000000018e+02	1.880490000000000066e+02	1.880949999999999989e+02	1.882779999999999916e+02	1.884840000000000089e+02	1.886670000000000016e+02	1.887359999999999900e+02	1.889190000000000111e+02	1.890109999999999957e+02	1.893309999999999889e+02	1.894449999999999932e+02	1.894910000000000139e+02	1.894910000000000139e+02	1.897889999999999873e+02	1.899259999999999877e+02	1.902470000000000141e+02	1.904530000000000030e+02	1.906359999999999957e+02	1.907729999999999961e+02	1.910929999999999893e+02	1.913449999999999989e+02	1.915740000000000123e+02	1.918489999999999895e+02	1.920780000000000030e+02	1.923520000000000039e+02	1.927870000000000061e+02	1.931990000000000123e+02	1.936339999999999861e+02	1.944809999999999945e+02	1.950759999999999934e+02	1.958079999999999927e+02	1.970900000000000034e+02	1.982350000000000136e+02	1.995620000000000118e+02	2.013019999999999925e+02	2.030869999999999891e+02	2.052150000000000034e+02	2.079850000000000136e+02	2.108000000000000114e+02	2.141879999999999882e+02	2.183300000000000125e+02	2.229079999999999870e+02	2.280349999999999966e+02	2.336430000000000007e+02	2.394559999999999889e+02	2.465740000000000123e+02	2.538530000000000086e+02	2.619549999999999841e+02	2.703319999999999936e+02	2.786639999999999873e+02	2.871549999999999727e+02	2.955779999999999745e+02	3.038410000000000082e+02	3.119660000000000082e+02	3.196560000000000059e+02	3.267749999999999773e+02	3.344189999999999827e+02	3.408050000000000068e+02	3.467789999999999964e+02	3.521120000000000232e+02	3.572620000000000005e+02	3.619080000000000155e+02	3.657300000000000182e+02	3.697359999999999900e+02	3.734660000000000082e+02	3.768310000000000173e+02	3.797379999999999995e+02	3.825760000000000218e+02	3.851170000000000186e+02	3.875659999999999741e+02	3.895799999999999841e+02	3.914340000000000259e+02	3.930360000000000014e+02	3.945009999999999764e+02	3.958279999999999745e+02	3.970409999999999968e+02	3.980939999999999941e+02	3.991240000000000236e+02	4.002230000000000132e+02	4.011150000000000091e+02	4.019390000000000214e+02	4.019169999999999732e+02	4.032210000000000036e+02	4.039759999999999991e+02	4.043659999999999854e+02	4.051899999999999977e+02	4.059449999999999932e+02	4.065400000000000205e+02	4.069060000000000059e+02	4.074329999999999927e+02	4.079590000000000032e+02	4.081190000000000282e+02	4.086689999999999827e+02	4.090810000000000173e+02	4.093779999999999859e+02	4.095380000000000109e+02	4.099270000000000209e+02	4.102019999999999982e+02
1.000000000000000000e+00	5.597309999999999945e+02	4.853899999999999864e+02	4.197010000000000218e+02	3.618849999999999909e+02	3.154680000000000177e+02	2.725749999999999886e+02	2.365490000000000066e+02	2.140500000000000114e+02	1.987839999999999918e+02	1.864929999999999950e+02	1.771999999999999886e+02	1.699679999999999893e+02	1.633990000000000009e+02	1.574480000000000075e+02	1.530080000000000098e+02	1.492309999999999945e+02	1.457059999999999889e+02	1.420900000000000034e+02	1.390000000000000000e+02	1.367800000000000011e+02	1.342849999999999966e+02	1.322940000000000111e+02	1.302340000000000089e+02	1.243970000000000056e+02	1.215130000000000052e+02	1.194309999999999974e+02	1.175769999999999982e+02	1.155169999999999959e+02	1.137079999999999984e+02	1.137079999999999984e+02	1.124729999999999990e+02	1.117169999999999987e+02	1.106410000000000053e+02	1.101610000000000014e+02	1.100690000000000026e+02	1.099090000000000060e+02	1.098179999999999978e+02	1.093829999999999956e+02	1.092219999999999942e+02	1.092450000000000045e+02	1.077349999999999994e+02	1.079180000000000064e+02	1.092219999999999942e+02	1.095199999999999960e+02	1.099090000000000060e+02	1.102069999999999936e+02	1.104809999999999945e+02	1.110529999999999973e+02	1.112819999999999965e+02	1.116490000000000009e+02	1.118319999999999936e+02	1.121059999999999945e+02	1.128389999999999986e+02	1.137770000000000010e+02	1.138919999999999959e+02	1.142349999999999994e+02	1.145550000000000068e+02	1.151500000000000057e+02	1.155849999999999937e+02	1.159060000000000059e+02	1.161119999999999948e+02	1.165699999999999932e+02	1.168900000000000006e+02	1.171650000000000063e+02	1.177139999999999986e+02	1.181719999999999970e+02	1.184009999999999962e+02	1.191329999999999956e+02	1.194989999999999952e+02	1.205750000000000028e+02	1.228870000000000005e+02	1.240769999999999982e+02	1.242830000000000013e+02	1.246490000000000009e+02	1.249470000000000027e+02	1.253589999999999947e+02	1.257249999999999943e+02	1.261140000000000043e+02	1.264339999999999975e+02	1.267780000000000058e+02	1.270520000000000067e+02	1.273269999999999982e+02	1.278529999999999944e+02	1.281510000000000105e+02	1.286320000000000050e+02	1.290660000000000025e+02	1.295699999999999932e+02	1.299590000000000032e+02	1.304629999999999939e+02	1.310120000000000005e+02	1.316759999999999877e+02	1.322709999999999866e+02	1.328890000000000100e+02	1.335529999999999973e+02	1.343309999999999889e+02	1.351550000000000011e+02	1.360020000000000095e+02	1.370999999999999943e+02	1.386109999999999900e+02	1.398930000000000007e+02	1.414259999999999877e+02	1.430740000000000123e+02	1.452479999999999905e+02	1.477889999999999873e+02	1.508329999999999984e+02	1.541750000000000114e+02	1.582489999999999952e+02	1.628489999999999895e+02	1.677700000000000102e+02	1.731949999999999932e+02	1.785960000000000036e+02	1.844790000000000134e+02	1.905670000000000073e+02	1.965639999999999930e+02	2.022860000000000014e+02	2.076870000000000118e+02	2.128600000000000136e+02	2.175289999999999964e+02	2.221980000000000075e+02	2.260440000000000111e+02	2.294540000000000077e+02	2.326129999999999995e+02	2.356109999999999900e+02	2.381519999999999868e+02	2.404399999999999977e+02	2.426829999999999927e+02	2.446750000000000114e+02	2.463460000000000036e+02	2.478329999999999984e+02	2.494809999999999945e+02	2.506939999999999884e+02	2.519759999999999991e+02	2.526399999999999864e+02	2.535320000000000107e+02	2.544019999999999868e+02	2.551570000000000107e+02	2.560269999999999868e+02	2.566220000000000141e+02	2.572629999999999768e+02	2.577900000000000205e+02	2.581789999999999736e+02	2.585910000000000082e+02	2.590939999999999941e+02	2.593229999999999791e+02	2.596440000000000055e+02	2.599180000000000064e+02	2.600099999999999909e+02	2.603299999999999841e+02	2.604900000000000091e+02	2.606510000000000105e+02	2.607649999999999864e+02	2.610860000000000127e+02	2.612690000000000055e+02	2.613829999999999814e+02	2.614970000000000141e+02	2.609940000000000282e+02	2.611999999999999886e+02	2.615199999999999818e+02	2.616349999999999909e+02	2.615889999999999986e+02	2.616120000000000232e+02	2.615659999999999741e+02	2.614289999999999736e+02	2.616809999999999832e+02	2.613369999999999891e+02	2.612690000000000055e+02	2.614750000000000227e+02	2.614970000000000141e+02	2.613140000000000214e+02	2.612230000000000132e+02	2.613369999999999891e+02	2.614289999999999736e+02	2.614519999999999982e+02	2.615199999999999818e+02	2.611770000000000209e+02	2.607420000000000186e+02	2.604220000000000255e+02	2.606960000000000264e+02	2.604900000000000091e+02	2.603530000000000086e+02	2.601469999999999914e+02	2.598500000000000227e+02	2.590260000000000105e+02	2.589340000000000259e+02	2.587740000000000009e+02	2.588199999999999932e+02	2.586139999999999759e+02	2.582239999999999895e+02	2.582239999999999895e+02
0.000000000000000000e+00	5.444180000000000064e+02	4.817959999999999923e+02	4.273910000000000196e+02	3.794630000000000223e+02	3.392029999999999745e+02	3.036349999999999909e+02	2.756419999999999959e+02	2.546080000000000041e+02	2.372589999999999861e+02	2.234120000000000061e+02	2.116009999999999991e+02	2.026289999999999907e+02	1.952820000000000107e+02	1.891020000000000039e+02	1.850740000000000123e+02	1.706539999999999964e+02	1.677470000000000141e+02	1.732640000000000100e+02	1.702880000000000109e+02	1.672899999999999920e+02	1.647489999999999952e+02	1.623689999999999998e+02	1.603089999999999975e+02	1.588439999999999941e+02	1.576999999999999886e+02	1.563950000000000102e+02	1.555250000000000057e+02	1.546330000000000098e+02	1.538540000000000134e+02	1.530759999999999934e+02	1.525500000000000114e+02	1.519089999999999918e+02	1.517489999999999952e+02	1.512680000000000007e+02	1.509250000000000114e+02	1.509929999999999950e+02	1.513369999999999891e+02	1.511990000000000123e+02	1.512909999999999968e+02	1.512450000000000045e+02	1.511539999999999964e+02	1.513369999999999891e+02	1.514970000000000141e+02	1.521839999999999975e+02	1.522520000000000095e+02	1.524579999999999984e+02	1.525500000000000114e+02	1.529159999999999968e+02	1.533050000000000068e+02	1.534879999999999995e+02	1.537630000000000052e+02	1.540149999999999864e+02	1.541519999999999868e+02	1.549989999999999952e+02	1.552729999999999961e+02	1.554110000000000014e+02	1.559139999999999873e+02	1.562580000000000098e+02	1.564869999999999948e+02	1.569670000000000130e+02	1.573329999999999984e+02	1.576769999999999925e+02	1.583629999999999995e+02	1.583629999999999995e+02	1.586380000000000052e+02	1.588439999999999941e+02	1.590960000000000036e+02	1.593480000000000132e+02	1.597599999999999909e+02	1.601939999999999884e+02	1.604919999999999902e+02	1.607669999999999959e+02	1.609730000000000132e+02	1.612009999999999934e+02	1.614759999999999991e+02	1.617050000000000125e+02	1.618650000000000091e+02	1.622090000000000032e+02	1.626889999999999930e+02	1.627580000000000098e+02	1.630550000000000068e+02	1.633760000000000048e+02	1.634449999999999932e+02	1.636730000000000018e+02	1.637189999999999941e+02	1.638110000000000070e+02	1.641310000000000002e+02	1.644739999999999895e+02	1.645200000000000102e+02	1.647949999999999875e+02	1.653439999999999941e+02	1.654130000000000109e+02	1.659159999999999968e+02	1.660540000000000020e+02	1.662829999999999870e+02	1.665120000000000005e+02	1.667179999999999893e+02	1.669459999999999980e+02	1.670380000000000109e+02	1.672439999999999998e+02	1.675190000000000055e+02	1.675639999999999930e+02	1.678389999999999986e+02	1.679079999999999870e+02	1.682510000000000048e+02	1.685260000000000105e+02	1.684569999999999936e+02	1.687319999999999993e+02	1.689379999999999882e+02	1.690980000000000132e+02	1.693040000000000020e+02	1.695560000000000116e+02	1.696930000000000121e+02	1.698760000000000048e+02	1.700589999999999975e+02	1.702419999999999902e+02	1.704710000000000036e+02	1.708149999999999977e+02	1.707230000000000132e+02	1.710209999999999866e+02	1.712040000000000077e+02	1.713410000000000082e+02	1.715469999999999970e+02	1.716839999999999975e+02	1.717299999999999898e+02	1.719360000000000070e+02	1.721419999999999959e+02	1.722340000000000089e+02	1.724619999999999891e+02	1.728060000000000116e+02	1.728739999999999952e+02	1.752549999999999955e+02	1.747280000000000086e+02	1.743389999999999986e+02	1.745680000000000121e+02	1.745449999999999875e+02	1.743849999999999909e+02	1.745000000000000000e+02	1.745910000000000082e+02	1.744770000000000039e+02	1.745910000000000082e+02	1.746599999999999966e+02	1.749110000000000014e+02	1.749799999999999898e+02	1.750490000000000066e+02	1.750720000000000027e+02	1.751399999999999864e+02	1.752549999999999955e+02	1.753009999999999877e+02	1.753919999999999959e+02	1.766049999999999898e+02	1.766279999999999859e+02	1.769029999999999916e+02	1.769490000000000123e+02	1.768340000000000032e+02	1.770860000000000127e+02	1.771320000000000050e+02	1.771769999999999925e+02	1.772690000000000055e+02	1.773379999999999939e+02	1.775440000000000111e+02	1.777270000000000039e+02	1.784130000000000109e+02	1.783679999999999950e+02	1.783220000000000027e+02	1.783909999999999911e+02	1.781390000000000100e+02	1.780699999999999932e+02	1.780929999999999893e+02	1.779329999999999927e+02	1.780010000000000048e+02	1.780469999999999970e+02	1.780929999999999893e+02	1.781160000000000139e+02	1.781160000000000139e+02	1.779790000000000134e+02	1.781390000000000100e+02	1.782299999999999898e+02	1.780240000000000009e+02	1.780469999999999970e+02	1.780240000000000009e+02	1.778870000000000005e+02	1.779329999999999927e+02	1.779790000000000134e+02	1.778180000000000121e+02	1.779329999999999927e+02	1.779790000000000134e+02	1.780010000000000048e+02	1.780240000000000009e+02
1.000000000000000000e+00	2.343060000000000116e+02	2.067949999999999875e+02	1.832429999999999950e+02	1.632390000000000043e+02	1.485900000000000034e+02	1.288830000000000098e+02	1.245570000000000022e+02	1.157459999999999951e+02	1.088790000000000049e+02	1.039120000000000061e+02	9.960899999999999466e+01	9.546699999999999875e+01	9.281199999999999761e+01	9.052299999999999613e+01	8.901200000000000045e+01	8.699800000000000466e+01	8.532699999999999818e+01	8.258100000000000307e+01	8.063500000000000512e+01	7.866700000000000159e+01	7.649200000000000443e+01	7.473000000000000398e+01	7.358599999999999852e+01	7.221200000000000330e+01	7.115900000000000603e+01	7.019799999999999329e+01	6.946599999999999397e+01	6.891599999999999682e+01	6.868699999999999761e+01	6.790900000000000603e+01	6.765699999999999648e+01	6.749699999999999989e+01	6.735999999999999943e+01	6.731399999999999295e+01	6.761199999999999477e+01	6.724500000000000455e+01	6.715399999999999636e+01	6.731399999999999295e+01	6.742900000000000205e+01	6.740600000000000591e+01	6.800100000000000477e+01	6.779500000000000171e+01	6.811499999999999488e+01	6.891599999999999682e+01	6.905400000000000205e+01	6.919100000000000250e+01	6.967199999999999704e+01	6.960299999999999443e+01	6.960299999999999443e+01	7.012900000000000489e+01	7.029000000000000625e+01	7.054099999999999682e+01	7.118200000000000216e+01	7.106799999999999784e+01	7.148000000000000398e+01	7.205200000000000671e+01	7.202899999999999636e+01	7.225799999999999557e+01	7.292199999999999704e+01	7.282999999999999829e+01	7.344799999999999329e+01	7.381399999999999295e+01	7.367700000000000671e+01	7.399699999999999989e+01	7.438700000000000045e+01	7.473000000000000398e+01	7.516500000000000625e+01	7.553100000000000591e+01	7.589700000000000557e+01	7.656100000000000705e+01	7.685899999999999466e+01	7.692700000000000671e+01	7.729300000000000637e+01	7.777400000000000091e+01	7.827800000000000580e+01	7.864400000000000546e+01	7.976500000000000057e+01	7.999399999999999977e+01	8.058899999999999864e+01	8.173399999999999466e+01	8.212300000000000466e+01	8.292400000000000659e+01	8.388500000000000512e+01	8.482399999999999807e+01	8.601399999999999579e+01	8.731799999999999784e+01	8.876000000000000512e+01	9.038500000000000512e+01	9.203300000000000125e+01	9.395600000000000307e+01	9.629099999999999682e+01	9.828199999999999648e+01	1.011200000000000045e+02	1.035919999999999987e+02	1.067729999999999961e+02	1.097030000000000030e+02	1.125180000000000007e+02	1.158370000000000033e+02	1.192249999999999943e+02	1.222920000000000016e+02	1.255870000000000033e+02	1.288379999999999939e+02	1.319960000000000093e+02	1.349259999999999877e+02	1.379929999999999950e+02	1.406250000000000000e+02	1.433489999999999895e+02	1.459809999999999945e+02	1.481550000000000011e+02	1.502379999999999995e+02	1.523669999999999902e+02	1.542659999999999911e+02	1.560289999999999964e+02	1.579279999999999973e+02	1.595080000000000098e+02	1.611100000000000136e+02	1.625060000000000002e+02	1.639939999999999998e+02	1.654360000000000070e+02	1.668319999999999936e+02	1.679759999999999991e+02	1.691670000000000016e+02	1.703340000000000032e+02	1.714550000000000125e+02	1.725769999999999982e+02	1.736299999999999955e+02	1.746370000000000005e+02	1.755749999999999886e+02	1.765370000000000061e+02	1.774749999999999943e+02	1.784130000000000109e+02	1.792139999999999986e+02	1.800159999999999911e+02	1.805190000000000055e+02	1.814579999999999984e+02	1.823499999999999943e+02	1.831740000000000066e+02	1.840209999999999866e+02	1.844329999999999927e+02	1.853029999999999973e+02	1.860809999999999889e+02	1.867450000000000045e+02	1.874770000000000039e+02	1.882319999999999993e+02	1.888499999999999943e+02	1.896059999999999945e+02	1.902470000000000141e+02	1.908420000000000130e+02	1.916430000000000007e+02	1.921920000000000073e+02	1.927410000000000139e+02	1.934279999999999973e+02	1.939540000000000077e+02	1.945269999999999868e+02	1.950989999999999895e+02	1.956709999999999923e+02	1.956939999999999884e+02	1.962429999999999950e+02	1.967930000000000064e+02	1.972729999999999961e+02	1.977769999999999868e+02	1.982800000000000011e+02	1.987150000000000034e+02	1.991730000000000018e+02	1.996080000000000041e+02	2.000430000000000064e+02	2.004089999999999918e+02	2.007059999999999889e+02	2.010269999999999868e+02	2.013700000000000045e+02	2.015759999999999934e+02	2.017820000000000107e+02	2.020339999999999918e+02	2.023089999999999975e+02	2.025829999999999984e+02	2.029499999999999886e+02	2.033160000000000025e+02	2.036819999999999879e+02	2.038650000000000091e+02	2.041169999999999902e+02	2.044600000000000080e+02	2.048259999999999934e+02	2.050550000000000068e+02	2.049869999999999948e+02	2.053300000000000125e+02	2.056270000000000095e+02	2.057189999999999941e+02	2.059480000000000075e+02	2.059939999999999998e+02
1.000000000000000000e+00	4.668960000000000150e+02	4.090810000000000173e+02	3.623199999999999932e+02	3.223109999999999786e+02	2.876589999999999918e+02	2.577669999999999959e+02	2.326129999999999995e+02	2.146220000000000141e+02	2.009579999999999984e+02	1.899029999999999916e+02	1.813199999999999932e+02	1.742019999999999982e+02	1.685029999999999859e+02	1.635819999999999936e+02	1.593249999999999886e+02	1.556630000000000109e+02	1.523439999999999941e+02	1.503300000000000125e+02	1.487270000000000039e+02	1.472400000000000091e+02	1.460490000000000066e+02	1.450420000000000016e+02	1.439670000000000130e+02	1.431430000000000007e+02	1.423189999999999884e+02	1.415629999999999882e+02	1.411510000000000105e+02	1.407170000000000130e+02	1.403959999999999866e+02	1.405790000000000077e+02	1.405109999999999957e+02	1.402129999999999939e+02	1.399610000000000127e+02	1.399610000000000127e+02	1.403959999999999866e+02	1.404420000000000073e+02	1.404879999999999995e+02	1.407849999999999966e+02	1.410600000000000023e+02	1.412659999999999911e+02	1.417470000000000141e+02	1.420209999999999866e+02	1.422729999999999961e+02	1.425699999999999932e+02	1.430279999999999916e+02	1.432110000000000127e+02	1.435320000000000107e+02	1.440120000000000005e+02	1.445389999999999873e+02	1.448590000000000089e+02	1.452030000000000030e+02	1.457980000000000018e+02	1.460949999999999989e+02	1.464389999999999930e+02	1.485440000000000111e+02	1.485440000000000111e+02	1.487270000000000039e+02	1.490709999999999980e+02	1.495740000000000123e+02	1.498720000000000141e+02	1.502609999999999957e+02	1.508329999999999984e+02	1.510850000000000080e+02	1.522059999999999889e+02	1.524809999999999945e+02	1.522290000000000134e+02	1.527100000000000080e+02	1.531910000000000025e+02	1.539000000000000057e+02	1.542889999999999873e+02	1.547700000000000102e+02	1.551819999999999879e+02	1.555709999999999980e+02	1.560749999999999886e+02	1.565780000000000030e+02	1.575159999999999911e+02	1.582489999999999952e+02	1.585240000000000009e+02	1.589809999999999945e+02	1.593700000000000045e+02	1.597139999999999986e+02	1.598280000000000030e+02	1.601030000000000086e+02	1.604459999999999980e+02	1.606750000000000114e+02	1.612009999999999934e+02	1.613160000000000025e+02	1.615219999999999914e+02	1.618420000000000130e+02	1.620939999999999941e+02	1.625519999999999925e+02	1.628489999999999895e+02	1.632609999999999957e+02	1.637649999999999864e+02	1.640850000000000080e+02	1.646800000000000068e+02	1.660540000000000020e+02	1.667400000000000091e+02	1.677930000000000064e+02	1.690980000000000132e+02	1.705399999999999920e+02	1.724170000000000016e+02	1.743160000000000025e+02	1.767880000000000109e+02	1.799240000000000066e+02	1.832889999999999873e+02	1.874770000000000039e+02	1.921229999999999905e+02	1.977769999999999868e+02	2.043230000000000075e+02	2.118300000000000125e+02	2.198180000000000121e+02	2.288590000000000089e+02	2.390670000000000073e+02	2.500080000000000098e+02	2.609710000000000036e+02	2.722090000000000032e+02	2.829669999999999845e+02	2.935640000000000214e+02	3.035430000000000064e+02	3.142320000000000277e+02	3.224490000000000123e+02	3.301159999999999854e+02	3.380579999999999927e+02	3.441700000000000159e+02	3.501659999999999968e+02	3.599619999999999891e+02	3.651580000000000155e+02	3.699420000000000073e+02	3.735120000000000005e+02	3.771510000000000105e+02	3.813860000000000241e+02	3.841089999999999804e+02	3.868790000000000191e+02	3.892590000000000146e+02	3.910219999999999914e+02	3.929209999999999923e+02	3.946840000000000259e+02	3.974990000000000236e+02	3.991009999999999991e+02	4.002909999999999968e+02	4.019169999999999732e+02	4.033360000000000127e+02	4.043659999999999854e+02	4.054639999999999986e+02	4.065169999999999959e+02	4.075470000000000255e+02	4.081650000000000205e+02	4.090350000000000250e+02	4.112320000000000277e+02	4.115980000000000132e+02	4.118039999999999736e+02	4.223100000000000023e+02	4.209820000000000277e+02	4.218519999999999754e+02	4.225160000000000196e+02	4.225620000000000118e+02	4.228589999999999804e+02	4.239350000000000023e+02	4.243929999999999723e+02	4.244610000000000127e+02	4.250790000000000077e+02	4.253079999999999927e+02	4.252850000000000250e+02	4.255830000000000268e+02	4.258120000000000118e+02	4.258580000000000041e+02	4.264529999999999745e+02	4.265899999999999750e+02	4.267269999999999754e+02	4.268650000000000091e+02	4.268879999999999768e+02	4.275509999999999877e+02	4.281009999999999991e+02	4.293369999999999891e+02	4.298399999999999750e+02	4.296800000000000068e+02	4.294049999999999727e+02	4.295880000000000223e+02	4.296340000000000146e+02	4.296109999999999900e+02	4.297710000000000150e+02	4.303210000000000264e+02	4.305729999999999791e+02	4.302749999999999773e+02	4.299549999999999841e+02	4.294970000000000141e+02	4.292679999999999723e+02	4.289019999999999868e+02
0.000000000000000000e+00	4.846569999999999823e+02	4.135210000000000150e+02	3.541720000000000255e+02	3.012080000000000268e+02	2.565079999999999814e+02	2.260670000000000073e+02	2.057880000000000109e+02	1.874310000000000116e+02	1.731719999999999970e+02	1.650469999999999970e+02	1.584319999999999879e+02	1.517259999999999991e+02	1.459579999999999984e+02	1.405109999999999957e+02	1.353839999999999861e+02	1.316069999999999993e+02	1.287690000000000055e+02	1.260909999999999940e+02	1.238709999999999951e+02	1.216740000000000066e+02	1.203229999999999933e+02	1.188580000000000041e+02	1.173479999999999990e+02	1.166380000000000052e+02	1.156080000000000041e+02	1.152420000000000044e+02	1.146470000000000056e+02	1.142579999999999956e+02	1.134339999999999975e+02	1.130220000000000056e+02	1.134339999999999975e+02	1.133190000000000026e+02	1.133419999999999987e+02	1.130679999999999978e+02	1.130679999999999978e+02	1.128850000000000051e+02	1.127699999999999960e+02	1.128389999999999986e+02	1.128619999999999948e+02	1.129069999999999965e+02	1.143259999999999934e+02	1.146239999999999952e+02	1.143490000000000038e+02	1.139830000000000041e+02	1.139599999999999937e+02	1.140520000000000067e+02	1.140520000000000067e+02	1.143259999999999934e+02	1.142120000000000033e+02	1.140750000000000028e+02	1.137999999999999972e+02	1.133419999999999987e+02	1.128619999999999948e+02	1.127699999999999960e+02	1.125639999999999930e+02	1.123349999999999937e+02	1.124500000000000028e+02	1.125409999999999968e+02	1.126790000000000020e+02	1.128850000000000051e+02	1.125639999999999930e+02	1.125409999999999968e+02	1.129989999999999952e+02	1.133419999999999987e+02	1.137540000000000049e+02	1.142810000000000059e+02	1.147159999999999940e+02	1.158599999999999994e+02	1.162259999999999991e+02	1.167530000000000001e+02	1.168670000000000044e+02	1.170960000000000036e+02	1.175540000000000020e+02	1.178509999999999991e+02	1.186979999999999933e+02	1.192249999999999943e+02	1.196820000000000022e+02	1.203229999999999933e+02	1.210100000000000051e+02	1.211929999999999978e+02	1.221770000000000067e+02	1.232530000000000001e+02	1.236189999999999998e+02	1.243739999999999952e+02	1.245349999999999966e+02	1.247180000000000035e+02	1.248089999999999975e+02	1.249920000000000044e+02	1.249240000000000066e+02	1.250610000000000070e+02	1.259309999999999974e+02	1.257930000000000064e+02	1.265030000000000001e+02	1.269609999999999985e+02	1.269150000000000063e+02	1.270289999999999964e+02	1.269839999999999947e+02	1.267780000000000058e+02	1.269150000000000063e+02	1.269150000000000063e+02	1.268229999999999933e+02	1.268460000000000036e+02	1.269150000000000063e+02	1.267780000000000058e+02	1.268919999999999959e+02	1.268919999999999959e+02	1.267549999999999955e+02	1.267319999999999993e+02	1.266629999999999967e+02	1.265490000000000066e+02	1.266400000000000006e+02	1.267780000000000058e+02	1.268689999999999998e+02	1.268919999999999959e+02	1.269150000000000063e+02	1.268460000000000036e+02	1.269609999999999985e+02	1.269839999999999947e+02	1.271440000000000055e+02	1.272810000000000059e+02	1.273960000000000008e+02	1.273040000000000020e+02	1.274639999999999986e+02	1.276470000000000056e+02	1.278529999999999944e+02	1.279449999999999932e+02	1.282649999999999864e+02	1.282419999999999902e+02	1.285399999999999920e+02	1.285860000000000127e+02	1.285629999999999882e+02	1.286320000000000050e+02	1.286999999999999886e+02	1.289060000000000059e+02	1.289519999999999982e+02	1.291349999999999909e+02	1.290660000000000025e+02	1.292270000000000039e+02	1.296390000000000100e+02	1.292270000000000039e+02	1.293640000000000043e+02	1.294329999999999927e+02	1.296620000000000061e+02	1.298449999999999989e+02	1.298679999999999950e+02	1.298220000000000027e+02	1.301189999999999998e+02	1.301189999999999998e+02	1.301649999999999920e+02	1.303249999999999886e+02	1.304170000000000016e+02	1.304170000000000016e+02	1.306690000000000111e+02	1.306920000000000073e+02	1.307599999999999909e+02	1.310349999999999966e+02	1.311260000000000048e+02	1.316529999999999916e+02	1.318129999999999882e+02	1.316990000000000123e+02	1.315380000000000109e+02	1.316299999999999955e+02	1.317899999999999920e+02	1.315610000000000070e+02	1.317210000000000036e+02	1.316759999999999877e+02	1.316069999999999993e+02	1.317210000000000036e+02	1.321790000000000020e+02	1.321330000000000098e+02	1.323849999999999909e+02	1.324540000000000077e+02	1.324079999999999870e+02	1.326140000000000043e+02	1.325229999999999961e+02	1.328890000000000100e+02	1.330720000000000027e+02	1.329799999999999898e+02	1.329569999999999936e+02	1.330490000000000066e+02	1.331860000000000070e+02	1.332090000000000032e+02	1.333009999999999877e+02	1.333240000000000123e+02	1.333240000000000123e+02	1.335529999999999973e+02	1.337129999999999939e+02	1.337129999999999939e+02	1.337810000000000059e+02
0.000000000000000000e+00	2.246930000000000121e+02	2.051930000000000121e+02	1.871339999999999861e+02	1.706090000000000089e+02	1.560970000000000084e+02	1.438979999999999961e+02	1.341709999999999923e+02	1.267780000000000058e+02	1.210100000000000051e+02	1.163179999999999978e+02	1.125639999999999930e+02	1.093599999999999994e+02	1.067279999999999944e+02	1.051710000000000065e+02	1.035000000000000000e+02	1.022420000000000044e+02	1.010510000000000019e+02	1.001820000000000022e+02	9.940300000000000580e+01	9.885399999999999920e+01	9.837300000000000466e+01	9.782399999999999807e+01	9.748099999999999454e+01	9.713700000000000045e+01	9.674800000000000466e+01	9.663400000000000034e+01	9.649699999999999989e+01	9.622199999999999420e+01	9.622199999999999420e+01	9.610699999999999932e+01	9.603900000000000148e+01	9.601600000000000534e+01	9.601600000000000534e+01	9.608499999999999375e+01	9.624500000000000455e+01	9.642799999999999727e+01	9.649699999999999989e+01	9.677100000000000080e+01	9.688599999999999568e+01	9.706900000000000261e+01	9.729800000000000182e+01	9.750400000000000489e+01	9.764100000000000534e+01	9.791599999999999682e+01	9.814499999999999602e+01	9.828199999999999648e+01	9.853400000000000603e+01	9.883100000000000307e+01	9.903700000000000614e+01	9.928900000000000148e+01	9.960899999999999466e+01	9.974699999999999989e+01	1.000439999999999969e+02	1.003190000000000026e+02	1.005709999999999980e+02	1.008910000000000053e+02	1.011430000000000007e+02	1.012800000000000011e+02	1.016009999999999991e+02	1.018520000000000039e+02	1.020130000000000052e+02	1.021500000000000057e+02	1.023790000000000049e+02	1.026310000000000002e+02	1.030199999999999960e+02	1.032489999999999952e+02	1.033629999999999995e+02	1.037980000000000018e+02	1.041410000000000053e+02	1.042330000000000041e+02	1.045070000000000050e+02	1.048739999999999952e+02	1.049650000000000034e+02	1.052860000000000014e+02	1.055600000000000023e+02	1.056059999999999945e+02	1.059489999999999981e+02	1.062009999999999934e+02	1.063840000000000003e+02	1.064989999999999952e+02	1.068649999999999949e+02	1.069110000000000014e+02	1.071850000000000023e+02	1.074140000000000015e+02	1.075289999999999964e+02	1.077349999999999994e+02	1.078719999999999999e+02	1.079410000000000025e+02	1.081239999999999952e+02	1.084210000000000065e+02	1.086039999999999992e+02	1.088100000000000023e+02	1.091080000000000041e+02	1.091770000000000067e+02	1.095199999999999960e+02	1.096800000000000068e+02	1.097259999999999991e+02	1.099090000000000060e+02	1.101380000000000052e+02	1.102980000000000018e+02	1.105040000000000049e+02	1.106640000000000015e+02	1.107330000000000041e+02	1.108930000000000007e+02	1.110529999999999973e+02	1.111680000000000064e+02	1.113280000000000030e+02	1.114650000000000034e+02	1.115570000000000022e+02	1.117169999999999987e+02	1.119000000000000057e+02	1.119000000000000057e+02	1.120829999999999984e+02	1.121979999999999933e+02	1.122210000000000036e+02	1.124270000000000067e+02	1.126329999999999956e+02	1.126099999999999994e+02	1.128389999999999986e+02	1.129759999999999991e+02	1.130220000000000056e+02	1.131820000000000022e+02	1.132510000000000048e+02	1.133190000000000026e+02	1.133649999999999949e+02	1.135480000000000018e+02	1.135709999999999980e+02	1.137540000000000049e+02	1.139369999999999976e+02	1.139140000000000015e+02	1.141889999999999930e+02	1.142579999999999956e+02	1.141889999999999930e+02	1.143259999999999934e+02	1.145100000000000051e+02	1.144869999999999948e+02	1.146009999999999991e+02	1.147379999999999995e+02	1.146700000000000017e+02	1.148299999999999983e+02	1.148990000000000009e+02	1.148990000000000009e+02	1.150360000000000014e+02	1.151730000000000018e+02	1.152420000000000044e+02	1.153790000000000049e+02	1.154479999999999933e+02	1.154249999999999972e+02	1.156770000000000067e+02	1.156539999999999964e+02	1.156770000000000067e+02	1.157680000000000007e+02	1.159290000000000020e+02	1.158370000000000033e+02	1.159519999999999982e+02	1.159969999999999999e+02	1.160430000000000064e+02	1.161800000000000068e+02	1.161800000000000068e+02	1.162030000000000030e+02	1.162489999999999952e+02	1.164320000000000022e+02	1.164779999999999944e+02	1.165699999999999932e+02	1.166610000000000014e+02	1.166839999999999975e+02	1.168670000000000044e+02	1.169819999999999993e+02	1.168670000000000044e+02	1.170499999999999972e+02	1.170270000000000010e+02	1.170040000000000049e+02	1.171880000000000024e+02	1.172789999999999964e+02	1.173020000000000067e+02	1.174620000000000033e+02	1.174389999999999930e+02	1.174159999999999968e+02	1.175769999999999982e+02	1.176910000000000025e+02	1.177139999999999986e+02	1.178509999999999991e+02	1.178970000000000056e+02	1.178509999999999991e+02	1.180109999999999957e+02	1.180340000000000060e+02	1.179890000000000043e+02	1.181260000000000048e+02	1.181719999999999970e+02
1.000000000000000000e+00	3.684309999999999832e+02	3.397060000000000173e+02	3.154680000000000177e+02	2.931979999999999791e+02	2.735369999999999777e+02	2.561419999999999959e+02	2.404170000000000016e+02	2.261810000000000116e+02	2.137990000000000066e+02	2.007750000000000057e+02	1.920550000000000068e+02	1.839070000000000107e+02	1.763990000000000009e+02	1.701970000000000027e+02	1.631699999999999875e+02	1.550900000000000034e+02	1.460269999999999868e+02	1.379699999999999989e+02	1.318820000000000050e+02	1.271899999999999977e+02	1.212840000000000060e+02	1.306690000000000111e+02	1.276020000000000039e+02	1.253130000000000024e+02	1.233439999999999941e+02	1.219479999999999933e+02	1.207349999999999994e+02	1.198880000000000052e+02	1.187900000000000063e+02	1.181719999999999970e+02	1.174849999999999994e+02	1.167069999999999936e+02	1.162030000000000030e+02	1.155849999999999937e+02	1.149899999999999949e+02	1.146470000000000056e+02	1.144410000000000025e+02	1.141200000000000045e+02	1.138460000000000036e+02	1.134800000000000040e+02	1.133880000000000052e+02	1.131590000000000060e+02	1.129989999999999952e+02	1.128619999999999948e+02	1.128619999999999948e+02	1.129530000000000030e+02	1.130679999999999978e+02	1.129530000000000030e+02	1.132049999999999983e+02	1.136860000000000070e+02	1.137079999999999984e+02	1.138689999999999998e+02	1.139830000000000041e+02	1.139140000000000015e+02	1.139369999999999976e+02	1.145100000000000051e+02	1.147609999999999957e+02	1.145100000000000051e+02	1.149440000000000026e+02	1.148760000000000048e+02	1.156080000000000041e+02	1.160889999999999986e+02	1.161800000000000068e+02	1.162950000000000017e+02	1.164090000000000060e+02	1.170499999999999972e+02	1.170960000000000036e+02	1.175990000000000038e+02	1.184009999999999962e+02	1.187669999999999959e+02	1.191099999999999994e+02	1.195450000000000017e+02	1.204830000000000041e+02	1.211470000000000056e+02	1.212390000000000043e+02	1.214449999999999932e+02	1.213760000000000048e+02	1.221539999999999964e+02	1.222690000000000055e+02	1.230930000000000035e+02	1.231839999999999975e+02	1.233900000000000006e+02	1.236880000000000024e+02	1.240079999999999956e+02	1.243739999999999952e+02	1.248780000000000001e+02	1.250610000000000070e+02	1.257019999999999982e+02	1.256329999999999956e+02	1.261599999999999966e+02	1.261370000000000005e+02	1.262510000000000048e+02	1.271899999999999977e+02	1.278080000000000069e+02	1.293410000000000082e+02	1.301879999999999882e+02	1.304170000000000016e+02	1.306920000000000073e+02	1.313549999999999898e+02	1.315159999999999911e+02	1.323389999999999986e+02	1.335749999999999886e+02	1.339420000000000073e+02	1.343309999999999889e+02	1.347889999999999873e+02	1.354060000000000059e+02	1.365279999999999916e+02	1.382680000000000007e+02	1.393429999999999893e+02	1.404420000000000073e+02	1.417470000000000141e+02	1.436690000000000111e+02	1.456599999999999966e+02	1.477429999999999950e+02	1.502150000000000034e+02	1.530529999999999973e+02	1.571500000000000057e+02	1.606289999999999907e+02	1.646800000000000068e+02	1.698530000000000086e+02	1.747059999999999889e+02	1.803820000000000050e+02	1.860349999999999966e+02	1.918489999999999895e+02	1.978000000000000114e+02	2.036359999999999957e+02	2.096100000000000136e+02	2.154240000000000066e+02	2.215579999999999927e+02	2.269130000000000109e+02	2.322460000000000093e+02	2.379000000000000057e+02	2.427750000000000057e+02	2.472150000000000034e+02	2.502820000000000107e+02	2.539439999999999884e+02	2.573319999999999936e+02	2.602389999999999759e+02	2.637629999999999768e+02	2.669680000000000177e+02	2.694169999999999732e+02	2.714540000000000077e+02	2.733990000000000009e+02	2.752080000000000268e+02	2.773820000000000050e+02	2.789379999999999882e+02	2.804030000000000200e+02	2.817760000000000105e+02	2.832180000000000177e+02	2.846600000000000250e+02	2.857819999999999823e+02	2.868799999999999955e+02	2.879329999999999927e+02	2.890779999999999745e+02	2.901309999999999718e+02	2.911150000000000091e+02	2.932660000000000196e+02	2.942049999999999841e+02	2.953489999999999895e+02	2.963330000000000268e+02	2.973179999999999836e+02	2.980729999999999791e+02	2.988509999999999991e+02	2.990799999999999841e+02	2.999270000000000209e+02	3.006129999999999995e+02	3.013919999999999959e+02	3.021929999999999836e+02	3.028109999999999786e+02	3.037950000000000159e+02	3.041840000000000259e+02	3.049159999999999968e+02	3.056030000000000086e+02	3.080980000000000132e+02	3.086009999999999991e+02	3.091739999999999782e+02	3.097690000000000055e+02	3.103870000000000005e+02	3.110280000000000200e+02	3.115769999999999982e+02	3.121720000000000255e+02	3.126979999999999791e+02	3.131789999999999736e+02	3.136370000000000005e+02	3.141630000000000109e+02	3.148500000000000227e+02	3.153530000000000086e+02	3.158570000000000277e+02	3.164519999999999982e+02
0.000000000000000000e+00	3.663940000000000055e+02	3.231809999999999832e+02	2.880020000000000095e+02	2.560040000000000191e+02	2.288590000000000089e+02	2.073209999999999980e+02	1.886220000000000141e+02	1.732179999999999893e+02	1.599660000000000082e+02	1.494370000000000118e+02	1.403499999999999943e+02	1.330029999999999859e+02	1.267549999999999955e+02	1.223599999999999994e+02	1.193850000000000051e+02	1.167069999999999936e+02	1.142579999999999956e+02	1.120829999999999984e+02	1.099779999999999944e+02	1.082840000000000060e+02	1.067729999999999961e+02	1.054000000000000057e+02	1.045070000000000050e+02	1.034320000000000022e+02	1.024249999999999972e+02	1.015780000000000030e+02	1.006389999999999958e+02	9.949500000000000455e+01	9.880800000000000693e+01	9.835099999999999909e+01	9.780100000000000193e+01	9.754900000000000659e+01	9.745799999999999841e+01	9.725199999999999534e+01	9.706900000000000261e+01	9.729800000000000182e+01	9.709199999999999875e+01	9.629099999999999682e+01	9.649699999999999989e+01	9.647400000000000375e+01	9.622199999999999420e+01	9.640500000000000114e+01	9.622199999999999420e+01	9.596999999999999886e+01	9.601600000000000534e+01	9.585599999999999454e+01	9.583299999999999841e+01	9.583299999999999841e+01	9.587900000000000489e+01	9.612999999999999545e+01	9.615300000000000580e+01	9.606199999999999761e+01	9.640500000000000114e+01	9.599299999999999500e+01	9.615300000000000580e+01	9.622199999999999420e+01	9.642799999999999727e+01	9.663400000000000034e+01	9.668000000000000682e+01	9.672499999999999432e+01	9.670300000000000296e+01	9.674800000000000466e+01	9.697700000000000387e+01	9.702299999999999613e+01	9.695399999999999352e+01	9.651900000000000546e+01	9.672499999999999432e+01	9.674800000000000466e+01	9.672499999999999432e+01	9.686299999999999955e+01	9.695399999999999352e+01	9.713700000000000045e+01	9.718300000000000693e+01	9.713700000000000045e+01	9.715999999999999659e+01	9.715999999999999659e+01	9.599299999999999500e+01	9.619899999999999807e+01	9.631300000000000239e+01	9.647400000000000375e+01	9.651900000000000546e+01	9.645099999999999341e+01	9.684000000000000341e+01	9.697700000000000387e+01	9.706900000000000261e+01	9.713700000000000045e+01	9.727500000000000568e+01	9.759499999999999886e+01	9.770999999999999375e+01	9.713700000000000045e+01	9.780100000000000193e+01	9.773300000000000409e+01	9.766400000000000148e+01	9.766400000000000148e+01	9.766400000000000148e+01	9.773300000000000409e+01	9.773300000000000409e+01	9.789300000000000068e+01	9.787000000000000455e+01	9.635899999999999466e+01	9.647400000000000375e+01	9.718300000000000693e+01	9.736599999999999966e+01	9.732099999999999795e+01	9.738899999999999579e+01	9.741200000000000614e+01	9.750400000000000489e+01	9.752700000000000102e+01	9.768699999999999761e+01	9.770999999999999375e+01	9.734300000000000352e+01	9.761799999999999500e+01	9.754900000000000659e+01	9.754900000000000659e+01	9.738899999999999579e+01	9.736599999999999966e+01	9.736599999999999966e+01	9.734300000000000352e+01	9.732099999999999795e+01	9.738899999999999579e+01	9.727500000000000568e+01	9.727500000000000568e+01	9.693099999999999739e+01	9.697700000000000387e+01	9.697700000000000387e+01	9.686299999999999955e+01	9.727500000000000568e+01	9.722899999999999920e+01	9.715999999999999659e+01	9.704600000000000648e+01	9.704600000000000648e+01	9.713700000000000045e+01	9.715999999999999659e+01	9.729800000000000182e+01	9.727500000000000568e+01	9.725199999999999534e+01	9.729800000000000182e+01	9.734300000000000352e+01	9.745799999999999841e+01	9.738899999999999579e+01	9.821299999999999386e+01	9.789300000000000068e+01	9.796099999999999852e+01	9.798399999999999466e+01	9.787000000000000455e+01	9.777800000000000580e+01	9.773300000000000409e+01	9.759499999999999886e+01	9.761799999999999500e+01	9.766400000000000148e+01	9.761799999999999500e+01	1.012120000000000033e+02	1.011430000000000007e+02	1.011659999999999968e+02	1.010280000000000058e+02	1.008679999999999950e+02	1.007999999999999972e+02	1.006850000000000023e+02	1.005480000000000018e+02	1.004789999999999992e+02	1.003649999999999949e+02	1.002960000000000065e+02	1.001820000000000022e+02	1.000900000000000034e+02	1.000210000000000008e+02	9.997599999999999909e+01	9.993000000000000682e+01	9.976999999999999602e+01	9.967799999999999727e+01	9.965500000000000114e+01	1.003419999999999987e+02	1.002500000000000000e+02	1.001129999999999995e+02	9.997599999999999909e+01	9.993000000000000682e+01	9.988400000000000034e+01	9.979200000000000159e+01	9.976999999999999602e+01	9.972400000000000375e+01	9.974699999999999989e+01	9.972400000000000375e+01	9.972400000000000375e+01	9.981499999999999773e+01	9.981499999999999773e+01	9.993000000000000682e+01	9.993000000000000682e+01	1.007770000000000010e+02	1.007999999999999972e+02	1.007540000000000049e+02
1.000000000000000000e+00	2.770389999999999873e+02	2.523420000000000130e+02	2.233660000000000139e+02	2.040250000000000057e+02	1.864240000000000066e+02	1.693950000000000102e+02	1.550449999999999875e+02	1.432110000000000127e+02	1.338269999999999982e+02	1.266629999999999967e+02	1.200259999999999962e+02	1.218799999999999955e+02	1.154939999999999998e+02	1.120829999999999984e+02	1.117860000000000014e+02	1.093370000000000033e+02	1.068419999999999987e+02	1.048509999999999991e+02	1.029509999999999934e+02	1.000439999999999969e+02	9.649699999999999989e+01	9.322400000000000375e+01	9.034000000000000341e+01	8.798199999999999932e+01	8.624299999999999500e+01	8.482399999999999807e+01	8.379399999999999693e+01	8.290099999999999625e+01	8.223699999999999477e+01	8.212300000000000466e+01	8.171099999999999852e+01	8.132200000000000273e+01	8.123000000000000398e+01	8.109300000000000352e+01	8.111599999999999966e+01	8.116100000000000136e+01	8.120699999999999363e+01	8.109300000000000352e+01	8.150499999999999545e+01	8.180200000000000671e+01	8.177899999999999636e+01	8.143600000000000705e+01	8.145900000000000318e+01	8.166500000000000625e+01	8.184799999999999898e+01	8.191700000000000159e+01	8.237500000000000000e+01	8.269499999999999318e+01	8.345000000000000284e+01	8.338200000000000500e+01	8.329000000000000625e+01	8.354200000000000159e+01	8.427400000000000091e+01	8.466299999999999670e+01	8.473199999999999932e+01	8.491500000000000625e+01	8.573900000000000432e+01	8.628799999999999670e+01	8.651699999999999591e+01	8.686100000000000421e+01	8.736400000000000432e+01	8.784499999999999886e+01	8.864600000000000080e+01	8.937800000000000011e+01	9.011100000000000421e+01	9.065999999999999659e+01	9.127800000000000580e+01	9.171299999999999386e+01	9.294899999999999807e+01	9.386400000000000432e+01	9.482599999999999341e+01	9.574099999999999966e+01	9.640500000000000114e+01	9.752700000000000102e+01	9.832800000000000296e+01	9.967799999999999727e+01	1.005709999999999980e+02	1.029509999999999934e+02	1.050570000000000022e+02	1.068419999999999987e+02	1.090160000000000053e+02	1.113280000000000030e+02	1.137309999999999945e+02	1.165699999999999932e+02	1.195909999999999940e+02	1.227039999999999935e+02	1.262510000000000048e+02	1.305769999999999982e+02	1.351779999999999973e+02	1.395260000000000105e+02	1.441500000000000057e+02	1.495060000000000002e+02	1.544950000000000045e+02	1.595989999999999895e+02	1.644519999999999982e+02	1.693269999999999982e+02	1.743849999999999909e+02	1.788019999999999925e+02	1.832199999999999989e+02	1.876370000000000005e+02	1.916200000000000045e+02	1.952589999999999861e+02	1.991730000000000018e+02	2.032470000000000141e+02	2.066349999999999909e+02	2.096560000000000059e+02	2.126310000000000002e+02	2.170260000000000105e+02	2.192230000000000132e+02	2.228160000000000025e+02	2.249679999999999893e+02	2.273029999999999973e+02	2.295910000000000082e+02	2.317889999999999873e+02	2.346949999999999932e+02	2.366179999999999950e+02	2.381289999999999907e+02	2.398449999999999989e+02	2.415389999999999873e+02	2.434389999999999930e+02	2.450869999999999891e+02	2.476500000000000057e+02	2.478100000000000023e+02	2.516779999999999973e+02	2.511980000000000075e+02	2.521129999999999995e+02	2.546539999999999964e+02	2.589340000000000259e+02	2.587970000000000255e+02	2.591399999999999864e+02	2.595980000000000132e+02	2.605129999999999768e+02	2.621379999999999768e+02	2.634200000000000159e+02	2.648849999999999909e+02	2.677690000000000055e+02	2.676089999999999804e+02	2.688220000000000027e+02	2.697830000000000155e+02	2.710649999999999977e+02	2.734220000000000255e+02	2.736279999999999859e+02	2.747269999999999754e+02	2.764429999999999836e+02	2.770389999999999873e+02	2.784119999999999777e+02	2.793960000000000150e+02	2.802200000000000273e+02	2.814789999999999850e+02	2.823940000000000055e+02	2.830350000000000250e+02	2.841800000000000068e+02	2.849119999999999777e+02	2.846600000000000250e+02	2.862169999999999845e+02	2.868120000000000118e+02	2.861480000000000246e+02	2.871779999999999973e+02	2.885059999999999718e+02	2.890779999999999745e+02	2.907490000000000236e+02	2.910459999999999923e+02	2.921909999999999741e+02	2.931290000000000191e+02	2.934950000000000045e+02	2.941129999999999995e+02	2.945480000000000018e+02	2.949139999999999873e+02	2.950740000000000123e+02	2.950059999999999718e+02	2.961039999999999850e+02	2.956240000000000236e+02	2.954639999999999986e+02	2.947540000000000191e+02	2.950969999999999800e+02	2.950520000000000209e+02	2.945939999999999941e+02	2.945939999999999941e+02	2.946399999999999864e+02	2.945710000000000264e+02	2.941589999999999918e+02	2.938840000000000146e+02	2.944110000000000014e+02	2.940439999999999827e+02	2.936100000000000136e+02	2.942500000000000000e+02	2.940899999999999750e+02	2.943190000000000168e+02	2.943419999999999845e+02
1.000000000000000000e+00	2.471920000000000073e+02	2.237319999999999993e+02	2.022860000000000014e+02	1.833569999999999993e+02	1.669919999999999902e+02	1.527789999999999964e+02	1.413569999999999993e+02	1.325910000000000082e+02	1.251530000000000058e+02	1.191099999999999994e+02	1.145100000000000051e+02	1.104350000000000023e+02	1.075739999999999981e+02	1.050340000000000060e+02	1.028139999999999930e+02	1.010510000000000019e+02	9.958599999999999852e+01	9.825900000000000034e+01	9.697700000000000387e+01	9.585599999999999454e+01	9.466599999999999682e+01	9.388700000000000045e+01	9.253700000000000614e+01	9.111799999999999500e+01	8.969899999999999807e+01	8.853100000000000591e+01	8.752400000000000091e+01	8.654000000000000625e+01	8.592199999999999704e+01	8.518999999999999773e+01	8.489199999999999591e+01	8.477800000000000580e+01	8.452599999999999625e+01	8.431999999999999318e+01	8.427400000000000091e+01	8.422899999999999920e+01	8.434300000000000352e+01	8.448000000000000398e+01	8.452599999999999625e+01	8.477800000000000580e+01	8.509799999999999898e+01	8.528100000000000591e+01	8.548699999999999477e+01	8.567000000000000171e+01	8.592199999999999704e+01	8.583100000000000307e+01	8.644899999999999807e+01	8.665500000000000114e+01	8.697499999999999432e+01	8.740999999999999659e+01	8.766200000000000614e+01	8.795900000000000318e+01	8.841700000000000159e+01	8.876000000000000512e+01	8.908100000000000307e+01	8.951600000000000534e+01	8.953900000000000148e+01	9.013400000000000034e+01	9.065999999999999659e+01	9.102599999999999625e+01	9.132399999999999807e+01	9.173600000000000421e+01	9.201000000000000512e+01	9.269700000000000273e+01	9.317799999999999727e+01	9.345199999999999818e+01	9.386400000000000432e+01	9.434499999999999886e+01	9.480299999999999727e+01	9.507800000000000296e+01	9.553499999999999659e+01	9.601600000000000534e+01	9.610699999999999932e+01	9.697700000000000387e+01	9.734300000000000352e+01	9.796099999999999852e+01	9.851099999999999568e+01	9.899099999999999966e+01	9.954099999999999682e+01	1.002039999999999935e+02	1.008679999999999950e+02	1.016239999999999952e+02	1.021269999999999953e+02	1.031800000000000068e+02	1.042099999999999937e+02	1.054000000000000057e+02	1.065669999999999931e+02	1.077800000000000011e+02	1.093370000000000033e+02	1.107560000000000002e+02	1.124729999999999990e+02	1.143719999999999999e+02	1.165699999999999932e+02	1.187439999999999998e+02	1.213070000000000022e+02	1.240079999999999956e+02	1.267780000000000058e+02	1.297529999999999859e+02	1.330029999999999859e+02	1.362079999999999984e+02	1.396870000000000118e+02	1.433259999999999934e+02	1.468509999999999991e+02	1.505360000000000014e+02	1.543120000000000118e+02	1.578600000000000136e+02	1.615680000000000121e+02	1.651610000000000014e+02	1.685939999999999941e+02	1.720049999999999955e+02	1.753689999999999998e+02	1.783220000000000027e+02	1.812520000000000095e+02	1.839070000000000107e+02	1.865840000000000032e+02	1.890339999999999918e+02	1.910709999999999980e+02	1.933360000000000127e+02	1.955109999999999957e+02	1.980509999999999877e+02	1.993329999999999984e+02	2.010039999999999907e+02	2.024000000000000057e+02	2.042769999999999868e+02	2.061539999999999964e+02	2.073669999999999902e+02	2.089000000000000057e+02	2.100449999999999875e+02	2.112580000000000098e+02	2.123340000000000032e+02	2.135240000000000009e+02	2.145769999999999982e+02	2.154919999999999902e+02	2.164989999999999952e+02	2.175289999999999964e+02	2.184219999999999970e+02	2.197040000000000077e+02	2.207340000000000089e+02	2.214890000000000043e+02	2.225190000000000055e+02	2.232969999999999970e+02	2.239840000000000089e+02	2.248309999999999889e+02	2.254710000000000036e+02	2.260209999999999866e+02	2.268220000000000027e+02	2.275769999999999982e+02	2.280120000000000005e+02	2.285840000000000032e+02	2.290879999999999939e+02	2.294310000000000116e+02	2.298429999999999893e+02	2.302319999999999993e+02	2.306210000000000093e+02	2.310099999999999909e+02	2.313540000000000134e+02	2.316279999999999859e+02	2.319490000000000123e+02	2.321779999999999973e+02	2.324519999999999982e+02	2.326579999999999870e+02	2.330250000000000057e+02	2.333220000000000027e+02	2.334139999999999873e+02	2.338029999999999973e+02	2.337800000000000011e+02	2.340769999999999982e+02	2.341690000000000111e+02	2.342609999999999957e+02	2.342829999999999870e+02	2.344209999999999923e+02	2.343750000000000000e+02	2.344670000000000130e+02	2.344890000000000043e+02	2.343520000000000039e+02	2.343750000000000000e+02	2.343060000000000116e+02	2.341920000000000073e+02	2.342150000000000034e+02	2.341690000000000111e+02	2.341920000000000073e+02	2.340999999999999943e+02	2.340320000000000107e+02	2.338710000000000093e+02	2.338259999999999934e+02	2.337340000000000089e+02	2.337800000000000011e+02	2.337570000000000050e+02	2.335970000000000084e+02
0.000000000000000000e+00	4.605099999999999909e+02	4.149630000000000223e+02	3.789820000000000277e+02	3.505550000000000068e+02	3.215330000000000155e+02	2.966309999999999718e+02	2.758260000000000218e+02	2.633740000000000236e+02	2.505569999999999879e+02	2.408750000000000000e+02	2.326129999999999995e+02	2.257690000000000055e+02	2.204819999999999993e+02	2.162479999999999905e+02	2.130430000000000064e+02	2.099300000000000068e+02	2.080759999999999934e+02	2.057419999999999902e+02	2.032470000000000141e+02	2.013930000000000007e+02	1.997450000000000045e+02	1.983029999999999973e+02	1.971359999999999957e+02	1.962199999999999989e+02	1.956250000000000000e+02	1.949619999999999891e+02	1.942059999999999889e+02	1.935649999999999977e+02	1.931759999999999877e+02	1.926959999999999980e+02	1.921690000000000111e+02	1.918720000000000141e+02	1.918259999999999934e+02	1.918720000000000141e+02	1.918720000000000141e+02	1.919629999999999939e+02	1.921920000000000073e+02	1.925809999999999889e+02	1.926500000000000057e+02	1.928329999999999984e+02	1.936339999999999861e+02	1.941150000000000091e+02	1.942980000000000018e+02	1.947560000000000002e+02	1.948930000000000007e+02	1.953280000000000030e+02	1.956939999999999884e+02	1.961519999999999868e+02	1.965869999999999891e+02	1.970670000000000073e+02	1.973420000000000130e+02	1.973650000000000091e+02	1.976399999999999864e+02	1.979830000000000041e+02	1.983029999999999973e+02	1.986459999999999866e+02	1.989670000000000130e+02	1.993100000000000023e+02	1.996990000000000123e+02	1.999739999999999895e+02	2.002489999999999952e+02	2.008669999999999902e+02	2.010960000000000036e+02	2.014389999999999930e+02	2.019199999999999875e+02	2.022170000000000130e+02	2.024689999999999941e+02	2.028350000000000080e+02	2.030409999999999968e+02	2.034300000000000068e+02	2.039110000000000014e+02	2.041399999999999864e+02	2.044600000000000080e+02	2.050099999999999909e+02	2.052609999999999957e+02	2.055589999999999975e+02	2.059250000000000114e+02	2.061310000000000002e+02	2.065430000000000064e+02	2.068629999999999995e+02	2.073439999999999941e+02	2.075269999999999868e+02	2.078930000000000007e+02	2.082139999999999986e+02	2.084879999999999995e+02	2.088549999999999898e+02	2.091980000000000075e+02	2.095639999999999930e+02	2.098389999999999986e+02	2.101819999999999879e+02	2.105029999999999859e+02	2.107539999999999907e+02	2.109600000000000080e+02	2.111889999999999930e+02	2.115329999999999870e+02	2.116930000000000121e+02	2.118990000000000009e+02	2.122419999999999902e+02	2.123799999999999955e+02	2.126999999999999886e+02	2.131119999999999948e+02	2.134089999999999918e+02	2.136150000000000091e+02	2.139130000000000109e+02	2.141189999999999998e+02	2.143019999999999925e+02	2.146910000000000025e+02	2.148969999999999914e+02	2.151719999999999970e+02	2.154240000000000066e+02	2.156750000000000114e+02	2.159269999999999925e+02	2.162930000000000064e+02	2.164989999999999952e+02	2.167280000000000086e+02	2.170260000000000105e+02	2.171399999999999864e+02	2.173230000000000075e+02	2.175749999999999886e+02	2.177810000000000059e+02	2.179869999999999948e+02	2.181930000000000121e+02	2.183760000000000048e+02	2.185589999999999975e+02	2.189029999999999916e+02	2.190860000000000127e+02	2.192230000000000132e+02	2.194519999999999982e+02	2.195660000000000025e+02	2.197719999999999914e+02	2.198870000000000005e+02	2.200929999999999893e+02	2.202529999999999859e+02	2.204590000000000032e+02	2.205960000000000036e+02	2.207340000000000089e+02	2.209399999999999977e+02	2.210310000000000059e+02	2.211680000000000064e+02	2.214199999999999875e+02	2.215579999999999927e+02	2.216719999999999970e+02	2.221069999999999993e+02	2.223360000000000127e+02	2.224730000000000132e+02	2.225879999999999939e+02	2.226330000000000098e+02	2.228160000000000025e+02	2.230680000000000121e+02	2.230680000000000121e+02	2.231370000000000005e+02	2.232510000000000048e+02	2.233890000000000100e+02	2.232740000000000009e+02	2.234339999999999975e+02	2.234339999999999975e+02	2.235029999999999859e+02	2.234339999999999975e+02	2.236860000000000070e+02	2.239149999999999920e+02	2.239379999999999882e+02	2.239840000000000089e+02	2.241210000000000093e+02	2.243269999999999982e+02	2.243269999999999982e+02	2.244869999999999948e+02	2.245560000000000116e+02	2.245560000000000116e+02	2.247160000000000082e+02	2.248760000000000048e+02	2.249219999999999970e+02	2.249679999999999893e+02	2.250600000000000023e+02	2.250819999999999936e+02	2.252429999999999950e+02	2.253340000000000032e+02	2.253569999999999993e+02	2.253799999999999955e+02	2.254720000000000084e+02	2.255629999999999882e+02	2.256090000000000089e+02	2.256550000000000011e+02	2.256550000000000011e+02	2.257230000000000132e+02	2.258379999999999939e+02	2.257920000000000016e+02	2.258379999999999939e+02	2.259290000000000020e+02	2.259979999999999905e+02
1.000000000000000000e+00	2.324979999999999905e+02	2.111210000000000093e+02	1.928100000000000023e+02	1.761469999999999914e+02	1.612930000000000064e+02	1.485209999999999866e+02	1.377870000000000061e+02	1.285629999999999882e+02	1.209639999999999986e+02	1.148760000000000048e+02	1.098629999999999995e+02	1.057890000000000015e+02	1.030649999999999977e+02	1.001820000000000022e+02	9.798399999999999466e+01	9.592400000000000659e+01	9.365800000000000125e+01	9.153000000000000114e+01	8.853100000000000591e+01	8.589900000000000091e+01	8.356499999999999773e+01	8.182500000000000284e+01	7.999399999999999977e+01	7.834600000000000364e+01	7.676699999999999591e+01	7.543899999999999295e+01	7.418099999999999739e+01	7.305899999999999750e+01	7.218899999999999295e+01	7.143399999999999750e+01	7.076999999999999602e+01	7.010699999999999932e+01	6.969499999999999318e+01	6.919100000000000250e+01	6.839000000000000057e+01	6.806900000000000261e+01	6.784099999999999397e+01	6.765699999999999648e+01	6.761199999999999477e+01	6.790900000000000603e+01	6.745099999999999341e+01	6.747400000000000375e+01	6.758899999999999864e+01	6.770300000000000296e+01	6.781799999999999784e+01	6.781799999999999784e+01	6.836700000000000443e+01	6.875600000000000023e+01	6.841299999999999670e+01	6.893899999999999295e+01	6.921399999999999864e+01	6.967199999999999704e+01	6.987800000000000011e+01	7.040399999999999636e+01	7.035800000000000409e+01	7.035800000000000409e+01	7.074699999999999989e+01	7.106799999999999784e+01	7.148000000000000398e+01	7.184600000000000364e+01	7.195999999999999375e+01	7.251000000000000512e+01	7.253300000000000125e+01	7.354000000000000625e+01	7.349399999999999977e+01	7.381399999999999295e+01	7.422599999999999909e+01	7.477599999999999625e+01	7.557699999999999818e+01	7.546200000000000330e+01	7.601200000000000045e+01	7.635500000000000398e+01	7.683599999999999852e+01	7.738500000000000512e+01	7.811700000000000443e+01	7.907899999999999352e+01	7.958199999999999363e+01	7.997100000000000364e+01	8.129900000000000659e+01	8.152800000000000580e+01	8.312999999999999545e+01	8.402299999999999613e+01	8.468600000000000705e+01	8.592199999999999704e+01	8.766200000000000614e+01	8.859999999999999432e+01	9.017900000000000205e+01	9.242199999999999704e+01	9.420799999999999841e+01	9.640500000000000114e+01	9.903700000000000614e+01	1.013719999999999999e+02	1.042560000000000002e+02	1.075739999999999981e+02	1.106189999999999998e+02	1.141659999999999968e+02	1.178739999999999952e+02	1.221080000000000041e+02	1.259309999999999974e+02	1.301879999999999882e+02	1.341479999999999961e+02	1.383820000000000050e+02	1.424099999999999966e+02	1.465529999999999973e+02	1.504900000000000091e+02	1.541059999999999945e+02	1.575850000000000080e+02	1.611330000000000098e+02	1.643600000000000136e+02	1.674499999999999886e+02	1.707230000000000132e+02	1.732640000000000100e+02	1.761469999999999914e+02	1.786879999999999882e+02	1.815260000000000105e+02	1.837690000000000055e+02	1.864699999999999989e+02	1.892620000000000005e+02	1.912539999999999907e+02	1.933820000000000050e+02	1.951680000000000064e+02	1.971589999999999918e+02	1.990809999999999889e+02	2.005920000000000130e+02	2.013930000000000007e+02	2.022630000000000052e+02	2.027659999999999911e+02	2.033839999999999861e+02	2.040939999999999941e+02	2.044370000000000118e+02	2.048950000000000102e+02	2.056049999999999898e+02	2.059019999999999868e+02	2.061539999999999964e+02	2.065889999999999986e+02	2.068410000000000082e+02	2.070920000000000130e+02	2.074809999999999945e+02	2.079850000000000136e+02	2.080540000000000020e+02	2.084879999999999995e+02	2.086260000000000048e+02	2.089689999999999941e+02	2.093120000000000118e+02	2.094960000000000093e+02	2.113040000000000020e+02	2.117390000000000043e+02	2.119219999999999970e+02	2.124939999999999998e+02	2.126539999999999964e+02	2.128830000000000098e+02	2.131119999999999948e+02	2.135929999999999893e+02	2.137299999999999898e+02	2.140960000000000036e+02	2.143710000000000093e+02	2.144619999999999891e+02	2.144170000000000016e+02	2.145999999999999943e+02	2.147599999999999909e+02	2.151949999999999932e+02	2.153549999999999898e+02	2.155149999999999864e+02	2.154919999999999902e+02	2.158360000000000127e+02	2.159499999999999886e+02	2.160869999999999891e+02	2.162930000000000064e+02	2.163619999999999948e+02	2.162930000000000064e+02	2.164989999999999952e+02	2.166370000000000005e+02	2.164759999999999991e+02	2.163619999999999948e+02	2.162479999999999905e+02	2.163160000000000025e+02	2.162479999999999905e+02	2.159039999999999964e+02	2.156750000000000114e+02	2.155840000000000032e+02	2.153549999999999898e+02	2.153779999999999859e+02	2.153549999999999898e+02	2.153089999999999975e+02	2.150339999999999918e+02	2.151030000000000086e+02	2.151030000000000086e+02	2.150800000000000125e+02	2.151719999999999970e+02
1.000000000000000000e+00	1.845020000000000095e+02	1.693950000000000102e+02	1.556850000000000023e+02	1.436459999999999866e+02	1.316069999999999993e+02	1.220400000000000063e+02	1.135250000000000057e+02	1.058810000000000002e+02	1.002270000000000039e+02	9.585599999999999454e+01	9.168999999999999773e+01	8.894299999999999784e+01	8.738700000000000045e+01	8.507500000000000284e+01	8.454900000000000659e+01	8.248900000000000432e+01	8.116100000000000136e+01	7.935299999999999443e+01	7.665300000000000580e+01	7.397499999999999432e+01	7.161700000000000443e+01	6.980899999999999750e+01	6.811499999999999488e+01	6.683299999999999841e+01	6.582599999999999341e+01	6.486499999999999488e+01	6.408700000000000330e+01	6.365200000000000102e+01	6.335399999999999920e+01	6.303399999999999892e+01	6.280499999999999972e+01	6.250800000000000267e+01	6.227900000000000347e+01	6.216400000000000148e+01	6.195799999999999841e+01	6.159199999999999875e+01	6.136299999999999955e+01	6.117999999999999972e+01	6.122599999999999909e+01	6.134000000000000341e+01	6.127199999999999847e+01	6.122599999999999909e+01	6.120300000000000296e+01	6.138600000000000279e+01	6.150099999999999767e+01	6.147800000000000153e+01	6.175200000000000244e+01	6.161500000000000199e+01	6.159199999999999875e+01	6.177499999999999858e+01	6.179800000000000182e+01	6.195799999999999841e+01	6.207300000000000040e+01	6.234700000000000131e+01	6.259899999999999665e+01	6.282800000000000296e+01	6.305700000000000216e+01	6.307999999999999829e+01	6.321699999999999875e+01	6.351500000000000057e+01	6.356000000000000227e+01	6.365200000000000102e+01	6.381199999999999761e+01	6.388100000000000023e+01	6.429300000000000637e+01	6.443000000000000682e+01	6.436199999999999477e+01	6.459000000000000341e+01	6.477400000000000091e+01	6.516299999999999670e+01	6.514000000000000057e+01	6.534600000000000364e+01	6.594100000000000250e+01	6.584900000000000375e+01	6.614700000000000557e+01	6.621599999999999397e+01	6.626099999999999568e+01	6.623799999999999955e+01	6.628400000000000603e+01	6.617000000000000171e+01	6.639900000000000091e+01	6.671899999999999409e+01	6.678799999999999670e+01	6.703900000000000148e+01	6.724500000000000455e+01	6.758899999999999864e+01	6.749699999999999989e+01	6.763500000000000512e+01	6.788599999999999568e+01	6.786299999999999955e+01	6.797799999999999443e+01	6.809199999999999875e+01	6.829800000000000182e+01	6.827500000000000568e+01	6.843600000000000705e+01	6.834399999999999409e+01	6.852700000000000102e+01	6.870999999999999375e+01	6.891599999999999682e+01	6.909900000000000375e+01	6.919100000000000250e+01	6.928300000000000125e+01	6.937399999999999523e+01	6.935099999999999909e+01	6.942000000000000171e+01	6.935099999999999909e+01	6.964900000000000091e+01	6.973999999999999488e+01	6.978600000000000136e+01	7.003799999999999670e+01	7.012900000000000489e+01	7.003799999999999670e+01	7.038100000000000023e+01	7.049599999999999511e+01	7.127400000000000091e+01	7.150300000000000011e+01	7.120499999999999829e+01	7.141100000000000136e+01	7.125100000000000477e+01	7.159399999999999409e+01	7.175400000000000489e+01	7.182299999999999329e+01	7.207500000000000284e+01	7.230400000000000205e+01	7.248699999999999477e+01	7.287600000000000477e+01	7.337999999999999545e+01	7.376900000000000546e+01	7.475300000000000011e+01	7.532500000000000284e+01	7.630899999999999750e+01	7.715600000000000591e+01	7.859799999999999898e+01	7.997100000000000364e+01	8.125300000000000011e+01	8.262600000000000477e+01	8.415999999999999659e+01	8.583100000000000307e+01	8.756999999999999318e+01	8.931000000000000227e+01	9.157599999999999341e+01	9.340699999999999648e+01	9.532899999999999352e+01	9.722899999999999920e+01	9.876300000000000523e+01	1.003649999999999949e+02	1.024699999999999989e+02	1.045070000000000050e+02	1.062469999999999999e+02	1.075289999999999964e+02	1.087650000000000006e+02	1.099320000000000022e+02	1.109620000000000033e+02	1.120610000000000070e+02	1.129300000000000068e+02	1.139599999999999937e+02	1.148529999999999944e+02	1.156539999999999964e+02	1.165010000000000048e+02	1.173930000000000007e+02	1.180340000000000060e+02	1.185610000000000070e+02	1.191790000000000020e+02	1.197740000000000009e+02	1.202770000000000010e+02	1.206209999999999951e+02	1.215589999999999975e+02	1.220630000000000024e+02	1.224060000000000059e+02	1.226809999999999974e+02	1.230930000000000035e+02	1.234590000000000032e+02	1.237560000000000002e+02	1.244659999999999940e+02	1.245349999999999966e+02	1.248089999999999975e+02	1.251749999999999972e+02	1.251299999999999955e+02	1.256560000000000059e+02	1.258160000000000025e+02	1.259539999999999935e+02	1.262740000000000009e+02	1.263659999999999997e+02	1.265949999999999989e+02	1.271440000000000055e+02	1.267090000000000032e+02	1.270520000000000067e+02	1.276700000000000017e+02	1.280140000000000100e+02
1.000000000000000000e+00	3.055570000000000164e+02	2.629399999999999977e+02	2.310099999999999909e+02	2.016680000000000064e+02	1.789170000000000016e+02	1.616589999999999918e+02	1.483839999999999861e+02	1.365740000000000123e+02	1.273730000000000047e+02	1.227489999999999952e+02	1.175310000000000059e+02	1.140750000000000028e+02	1.107560000000000002e+02	1.084440000000000026e+02	1.067279999999999944e+02	1.049650000000000034e+02	1.035690000000000026e+02	1.023790000000000049e+02	1.010510000000000019e+02	1.001820000000000022e+02	9.942600000000000193e+01	9.885399999999999920e+01	9.805299999999999727e+01	9.754900000000000659e+01	9.690900000000000603e+01	9.537500000000000000e+01	9.340699999999999648e+01	9.146099999999999852e+01	8.983599999999999852e+01	8.869199999999999307e+01	8.763899999999999579e+01	8.690600000000000591e+01	8.608199999999999363e+01	8.553300000000000125e+01	8.505200000000000671e+01	8.475499999999999545e+01	8.431999999999999318e+01	8.464000000000000057e+01	8.443500000000000227e+01	8.431999999999999318e+01	8.434300000000000352e+01	8.464000000000000057e+01	8.457200000000000273e+01	8.486899999999999977e+01	8.498399999999999466e+01	8.503000000000000114e+01	8.528100000000000591e+01	8.567000000000000171e+01	8.573900000000000432e+01	8.610500000000000398e+01	8.624299999999999500e+01	8.640300000000000580e+01	8.670000000000000284e+01	8.711199999999999477e+01	8.729600000000000648e+01	8.770799999999999841e+01	8.814199999999999591e+01	8.832599999999999341e+01	8.873699999999999477e+01	8.912699999999999534e+01	8.921800000000000352e+01	8.976699999999999591e+01	9.011100000000000421e+01	9.022499999999999432e+01	9.059099999999999397e+01	9.102599999999999625e+01	9.137000000000000455e+01	9.178199999999999648e+01	9.226200000000000045e+01	9.249099999999999966e+01	9.354399999999999693e+01	9.377299999999999613e+01	9.393300000000000693e+01	9.464300000000000068e+01	9.503199999999999648e+01	9.535200000000000387e+01	9.576399999999999579e+01	9.615300000000000580e+01	9.651900000000000546e+01	9.704600000000000648e+01	9.745799999999999841e+01	9.784699999999999420e+01	9.839600000000000080e+01	9.885399999999999920e+01	9.931199999999999761e+01	9.997599999999999909e+01	1.004099999999999966e+02	1.008910000000000053e+02	1.015319999999999965e+02	1.020810000000000031e+02	1.027450000000000045e+02	1.035460000000000065e+02	1.043020000000000067e+02	1.049419999999999931e+02	1.057429999999999950e+02	1.067049999999999983e+02	1.077349999999999994e+02	1.080090000000000003e+02	1.092000000000000028e+02	1.102750000000000057e+02	1.116940000000000026e+02	1.131820000000000022e+02	1.151959999999999980e+02	1.167300000000000040e+02	1.183319999999999936e+02	1.197510000000000048e+02	1.214680000000000035e+02	1.231610000000000014e+02	1.248550000000000040e+02	1.268229999999999933e+02	1.289749999999999943e+02	1.298449999999999989e+02	1.320190000000000055e+02	1.340790000000000077e+02	1.360240000000000009e+02	1.382450000000000045e+02	1.406020000000000039e+02	1.428909999999999911e+02	1.450420000000000016e+02	1.469879999999999995e+02	1.487270000000000039e+02	1.508329999999999984e+02	1.525269999999999868e+02	1.541059999999999945e+02	1.572189999999999941e+02	1.584089999999999918e+02	1.597369999999999948e+02	1.611790000000000020e+02	1.625060000000000002e+02	1.634219999999999970e+02	1.644970000000000141e+02	1.655039999999999907e+02	1.662369999999999948e+02	1.668549999999999898e+02	1.679310000000000116e+02	1.683199999999999932e+02	1.689379999999999882e+02	1.696930000000000121e+02	1.692810000000000059e+02	1.701510000000000105e+02	1.706310000000000002e+02	1.711349999999999909e+02	1.717529999999999859e+02	1.719360000000000070e+02	1.722340000000000089e+02	1.725769999999999982e+02	1.732640000000000100e+02	1.733779999999999859e+02	1.732640000000000100e+02	1.735380000000000109e+02	1.740649999999999977e+02	1.746140000000000043e+02	1.745680000000000121e+02	1.749799999999999898e+02	1.751399999999999864e+02	1.750260000000000105e+02	1.752090000000000032e+02	1.757580000000000098e+02	1.756210000000000093e+02	1.758040000000000020e+02	1.761699999999999875e+02	1.767429999999999950e+02	1.765589999999999975e+02	1.765589999999999975e+02	1.765819999999999936e+02	1.766740000000000066e+02	1.767429999999999950e+02	1.769710000000000036e+02	1.765589999999999975e+02	1.770629999999999882e+02	1.771320000000000050e+02	1.770860000000000127e+02	1.769480000000000075e+02	1.775660000000000025e+02	1.776579999999999870e+02	1.774979999999999905e+02	1.779780000000000086e+02	1.779559999999999889e+02	1.780929999999999893e+02	1.782069999999999936e+02	1.778870000000000005e+02	1.780699999999999932e+02	1.766279999999999859e+02	1.764679999999999893e+02	1.769710000000000036e+02	1.769259999999999877e+02	1.769480000000000075e+02	1.770169999999999959e+02	1.770169999999999959e+02
0.000000000000000000e+00	3.397520000000000095e+02	3.097459999999999809e+02	2.821879999999999882e+02	2.566680000000000064e+02	2.354970000000000141e+02	2.164540000000000077e+02	2.002259999999999991e+02	1.861500000000000057e+02	1.742019999999999982e+02	1.641310000000000002e+02	1.561659999999999968e+02	1.490939999999999941e+02	1.425250000000000057e+02	1.376500000000000057e+02	1.332319999999999993e+02	1.292040000000000077e+02	1.262279999999999944e+02	1.217420000000000044e+02	1.167300000000000040e+02	1.115340000000000060e+02	1.062240000000000038e+02	1.019899999999999949e+02	9.793899999999999295e+01	9.459699999999999420e+01	9.150700000000000500e+01	8.837099999999999511e+01	8.589900000000000091e+01	8.393099999999999739e+01	8.219100000000000250e+01	8.054399999999999693e+01	7.923900000000000432e+01	7.814000000000000057e+01	7.715600000000000591e+01	7.628600000000000136e+01	7.589700000000000557e+01	7.530200000000000671e+01	7.504999999999999716e+01	7.504999999999999716e+01	7.541700000000000159e+01	7.507299999999999329e+01	7.434099999999999397e+01	7.438700000000000045e+01	7.456999999999999318e+01	7.461499999999999488e+01	7.461499999999999488e+01	7.365399999999999636e+01	7.509600000000000364e+01	7.385999999999999943e+01	7.358599999999999852e+01	7.452400000000000091e+01	7.436400000000000432e+01	7.383700000000000330e+01	7.372299999999999898e+01	7.479900000000000659e+01	7.456999999999999318e+01	7.450100000000000477e+01	7.463800000000000523e+01	7.459300000000000352e+01	7.475300000000000011e+01	7.482099999999999795e+01	7.630899999999999750e+01	7.537099999999999511e+01	7.555400000000000205e+01	7.576000000000000512e+01	7.681300000000000239e+01	7.624099999999999966e+01	7.649200000000000443e+01	7.674399999999999977e+01	7.795699999999999363e+01	7.692700000000000671e+01	7.807200000000000273e+01	7.772799999999999443e+01	7.777400000000000091e+01	7.800300000000000011e+01	7.701900000000000546e+01	7.839199999999999591e+01	7.841500000000000625e+01	7.793399999999999750e+01	7.859799999999999898e+01	7.772799999999999443e+01	7.747700000000000387e+01	7.811700000000000443e+01	7.919299999999999784e+01	7.846099999999999852e+01	7.875799999999999557e+01	7.752200000000000557e+01	7.939900000000000091e+01	7.862099999999999511e+01	7.884999999999999432e+01	7.910200000000000387e+01	7.981100000000000705e+01	7.891800000000000637e+01	7.935299999999999443e+01	8.026900000000000546e+01	7.949099999999999966e+01	8.251200000000000045e+01	8.123000000000000398e+01	8.191700000000000159e+01	8.143600000000000705e+01	8.180200000000000671e+01	8.143600000000000705e+01	8.310699999999999932e+01	8.315300000000000580e+01	8.340500000000000114e+01	8.415999999999999659e+01	8.358799999999999386e+01	8.317600000000000193e+01	8.379399999999999693e+01	8.379399999999999693e+01	8.409099999999999397e+01	8.422899999999999920e+01	8.475499999999999545e+01	8.452599999999999625e+01	8.434300000000000352e+01	8.461799999999999500e+01	8.406799999999999784e+01	8.390800000000000125e+01	8.457200000000000273e+01	8.445699999999999363e+01	8.413700000000000045e+01	8.482399999999999807e+01	8.548699999999999477e+01	8.541899999999999693e+01	8.541899999999999693e+01	8.585399999999999920e+01	8.599099999999999966e+01	8.619700000000000273e+01	8.654000000000000625e+01	8.679200000000000159e+01	8.686100000000000421e+01	8.782200000000000273e+01	8.766200000000000614e+01	8.761599999999999966e+01	8.775300000000000011e+01	8.782200000000000273e+01	8.800499999999999545e+01	8.807399999999999807e+01	8.816500000000000625e+01	8.812000000000000455e+01	8.830299999999999727e+01	8.814199999999999591e+01	8.805100000000000193e+01	8.789100000000000534e+01	8.784499999999999886e+01	8.779900000000000659e+01	8.795900000000000318e+01	8.880599999999999739e+01	8.876000000000000512e+01	8.946999999999999886e+01	8.951600000000000534e+01	8.933299999999999841e+01	8.933299999999999841e+01	8.940099999999999625e+01	8.951600000000000534e+01	8.979000000000000625e+01	8.981300000000000239e+01	8.983599999999999852e+01	9.015699999999999648e+01	9.017900000000000205e+01	9.015699999999999648e+01	9.006499999999999773e+01	9.004200000000000159e+01	9.011100000000000421e+01	9.031699999999999307e+01	9.034000000000000341e+01	9.034000000000000341e+01	9.251399999999999579e+01	9.184999999999999432e+01	9.212500000000000000e+01	9.214799999999999613e+01	9.214799999999999613e+01	9.123199999999999932e+01	9.141500000000000625e+01	9.141500000000000625e+01	9.141500000000000625e+01	9.127800000000000580e+01	9.148399999999999466e+01	9.233100000000000307e+01	9.233100000000000307e+01	9.230800000000000693e+01	9.214799999999999613e+01	9.240000000000000568e+01	9.249099999999999966e+01	9.235399999999999920e+01	9.226200000000000045e+01	9.244499999999999318e+01	9.258299999999999841e+01	9.249099999999999966e+01	9.262800000000000011e+01
0.000000000000000000e+00	5.211870000000000118e+02	4.334110000000000014e+02	3.607860000000000014e+02	3.050989999999999895e+02	2.661669999999999732e+02	2.329099999999999966e+02	2.096100000000000136e+02	1.909329999999999927e+02	1.778180000000000121e+02	1.676330000000000098e+02	1.596450000000000102e+02	1.534190000000000111e+02	1.474459999999999980e+02	1.428449999999999989e+02	1.390229999999999961e+02	1.356810000000000116e+02	1.324310000000000116e+02	1.305310000000000059e+02	1.289519999999999982e+02	1.278310000000000031e+02	1.262969999999999970e+02	1.250379999999999967e+02	1.237789999999999964e+02	1.230469999999999970e+02	1.222920000000000016e+02	1.217650000000000006e+02	1.214899999999999949e+02	1.216740000000000066e+02	1.217420000000000044e+02	1.220400000000000063e+02	1.219939999999999998e+02	1.221080000000000041e+02	1.223139999999999930e+02	1.228409999999999940e+02	1.232759999999999962e+02	1.235499999999999972e+02	1.239399999999999977e+02	1.243970000000000056e+02	1.248319999999999936e+02	1.251530000000000058e+02	1.256329999999999956e+02	1.260450000000000017e+02	1.265030000000000001e+02	1.275330000000000013e+02	1.279909999999999997e+02	1.286090000000000089e+02	1.292270000000000039e+02	1.298220000000000027e+02	1.309430000000000121e+02	1.314470000000000027e+02	1.319499999999999886e+02	1.324079999999999870e+02	1.328199999999999932e+02	1.338729999999999905e+02	1.346970000000000027e+02	1.353839999999999861e+02	1.367570000000000050e+02	1.370540000000000020e+02	1.373520000000000039e+02	1.376270000000000095e+02	1.380159999999999911e+02	1.384509999999999934e+02	1.385649999999999977e+02	1.389770000000000039e+02	1.392520000000000095e+02	1.395260000000000105e+02	1.399149999999999920e+02	1.402820000000000107e+02	1.405560000000000116e+02	1.411740000000000066e+02	1.419979999999999905e+02	1.421129999999999995e+02	1.423650000000000091e+02	1.436690000000000111e+02	1.439209999999999923e+02	1.443559999999999945e+02	1.444019999999999868e+02	1.448360000000000127e+02	1.460490000000000066e+02	1.465529999999999973e+02	1.470790000000000077e+02	1.474689999999999941e+02	1.477199999999999989e+02	1.516339999999999861e+02	1.519319999999999879e+02	1.523209999999999980e+02	1.528240000000000123e+02	1.536030000000000086e+02	1.542210000000000036e+02	1.545869999999999891e+02	1.551589999999999918e+02	1.556169999999999902e+02	1.559139999999999873e+02	1.564180000000000064e+02	1.574939999999999998e+02	1.576539999999999964e+02	1.590039999999999907e+02	1.608810000000000002e+02	1.631699999999999875e+02	1.639939999999999998e+02	1.643830000000000098e+02	1.645660000000000025e+02	1.651150000000000091e+02	1.654590000000000032e+02	1.658249999999999886e+02	1.661910000000000025e+02	1.665339999999999918e+02	1.666490000000000009e+02	1.733779999999999859e+02	1.746599999999999966e+02	1.746140000000000043e+02	1.697620000000000005e+02	1.704710000000000036e+02	1.713410000000000082e+02	1.697620000000000005e+02	1.685709999999999980e+02	1.682740000000000009e+02	1.680449999999999875e+02	1.681819999999999879e+02	1.682050000000000125e+02	1.682740000000000009e+02	1.719360000000000070e+02	1.720960000000000036e+02	1.722789999999999964e+02	1.722560000000000002e+02	1.721649999999999920e+02	1.723480000000000132e+02	1.725080000000000098e+02	1.726459999999999866e+02	1.726459999999999866e+02	1.727139999999999986e+02	1.729890000000000043e+02	1.731030000000000086e+02	1.731490000000000009e+02	1.731260000000000048e+02	1.732179999999999893e+02	1.731719999999999970e+02	1.730579999999999927e+02	1.733779999999999859e+02	1.733549999999999898e+02	1.733319999999999936e+02	1.737669999999999959e+02	1.736980000000000075e+02	1.735380000000000109e+02	1.736759999999999877e+02	1.736980000000000075e+02	1.737439999999999998e+02	1.738129999999999882e+02	1.738129999999999882e+02	1.738129999999999882e+02	1.737899999999999920e+02	1.738129999999999882e+02	1.740420000000000016e+02	1.741790000000000020e+02	1.741330000000000098e+02	1.740649999999999977e+02	1.740420000000000016e+02	1.740420000000000016e+02	1.742709999999999866e+02	1.742479999999999905e+02	1.740879999999999939e+02	1.741100000000000136e+02	1.741560000000000059e+02	1.742019999999999982e+02	1.740879999999999939e+02	1.741100000000000136e+02	1.739499999999999886e+02	1.740190000000000055e+02	1.739960000000000093e+02	1.739269999999999925e+02	1.738590000000000089e+02	1.738360000000000127e+02	1.738360000000000127e+02	1.736759999999999877e+02	1.735380000000000109e+02	1.735610000000000070e+02	1.741790000000000020e+02	1.744770000000000039e+02	1.745219999999999914e+02	1.742709999999999866e+02	1.744770000000000039e+02	1.742940000000000111e+02	1.743389999999999986e+02	1.748199999999999932e+02	1.745449999999999875e+02	1.744079999999999870e+02	1.745680000000000121e+02	1.744310000000000116e+02	1.743619999999999948e+02
0.000000000000000000e+00	2.002030000000000030e+02	1.850740000000000123e+02	1.710430000000000064e+02	1.584780000000000086e+02	1.473770000000000095e+02	1.370769999999999982e+02	1.278760000000000048e+02	1.197969999999999970e+02	1.128619999999999948e+02	1.067049999999999983e+02	1.012570000000000050e+02	9.702299999999999613e+01	9.386400000000000432e+01	9.061400000000000432e+01	8.816500000000000625e+01	8.596800000000000352e+01	8.383899999999999864e+01	8.125300000000000011e+01	7.832299999999999329e+01	7.626300000000000523e+01	7.418099999999999739e+01	7.267000000000000171e+01	7.095300000000000296e+01	6.870999999999999375e+01	6.697100000000000364e+01	6.536899999999999977e+01	6.401800000000000068e+01	6.292000000000000171e+01	6.202700000000000102e+01	6.113400000000000034e+01	6.024199999999999733e+01	5.964699999999999847e+01	6.003600000000000136e+01	5.944100000000000250e+01	5.898299999999999699e+01	5.852499999999999858e+01	5.815899999999999892e+01	5.795300000000000296e+01	5.788400000000000034e+01	5.763199999999999790e+01	5.751800000000000068e+01	5.777000000000000313e+01	5.754099999999999682e+01	5.751800000000000068e+01	5.731199999999999761e+01	5.710600000000000165e+01	5.712899999999999778e+01	5.738100000000000023e+01	5.731199999999999761e+01	5.740400000000000347e+01	5.740400000000000347e+01	5.706000000000000227e+01	5.721999999999999886e+01	5.760999999999999943e+01	5.751800000000000068e+01	5.774699999999999989e+01	5.765500000000000114e+01	5.751800000000000068e+01	5.774699999999999989e+01	5.772399999999999665e+01	5.804399999999999693e+01	5.813600000000000279e+01	5.815899999999999892e+01	5.866199999999999903e+01	5.852499999999999858e+01	5.829599999999999937e+01	5.843399999999999750e+01	5.868500000000000227e+01	5.866199999999999903e+01	5.870799999999999841e+01	5.857099999999999795e+01	5.882300000000000040e+01	5.875399999999999778e+01	5.921200000000000330e+01	5.900600000000000023e+01	5.898299999999999699e+01	5.918900000000000006e+01	5.907399999999999807e+01	5.902900000000000347e+01	5.891400000000000148e+01	5.893699999999999761e+01	5.893699999999999761e+01	5.907399999999999807e+01	5.930299999999999727e+01	5.928000000000000114e+01	5.939500000000000313e+01	5.941799999999999926e+01	5.934899999999999665e+01	5.948599999999999710e+01	5.932600000000000051e+01	5.930299999999999727e+01	5.941799999999999926e+01	5.937199999999999989e+01	5.937199999999999989e+01	6.001299999999999812e+01	6.001299999999999812e+01	6.019599999999999795e+01	6.021900000000000119e+01	6.024199999999999733e+01	6.037899999999999778e+01	6.035600000000000165e+01	6.033299999999999841e+01	6.040200000000000102e+01	6.067699999999999960e+01	6.092799999999999727e+01	6.099699999999999989e+01	6.147800000000000153e+01	6.168399999999999750e+01	6.191299999999999670e+01	6.193500000000000227e+01	6.204999999999999716e+01	6.221000000000000085e+01	6.257600000000000051e+01	6.275900000000000034e+01	6.289699999999999847e+01	6.305700000000000216e+01	6.378900000000000148e+01	6.385799999999999699e+01	6.390400000000000347e+01	6.392699999999999960e+01	6.401800000000000068e+01	6.420099999999999341e+01	6.431600000000000250e+01	6.449899999999999523e+01	6.465900000000000603e+01	6.479600000000000648e+01	6.479600000000000648e+01	6.491100000000000136e+01	6.502500000000000568e+01	6.555200000000000671e+01	6.568899999999999295e+01	6.580400000000000205e+01	6.605500000000000682e+01	6.635299999999999443e+01	6.635299999999999443e+01	6.639900000000000091e+01	6.660500000000000398e+01	6.717700000000000671e+01	6.713100000000000023e+01	6.715399999999999636e+01	6.733700000000000330e+01	6.740600000000000591e+01	6.784099999999999397e+01	6.793200000000000216e+01	6.825300000000000011e+01	6.820699999999999363e+01	6.827500000000000568e+01	6.907699999999999818e+01	6.898499999999999943e+01	6.912199999999999989e+01	6.928300000000000125e+01	6.932800000000000296e+01	6.921399999999999864e+01	6.935099999999999909e+01	6.919100000000000250e+01	6.946599999999999397e+01	6.953400000000000603e+01	6.985500000000000398e+01	6.990099999999999625e+01	6.999200000000000443e+01	7.012900000000000489e+01	7.024399999999999977e+01	7.038100000000000023e+01	7.045000000000000284e+01	7.067900000000000205e+01	7.086199999999999477e+01	7.136499999999999488e+01	7.143399999999999750e+01	7.202899999999999636e+01	7.212099999999999511e+01	7.225799999999999557e+01	7.239499999999999602e+01	7.255599999999999739e+01	7.267000000000000171e+01	7.282999999999999829e+01	7.292199999999999704e+01	7.296800000000000352e+01	7.292199999999999704e+01	7.294499999999999318e+01	7.289900000000000091e+01	7.273900000000000432e+01	7.276200000000000045e+01	7.282999999999999829e+01	7.269299999999999784e+01	7.285299999999999443e+01	7.305899999999999750e+01	7.308199999999999363e+01	7.305899999999999750e+01	7.317400000000000659e+01
0.000000000000000000e+00	4.947509999999999764e+02	4.178700000000000045e+02	3.505779999999999745e+02	2.932210000000000036e+02	2.520219999999999914e+02	2.215120000000000005e+02	1.978679999999999950e+02	1.798100000000000023e+02	1.656649999999999920e+02	1.550670000000000073e+02	1.477199999999999989e+02	1.411289999999999907e+02	1.352920000000000016e+02	1.318820000000000050e+02	1.282419999999999902e+02	1.251069999999999993e+02	1.224519999999999982e+02	1.198430000000000035e+02	1.178280000000000030e+02	1.158829999999999956e+02	1.141430000000000007e+02	1.115109999999999957e+02	1.108250000000000028e+02	1.105499999999999972e+02	1.097489999999999952e+02	1.093370000000000033e+02	1.094060000000000059e+02	1.086959999999999980e+02	1.079860000000000042e+02	1.075520000000000067e+02	1.072770000000000010e+02	1.071620000000000061e+02	1.075060000000000002e+02	1.075520000000000067e+02	1.074369999999999976e+02	1.073910000000000053e+02	1.068880000000000052e+02	1.069789999999999992e+02	1.073679999999999950e+02	1.074599999999999937e+02	1.088559999999999945e+02	1.090160000000000053e+02	1.092000000000000028e+02	1.092909999999999968e+02	1.096119999999999948e+02	1.104579999999999984e+02	1.116490000000000009e+02	1.119000000000000057e+02	1.121290000000000049e+02	1.124270000000000067e+02	1.126560000000000059e+02	1.128619999999999948e+02	1.129759999999999991e+02	1.131590000000000060e+02	1.134110000000000014e+02	1.135939999999999941e+02	1.137770000000000010e+02	1.139599999999999937e+02	1.140750000000000028e+02	1.143040000000000020e+02	1.144869999999999948e+02	1.147159999999999940e+02	1.149440000000000026e+02	1.151959999999999980e+02	1.153340000000000032e+02	1.154479999999999933e+02	1.156310000000000002e+02	1.158370000000000033e+02	1.157909999999999968e+02	1.158829999999999956e+02	1.160660000000000025e+02	1.162030000000000030e+02	1.167759999999999962e+02	1.170499999999999972e+02	1.171880000000000024e+02	1.172330000000000041e+02	1.174389999999999930e+02	1.176910000000000025e+02	1.178509999999999991e+02	1.180109999999999957e+02	1.181490000000000009e+02	1.181490000000000009e+02	1.182630000000000052e+02	1.184009999999999962e+02	1.185150000000000006e+02	1.188349999999999937e+02	1.189500000000000028e+02	1.191560000000000059e+02	1.193389999999999986e+02	1.195909999999999940e+02	1.197969999999999970e+02	1.201400000000000006e+02	1.203229999999999933e+02	1.204609999999999985e+02	1.207120000000000033e+02	1.208719999999999999e+02	1.209639999999999986e+02	1.212159999999999940e+02	1.213529999999999944e+02	1.214680000000000035e+02	1.215819999999999936e+02	1.216959999999999980e+02	1.218340000000000032e+02	1.218799999999999955e+02	1.219939999999999998e+02	1.222229999999999990e+02	1.222459999999999951e+02	1.224290000000000020e+02	1.225199999999999960e+02	1.226350000000000051e+02	1.227039999999999935e+02	1.228640000000000043e+02	1.228640000000000043e+02	1.229549999999999983e+02	1.229549999999999983e+02	1.230240000000000009e+02	1.229099999999999966e+02	1.228870000000000005e+02	1.230010000000000048e+02	1.230930000000000035e+02	1.231380000000000052e+02	1.231610000000000014e+02	1.231839999999999975e+02	1.231610000000000014e+02	1.231610000000000014e+02	1.231839999999999975e+02	1.231839999999999975e+02	1.232990000000000066e+02	1.232300000000000040e+02	1.231380000000000052e+02	1.231610000000000014e+02	1.232069999999999936e+02	1.232759999999999962e+02	1.233220000000000027e+02	1.232990000000000066e+02	1.232990000000000066e+02	1.232530000000000001e+02	1.233220000000000027e+02	1.233670000000000044e+02	1.232990000000000066e+02	1.232990000000000066e+02	1.233439999999999941e+02	1.233900000000000006e+02	1.232990000000000066e+02	1.232990000000000066e+02	1.232530000000000001e+02	1.232300000000000040e+02	1.232530000000000001e+02	1.231839999999999975e+02	1.231839999999999975e+02	1.231159999999999997e+02	1.232759999999999962e+02	1.232759999999999962e+02	1.233220000000000027e+02	1.232530000000000001e+02	1.232069999999999936e+02	1.231610000000000014e+02	1.231610000000000014e+02	1.230930000000000035e+02	1.230469999999999970e+02	1.230930000000000035e+02	1.229779999999999944e+02	1.229099999999999966e+02	1.228640000000000043e+02	1.227950000000000017e+02	1.226809999999999974e+02	1.227720000000000056e+02	1.225889999999999986e+02	1.225660000000000025e+02	1.225430000000000064e+02	1.224290000000000020e+02	1.222920000000000016e+02	1.222000000000000028e+02	1.221539999999999964e+02	1.220169999999999959e+02	1.221539999999999964e+02	1.221080000000000041e+02	1.219939999999999998e+02	1.220169999999999959e+02	1.220400000000000063e+02	1.218569999999999993e+02	1.218569999999999993e+02	1.218340000000000032e+02	1.217189999999999941e+02	1.217420000000000044e+02	1.216509999999999962e+02	1.214899999999999949e+02	1.216050000000000040e+02	1.215130000000000052e+02
1.000000000000000000e+00	2.592769999999999868e+02	2.344439999999999884e+02	2.117390000000000043e+02	1.913220000000000027e+02	1.720730000000000075e+02	1.550219999999999914e+02	1.411289999999999907e+02	1.293180000000000121e+02	1.193160000000000025e+02	1.108250000000000028e+02	1.043239999999999981e+02	9.883100000000000307e+01	9.466599999999999682e+01	9.086599999999999966e+01	8.777599999999999625e+01	8.397700000000000387e+01	8.141299999999999670e+01	7.795699999999999363e+01	7.438700000000000045e+01	7.129699999999999704e+01	6.850400000000000489e+01	6.619299999999999784e+01	6.404099999999999682e+01	6.250800000000000267e+01	6.138600000000000279e+01	6.053900000000000148e+01	5.962400000000000233e+01	5.866199999999999903e+01	5.804399999999999693e+01	5.706000000000000227e+01	5.676299999999999812e+01	5.635099999999999909e+01	5.598400000000000176e+01	5.568699999999999761e+01	5.548100000000000165e+01	5.493200000000000216e+01	5.495499999999999829e+01	5.488600000000000279e+01	5.458800000000000097e+01	5.463400000000000034e+01	5.435900000000000176e+01	5.422200000000000131e+01	5.474900000000000233e+01	5.467999999999999972e+01	5.467999999999999972e+01	5.461099999999999710e+01	5.433700000000000330e+01	5.445100000000000051e+01	5.431400000000000006e+01	5.445100000000000051e+01	5.440500000000000114e+01	5.456499999999999773e+01	5.474900000000000233e+01	5.497699999999999676e+01	5.500000000000000000e+01	5.557300000000000040e+01	5.520600000000000307e+01	5.614500000000000313e+01	5.603000000000000114e+01	5.614500000000000313e+01	5.618999999999999773e+01	5.651100000000000279e+01	5.655700000000000216e+01	5.664800000000000324e+01	5.667099999999999937e+01	5.644200000000000017e+01	5.687700000000000244e+01	5.696900000000000119e+01	5.763199999999999790e+01	5.770100000000000051e+01	5.797599999999999909e+01	5.886800000000000210e+01	5.870799999999999841e+01	5.932600000000000051e+01	5.953199999999999648e+01	5.964699999999999847e+01	5.957800000000000296e+01	5.992099999999999937e+01	6.037899999999999778e+01	6.108899999999999864e+01	6.106600000000000250e+01	6.104299999999999926e+01	6.120300000000000296e+01	6.156900000000000261e+01	6.179800000000000182e+01	6.223299999999999699e+01	6.218699999999999761e+01	6.221000000000000085e+01	6.248499999999999943e+01	6.259899999999999665e+01	6.287400000000000233e+01	6.326299999999999812e+01	6.374399999999999977e+01	6.415600000000000591e+01	6.449899999999999523e+01	6.498000000000000398e+01	6.545999999999999375e+01	6.582599999999999341e+01	6.772599999999999909e+01	6.829800000000000182e+01	6.957999999999999829e+01	7.003799999999999670e+01	7.099899999999999523e+01	7.383700000000000330e+01	7.463800000000000523e+01	7.576000000000000512e+01	7.683599999999999852e+01	7.935299999999999443e+01	8.035999999999999943e+01	8.177899999999999636e+01	8.324399999999999977e+01	8.498399999999999466e+01	8.637999999999999545e+01	8.828000000000000114e+01	9.086599999999999966e+01	9.256000000000000227e+01	9.436799999999999500e+01	9.679399999999999693e+01	9.876300000000000523e+01	1.007999999999999972e+02	1.024929999999999950e+02	1.045759999999999934e+02	1.070250000000000057e+02	1.085360000000000014e+02	1.104579999999999984e+02	1.125639999999999930e+02	1.143490000000000038e+02	1.166839999999999975e+02	1.178739999999999952e+02	1.193850000000000051e+02	1.203460000000000036e+02	1.212390000000000043e+02	1.221539999999999964e+02	1.229099999999999966e+02	1.233439999999999941e+02	1.250150000000000006e+02	1.255870000000000033e+02	1.266860000000000070e+02	1.336899999999999977e+02	1.367800000000000011e+02	1.367570000000000050e+02	1.370320000000000107e+02	1.371690000000000111e+02	1.381069999999999993e+02	1.381990000000000123e+02	1.373979999999999961e+02	1.379240000000000066e+02	1.387019999999999982e+02	1.386109999999999900e+02	1.392520000000000095e+02	1.392520000000000095e+02	1.398930000000000007e+02	1.395029999999999859e+02	1.403050000000000068e+02	1.405790000000000077e+02	1.405109999999999957e+02	1.413120000000000118e+02	1.411059999999999945e+02	1.415629999999999882e+02	1.414029999999999916e+02	1.407849999999999966e+02	1.416090000000000089e+02	1.416550000000000011e+02	1.416090000000000089e+02	1.409000000000000057e+02	1.416090000000000089e+02	1.415860000000000127e+02	1.413799999999999955e+02	1.420670000000000073e+02	1.416779999999999973e+02	1.420440000000000111e+02	1.417239999999999895e+02	1.421129999999999995e+02	1.428449999999999989e+02	1.432110000000000127e+02	1.444019999999999868e+02	1.437839999999999918e+02	1.434629999999999939e+02	1.443559999999999945e+02	1.432340000000000089e+02	1.441270000000000095e+02	1.425250000000000057e+02	1.431200000000000045e+02	1.433259999999999934e+02	1.455459999999999923e+02	1.454540000000000077e+02	1.452940000000000111e+02	1.450879999999999939e+02	1.446759999999999877e+02
0.000000000000000000e+00	2.764889999999999759e+02	2.553629999999999995e+02	2.367549999999999955e+02	2.191090000000000089e+02	2.034759999999999991e+02	1.894679999999999893e+02	1.771090000000000089e+02	1.686860000000000070e+02	1.633990000000000009e+02	1.578600000000000136e+02	1.533050000000000068e+02	1.494370000000000118e+02	1.465759999999999934e+02	1.438520000000000039e+02	1.421129999999999995e+02	1.403269999999999982e+02	1.387940000000000111e+02	1.374660000000000082e+02	1.363679999999999950e+02	1.353839999999999861e+02	1.348340000000000032e+02	1.343309999999999889e+02	1.341020000000000039e+02	1.335529999999999973e+02	1.330949999999999989e+02	1.328199999999999932e+02	1.322940000000000111e+02	1.321330000000000098e+02	1.318590000000000089e+02	1.315610000000000070e+02	1.314240000000000066e+02	1.311949999999999932e+02	1.310349999999999966e+02	1.310809999999999889e+02	1.311490000000000009e+02	1.311719999999999970e+02	1.312410000000000139e+02	1.314699999999999989e+02	1.316299999999999955e+02	1.322709999999999866e+02	1.324540000000000077e+02	1.326140000000000043e+02	1.327969999999999970e+02	1.329799999999999898e+02	1.330949999999999989e+02	1.335070000000000050e+02	1.338499999999999943e+02	1.338499999999999943e+02	1.342160000000000082e+02	1.343079999999999927e+02	1.345140000000000100e+02	1.349490000000000123e+02	1.352460000000000093e+02	1.355900000000000034e+02	1.360020000000000095e+02	1.361160000000000139e+02	1.363679999999999950e+02	1.366649999999999920e+02	1.368940000000000055e+02	1.369859999999999900e+02	1.373520000000000039e+02	1.376270000000000095e+02	1.378329999999999984e+02	1.387940000000000111e+02	1.390000000000000000e+02	1.392290000000000134e+02	1.394350000000000023e+02	1.397779999999999916e+02	1.400529999999999973e+02	1.401210000000000093e+02	1.404420000000000073e+02	1.405109999999999957e+02	1.408079999999999927e+02	1.410829999999999984e+02	1.411510000000000105e+02	1.414029999999999916e+02	1.416320000000000050e+02	1.417470000000000141e+02	1.420670000000000073e+02	1.422040000000000077e+02	1.424099999999999966e+02	1.426160000000000139e+02	1.427990000000000066e+02	1.427990000000000066e+02	1.430970000000000084e+02	1.433259999999999934e+02	1.433720000000000141e+02	1.437150000000000034e+02	1.439670000000000130e+02	1.440809999999999889e+02	1.443100000000000023e+02	1.444019999999999868e+02	1.446529999999999916e+02	1.448590000000000089e+02	1.449970000000000141e+02	1.450649999999999977e+02	1.452940000000000111e+02	1.454089999999999918e+02	1.454770000000000039e+02	1.457059999999999889e+02	1.459350000000000023e+02	1.460490000000000066e+02	1.462779999999999916e+02	1.464159999999999968e+02	1.464840000000000089e+02	1.467359999999999900e+02	1.468959999999999866e+02	1.469420000000000073e+02	1.471479999999999961e+02	1.473079999999999927e+02	1.474230000000000018e+02	1.476289999999999907e+02	1.479259999999999877e+02	1.479490000000000123e+02	1.480409999999999968e+02	1.481779999999999973e+02	1.482930000000000064e+02	1.483379999999999939e+02	1.485209999999999866e+02	1.486819999999999879e+02	1.487729999999999961e+02	1.488650000000000091e+02	1.489559999999999889e+02	1.491620000000000061e+02	1.492769999999999868e+02	1.493000000000000114e+02	1.494139999999999873e+02	1.495509999999999877e+02	1.495970000000000084e+02	1.497340000000000089e+02	1.498029999999999973e+02	1.498259999999999934e+02	1.499859999999999900e+02	1.500550000000000068e+02	1.500550000000000068e+02	1.502150000000000034e+02	1.502150000000000034e+02	1.502150000000000034e+02	1.503979999999999961e+02	1.504439999999999884e+02	1.504439999999999884e+02	1.506730000000000018e+02	1.507189999999999941e+02	1.509019999999999868e+02	1.509929999999999950e+02	1.510389999999999873e+02	1.510389999999999873e+02	1.510850000000000080e+02	1.512220000000000084e+02	1.511990000000000123e+02	1.512909999999999968e+02	1.513600000000000136e+02	1.513600000000000136e+02	1.514279999999999973e+02	1.514739999999999895e+02	1.514509999999999934e+02	1.515200000000000102e+02	1.515430000000000064e+02	1.515200000000000102e+02	1.516109999999999900e+02	1.516339999999999861e+02	1.517030000000000030e+02	1.518400000000000034e+02	1.519319999999999879e+02	1.518170000000000073e+02	1.519780000000000086e+02	1.520229999999999961e+02	1.520920000000000130e+02	1.522290000000000134e+02	1.522750000000000057e+02	1.521839999999999975e+02	1.523209999999999980e+02	1.523439999999999941e+02	1.522980000000000018e+02	1.524579999999999984e+02	1.525730000000000075e+02	1.525960000000000036e+02	1.525730000000000075e+02	1.526870000000000118e+02	1.527100000000000080e+02	1.528470000000000084e+02	1.528470000000000084e+02	1.528240000000000123e+02	1.529389999999999930e+02	1.530300000000000011e+02	1.530300000000000011e+02	1.531220000000000141e+02	1.531450000000000102e+02	1.531680000000000064e+02
1.000000000000000000e+00	2.166819999999999879e+02	1.965869999999999891e+02	1.781160000000000139e+02	1.646800000000000068e+02	1.499859999999999900e+02	1.376040000000000134e+02	1.263889999999999958e+02	1.185379999999999967e+02	1.124270000000000067e+02	1.073460000000000036e+02	1.030430000000000064e+02	1.000439999999999969e+02	9.741200000000000614e+01	9.493999999999999773e+01	9.299500000000000455e+01	9.120900000000000318e+01	8.951600000000000534e+01	8.747899999999999920e+01	8.518999999999999773e+01	8.312999999999999545e+01	8.123000000000000398e+01	7.919299999999999784e+01	7.763700000000000045e+01	7.642400000000000659e+01	7.484399999999999409e+01	7.335699999999999932e+01	7.244100000000000250e+01	7.195999999999999375e+01	7.127400000000000091e+01	7.067900000000000205e+01	7.008400000000000318e+01	6.978600000000000136e+01	6.937399999999999523e+01	6.880200000000000671e+01	6.891599999999999682e+01	6.882500000000000284e+01	6.873300000000000409e+01	6.882500000000000284e+01	6.912199999999999989e+01	6.900799999999999557e+01	6.919100000000000250e+01	6.935099999999999909e+01	6.969499999999999318e+01	6.948900000000000432e+01	6.971699999999999875e+01	7.026699999999999591e+01	7.024399999999999977e+01	7.047299999999999898e+01	7.040399999999999636e+01	7.047299999999999898e+01	7.076999999999999602e+01	7.118200000000000216e+01	7.104500000000000171e+01	7.202899999999999636e+01	7.198300000000000409e+01	7.253300000000000125e+01	7.273900000000000432e+01	7.276200000000000045e+01	7.305899999999999750e+01	7.321899999999999409e+01	7.324200000000000443e+01	7.367700000000000671e+01	7.399699999999999989e+01	7.477599999999999625e+01	7.559999999999999432e+01	7.605700000000000216e+01	7.624099999999999966e+01	7.701900000000000546e+01	7.779699999999999704e+01	7.818600000000000705e+01	7.955899999999999750e+01	7.990300000000000580e+01	8.061199999999999477e+01	8.136700000000000443e+01	8.196299999999999386e+01	8.260299999999999443e+01	8.349599999999999511e+01	8.429699999999999704e+01	8.516700000000000159e+01	8.594499999999999318e+01	8.699800000000000466e+01	8.834799999999999898e+01	8.976699999999999591e+01	9.111799999999999500e+01	9.278900000000000148e+01	9.471099999999999852e+01	9.661100000000000421e+01	9.883100000000000307e+01	1.013029999999999973e+02	1.037289999999999992e+02	1.062009999999999934e+02	1.093599999999999994e+02	1.125870000000000033e+02	1.157459999999999951e+02	1.195909999999999940e+02	1.232069999999999936e+02	1.262740000000000009e+02	1.295240000000000009e+02	1.326829999999999927e+02	1.360929999999999893e+02	1.390000000000000000e+02	1.418609999999999900e+02	1.444699999999999989e+02	1.471479999999999961e+02	1.497119999999999891e+02	1.522290000000000134e+02	1.544950000000000045e+02	1.565780000000000030e+02	1.580200000000000102e+02	1.587980000000000018e+02	1.597820000000000107e+02	1.608350000000000080e+02	1.620250000000000057e+02	1.625519999999999925e+02	1.632839999999999918e+02	1.637419999999999902e+02	1.647719999999999914e+02	1.653209999999999980e+02	1.659850000000000136e+02	1.665339999999999918e+02	1.682280000000000086e+02	1.689379999999999882e+02	1.702880000000000109e+02	1.710889999999999986e+02	1.718439999999999941e+02	1.724619999999999891e+02	1.730579999999999927e+02	1.739730000000000132e+02	1.750949999999999989e+02	1.757350000000000136e+02	1.766740000000000066e+02	1.775440000000000111e+02	1.782299999999999898e+02	1.796040000000000134e+02	1.805190000000000055e+02	1.812520000000000095e+02	1.822359999999999900e+02	1.829219999999999970e+02	1.837009999999999934e+02	1.846390000000000100e+02	1.855320000000000107e+02	1.861949999999999932e+02	1.870879999999999939e+02	1.880039999999999907e+02	1.887129999999999939e+02	1.897199999999999989e+02	1.905209999999999866e+02	1.912990000000000066e+02	1.922150000000000034e+02	1.930850000000000080e+02	1.938170000000000073e+02	1.947779999999999916e+02	1.955109999999999957e+02	1.963810000000000002e+02	1.971589999999999918e+02	1.976850000000000023e+02	1.984180000000000064e+02	1.991730000000000018e+02	1.999050000000000011e+02	2.003170000000000073e+02	2.010039999999999907e+02	2.016680000000000064e+02	2.020569999999999879e+02	2.026519999999999868e+02	2.029950000000000045e+02	2.033619999999999948e+02	2.038650000000000091e+02	2.043460000000000036e+02	2.046200000000000045e+02	2.053990000000000009e+02	2.058789999999999907e+02	2.060850000000000080e+02	2.065889999999999986e+02	2.070010000000000048e+02	2.073899999999999864e+02	2.078700000000000045e+02	2.083050000000000068e+02	2.086490000000000009e+02	2.090610000000000070e+02	2.094730000000000132e+02	2.097930000000000064e+02	2.103650000000000091e+02	2.106399999999999864e+02	2.110060000000000002e+02	2.114410000000000025e+02	2.118760000000000048e+02	2.121730000000000018e+02	2.127460000000000093e+02	2.131119999999999948e+02
1.000000000000000000e+00	3.095860000000000127e+02	2.950520000000000209e+02	2.805400000000000205e+02	2.671510000000000105e+02	2.548139999999999930e+02	2.436220000000000141e+02	2.330469999999999970e+02	2.233429999999999893e+02	2.145310000000000059e+02	2.061310000000000002e+02	1.985550000000000068e+02	1.917110000000000127e+02	1.854859999999999900e+02	1.801299999999999955e+02	1.756210000000000093e+02	1.715469999999999970e+02	1.682510000000000048e+02	1.656649999999999920e+02	1.632160000000000082e+02	1.612009999999999934e+02	1.593480000000000132e+02	1.578369999999999891e+02	1.564410000000000025e+02	1.551359999999999957e+02	1.540370000000000061e+02	1.530989999999999895e+02	1.522520000000000095e+02	1.515879999999999939e+02	1.509929999999999950e+02	1.503300000000000125e+02	1.500550000000000068e+02	1.495740000000000123e+02	1.492539999999999907e+02	1.490939999999999941e+02	1.490709999999999980e+02	1.487959999999999923e+02	1.487500000000000000e+02	1.488650000000000091e+02	1.487500000000000000e+02	1.487729999999999961e+02	1.487959999999999923e+02	1.488420000000000130e+02	1.489559999999999889e+02	1.490480000000000018e+02	1.490250000000000057e+02	1.490480000000000018e+02	1.491169999999999902e+02	1.490020000000000095e+02	1.491620000000000061e+02	1.492769999999999868e+02	1.493909999999999911e+02	1.495740000000000123e+02	1.497340000000000089e+02	1.498489999999999895e+02	1.502150000000000034e+02	1.503069999999999879e+02	1.504439999999999884e+02	1.506500000000000057e+02	1.507870000000000061e+02	1.509699999999999989e+02	1.511990000000000123e+02	1.513820000000000050e+02	1.515660000000000025e+02	1.517719999999999914e+02	1.519319999999999879e+02	1.520459999999999923e+02	1.523209999999999980e+02	1.524579999999999984e+02	1.526639999999999873e+02	1.528240000000000123e+02	1.529850000000000136e+02	1.531220000000000141e+02	1.533739999999999952e+02	1.535109999999999957e+02	1.536479999999999961e+02	1.538540000000000134e+02	1.539459999999999980e+02	1.540829999999999984e+02	1.541980000000000075e+02	1.544039999999999964e+02	1.544490000000000123e+02	1.546330000000000098e+02	1.547930000000000064e+02	1.549070000000000107e+02	1.551589999999999918e+02	1.553189999999999884e+02	1.554110000000000014e+02	1.555480000000000018e+02	1.556399999999999864e+02	1.558000000000000114e+02	1.558689999999999998e+02	1.560060000000000002e+02	1.560289999999999964e+02	1.562580000000000098e+02	1.563489999999999895e+02	1.564410000000000025e+02	1.565780000000000030e+02	1.566699999999999875e+02	1.567150000000000034e+02	1.568979999999999961e+02	1.570360000000000014e+02	1.571270000000000095e+02	1.572189999999999941e+02	1.573329999999999984e+02	1.571270000000000095e+02	1.574019999999999868e+02	1.575389999999999873e+02	1.576769999999999925e+02	1.579279999999999973e+02	1.580889999999999986e+02	1.583629999999999995e+02	1.587069999999999936e+02	1.590730000000000075e+02	1.594619999999999891e+02	1.601490000000000009e+02	1.608120000000000118e+02	1.616129999999999995e+02	1.625749999999999886e+02	1.638569999999999993e+02	1.654130000000000109e+02	1.673580000000000041e+02	1.696239999999999952e+02	1.724850000000000136e+02	1.756210000000000093e+02	1.792829999999999870e+02	1.834029999999999916e+02	1.878890000000000100e+02	1.929240000000000066e+02	1.983950000000000102e+02	2.037510000000000048e+02	2.097239999999999895e+02	2.154459999999999980e+02	2.211690000000000111e+02	2.268220000000000027e+02	2.322690000000000055e+02	2.373280000000000030e+02	2.420430000000000064e+02	2.465060000000000002e+02	2.505109999999999957e+02	2.542189999999999941e+02	2.576979999999999791e+02	2.608109999999999786e+02	2.636949999999999932e+02	2.662810000000000059e+02	2.686159999999999854e+02	2.708129999999999882e+02	2.727810000000000059e+02	2.745670000000000073e+02	2.762830000000000155e+02	2.778170000000000073e+02	2.791899999999999977e+02	2.804719999999999800e+02	2.817080000000000268e+02	2.827839999999999918e+02	2.837909999999999968e+02	2.848430000000000177e+02	2.857590000000000146e+02	2.865830000000000268e+02	2.874529999999999745e+02	2.881619999999999777e+02	2.888489999999999895e+02	2.896499999999999773e+02	2.902909999999999968e+02	2.910230000000000246e+02	2.915500000000000114e+02	2.920299999999999727e+02	2.926709999999999923e+02	2.931979999999999791e+02	2.937470000000000141e+02	2.941820000000000164e+02	2.946619999999999777e+02	2.951200000000000045e+02	2.956469999999999914e+02	2.961270000000000095e+02	2.965389999999999873e+02	2.970199999999999818e+02	2.975230000000000246e+02	2.979350000000000023e+02	2.984159999999999968e+02	2.991490000000000009e+02	2.995380000000000109e+02	2.999730000000000132e+02	3.003159999999999741e+02	3.008190000000000168e+02	3.011399999999999864e+02	3.014599999999999795e+02	3.018039999999999736e+02	3.022379999999999995e+02	3.026279999999999859e+02
1.000000000000000000e+00	2.919850000000000136e+02	2.617950000000000159e+02	2.333679999999999950e+02	2.088779999999999859e+02	1.871570000000000107e+02	1.691889999999999930e+02	1.544490000000000123e+02	1.446759999999999877e+02	1.357500000000000000e+02	1.279680000000000035e+02	1.216959999999999980e+02	1.166610000000000014e+02	1.113509999999999991e+02	1.086500000000000057e+02	1.054920000000000044e+02	1.031800000000000068e+02	1.013029999999999973e+02	9.972400000000000375e+01	9.818999999999999773e+01	9.695399999999999352e+01	9.599299999999999500e+01	9.489400000000000546e+01	9.384199999999999875e+01	9.287999999999999545e+01	9.214799999999999613e+01	9.159900000000000375e+01	9.107200000000000273e+01	9.114100000000000534e+01	9.075199999999999534e+01	9.045399999999999352e+01	9.029399999999999693e+01	9.043099999999999739e+01	9.047700000000000387e+01	9.059099999999999397e+01	9.059099999999999397e+01	9.072899999999999920e+01	9.093500000000000227e+01	9.111799999999999500e+01	9.178199999999999648e+01	9.194199999999999307e+01	9.221599999999999397e+01	9.258299999999999841e+01	9.290300000000000580e+01	9.322400000000000375e+01	9.347499999999999432e+01	9.379600000000000648e+01	9.418500000000000227e+01	9.448199999999999932e+01	9.512300000000000466e+01	9.535200000000000387e+01	9.583299999999999841e+01	9.617600000000000193e+01	9.658799999999999386e+01	9.681699999999999307e+01	9.720600000000000307e+01	9.745799999999999841e+01	9.798399999999999466e+01	9.825900000000000034e+01	9.857899999999999352e+01	9.901399999999999579e+01	9.960899999999999466e+01	1.001129999999999995e+02	1.006389999999999958e+02	1.011889999999999930e+02	1.016239999999999952e+02	1.023100000000000023e+02	1.029279999999999973e+02	1.036149999999999949e+02	1.043700000000000045e+02	1.051029999999999944e+02	1.058349999999999937e+02	1.070019999999999953e+02	1.080319999999999965e+02	1.092000000000000028e+02	1.104129999999999967e+02	1.117630000000000052e+02	1.142120000000000033e+02	1.156539999999999964e+02	1.173930000000000007e+02	1.192019999999999982e+02	1.212620000000000005e+02	1.237560000000000002e+02	1.263199999999999932e+02	1.291810000000000116e+02	1.324540000000000077e+02	1.360240000000000009e+02	1.395029999999999859e+02	1.434859999999999900e+02	1.475829999999999984e+02	1.518859999999999957e+02	1.563720000000000141e+02	1.612700000000000102e+02	1.660080000000000098e+02	1.706769999999999925e+02	1.755070000000000050e+02	1.801299999999999955e+02	1.846390000000000100e+02	1.897199999999999989e+02	1.940000000000000000e+02	1.983259999999999934e+02	2.021709999999999923e+02	2.061080000000000041e+02	2.108689999999999998e+02	2.141879999999999882e+02	2.170720000000000027e+02	2.199550000000000125e+02	2.220610000000000070e+02	2.249219999999999970e+02	2.271649999999999920e+02	2.292709999999999866e+02	2.315370000000000061e+02	2.322690000000000055e+02	2.339170000000000016e+02	2.356109999999999900e+02	2.362290000000000134e+02	2.381740000000000066e+02	2.388839999999999861e+02	2.395709999999999980e+02	2.401889999999999930e+02	2.407379999999999995e+02	2.416759999999999877e+02	2.420879999999999939e+02	2.445140000000000100e+02	2.446980000000000075e+02	2.454530000000000030e+02	2.463909999999999911e+02	2.466889999999999930e+02	2.471920000000000073e+02	2.475130000000000052e+02	2.480159999999999911e+02	2.489089999999999918e+02	2.495039999999999907e+02	2.500989999999999895e+02	2.503509999999999991e+02	2.501680000000000064e+02	2.508089999999999975e+02	2.511289999999999907e+02	2.510829999999999984e+02	2.516100000000000136e+02	2.517470000000000141e+02	2.517470000000000141e+02	2.516560000000000059e+02	2.516779999999999973e+02	2.522740000000000009e+02	2.524110000000000014e+02	2.525939999999999941e+02	2.526399999999999864e+02	2.523189999999999884e+02	2.526860000000000070e+02	2.528919999999999959e+02	2.525480000000000018e+02	2.529139999999999873e+02	2.532119999999999891e+02	2.518839999999999861e+02	2.512889999999999873e+02	2.519070000000000107e+02	2.513120000000000118e+02	2.511750000000000114e+02	2.517009999999999934e+02	2.513810000000000002e+02	2.512889999999999873e+02	2.516779999999999973e+02	2.515639999999999930e+02	2.513120000000000118e+02	2.511289999999999907e+02	2.510829999999999984e+02	2.525709999999999980e+02	2.519530000000000030e+02	2.529830000000000041e+02	2.532119999999999891e+02	2.523650000000000091e+02	2.526860000000000070e+02	2.520219999999999914e+02	2.523189999999999884e+02	2.519989999999999952e+02	2.516779999999999973e+02	2.520219999999999914e+02	2.528460000000000036e+02	2.525480000000000018e+02	2.519989999999999952e+02	2.525020000000000095e+02	2.523650000000000091e+02	2.527539999999999907e+02	2.524569999999999936e+02	2.525709999999999980e+02	2.524569999999999936e+02	2.530749999999999886e+02	2.525939999999999941e+02	2.522959999999999923e+02
1.000000000000000000e+00	3.439409999999999741e+02	3.072970000000000255e+02	2.746120000000000232e+02	2.480159999999999911e+02	2.263870000000000005e+02	2.074579999999999984e+02	1.912309999999999945e+02	1.776349999999999909e+02	1.663969999999999914e+02	1.559830000000000041e+02	1.475829999999999984e+02	1.394120000000000061e+02	1.310120000000000005e+02	1.230699999999999932e+02	1.154710000000000036e+02	1.086269999999999953e+02	1.023559999999999945e+02	9.750400000000000489e+01	9.329200000000000159e+01	8.965300000000000580e+01	8.697499999999999432e+01	8.418300000000000693e+01	8.189400000000000546e+01	7.997100000000000364e+01	7.855200000000000671e+01	7.710999999999999943e+01	7.603499999999999659e+01	7.537099999999999511e+01	7.468399999999999750e+01	7.427200000000000557e+01	7.370000000000000284e+01	7.363100000000000023e+01	7.308199999999999363e+01	7.319599999999999795e+01	7.289900000000000091e+01	7.319599999999999795e+01	7.337999999999999545e+01	7.317400000000000659e+01	7.326500000000000057e+01	7.337999999999999545e+01	7.326500000000000057e+01	7.466100000000000136e+01	7.463800000000000523e+01	7.434099999999999397e+01	7.434099999999999397e+01	7.456999999999999318e+01	7.518800000000000239e+01	7.548499999999999943e+01	7.555400000000000205e+01	7.566800000000000637e+01	7.594299999999999784e+01	7.665300000000000580e+01	7.699599999999999511e+01	7.740800000000000125e+01	7.768200000000000216e+01	7.770499999999999829e+01	7.841500000000000625e+01	7.864400000000000546e+01	7.873499999999999943e+01	7.917000000000000171e+01	7.953600000000000136e+01	7.932999999999999829e+01	7.962800000000000011e+01	7.953600000000000136e+01	7.992600000000000193e+01	7.969700000000000273e+01	8.017700000000000671e+01	8.113899999999999579e+01	8.113899999999999579e+01	8.171099999999999852e+01	8.155100000000000193e+01	8.164199999999999591e+01	8.235200000000000387e+01	8.312999999999999545e+01	8.306100000000000705e+01	8.422899999999999920e+01	8.418300000000000693e+01	8.470900000000000318e+01	8.491500000000000625e+01	8.505200000000000671e+01	8.562500000000000000e+01	8.592199999999999704e+01	8.608199999999999363e+01	8.578499999999999659e+01	8.587600000000000477e+01	8.647199999999999420e+01	8.621999999999999886e+01	8.610500000000000398e+01	8.596800000000000352e+01	8.583100000000000307e+01	8.601399999999999579e+01	8.615099999999999625e+01	8.642600000000000193e+01	8.647199999999999420e+01	8.651699999999999591e+01	8.658599999999999852e+01	8.672299999999999898e+01	8.688400000000000034e+01	8.706699999999999307e+01	8.729600000000000648e+01	8.747899999999999920e+01	8.745600000000000307e+01	8.756999999999999318e+01	8.791400000000000148e+01	8.789100000000000534e+01	8.850900000000000034e+01	8.850900000000000034e+01	8.878300000000000125e+01	8.885200000000000387e+01	8.905800000000000693e+01	8.910399999999999920e+01	8.903499999999999659e+01	8.882899999999999352e+01	8.880599999999999739e+01	8.914900000000000091e+01	8.882899999999999352e+01	8.942400000000000659e+01	8.974500000000000455e+01	8.974500000000000455e+01	8.981300000000000239e+01	9.027100000000000080e+01	9.024800000000000466e+01	9.065999999999999659e+01	9.091200000000000614e+01	9.118699999999999761e+01	9.157599999999999341e+01	9.173600000000000421e+01	9.194199999999999307e+01	9.246800000000000352e+01	9.258299999999999841e+01	9.281199999999999761e+01	9.313200000000000500e+01	9.329200000000000159e+01	9.390999999999999659e+01	9.434499999999999886e+01	9.473399999999999466e+01	9.509999999999999432e+01	9.558100000000000307e+01	9.603900000000000148e+01	9.681699999999999307e+01	9.748099999999999454e+01	9.821299999999999386e+01	9.901399999999999579e+01	9.990699999999999648e+01	1.008910000000000053e+02	1.019210000000000065e+02	1.033629999999999995e+02	1.051020000000000039e+02	1.068880000000000052e+02	1.092000000000000028e+02	1.117630000000000052e+02	1.141659999999999968e+02	1.167530000000000001e+02	1.196359999999999957e+02	1.226809999999999974e+02	1.260000000000000000e+02	1.294099999999999966e+02	1.332090000000000032e+02	1.370769999999999982e+02	1.410140000000000100e+02	1.449970000000000141e+02	1.485209999999999866e+02	1.523669999999999902e+02	1.563489999999999895e+02	1.604459999999999980e+02	1.645660000000000025e+02	1.685260000000000105e+02	1.724170000000000016e+02	1.763760000000000048e+02	1.795120000000000005e+02	1.829000000000000057e+02	1.864699999999999989e+02	1.898580000000000041e+02	1.930159999999999911e+02	1.961750000000000114e+02	1.989439999999999884e+02	2.016450000000000102e+02	2.043230000000000075e+02	2.069550000000000125e+02	2.094039999999999964e+02	2.118069999999999879e+02	2.139360000000000070e+02	2.166599999999999966e+02	2.187419999999999902e+02	2.210769999999999982e+02	2.230219999999999914e+02	2.246699999999999875e+02	2.269590000000000032e+02	2.287669999999999959e+02
0.000000000000000000e+00	1.997680000000000007e+02	1.823959999999999866e+02	1.662139999999999986e+02	1.518629999999999995e+02	1.392290000000000134e+02	1.279680000000000035e+02	1.187210000000000036e+02	1.115570000000000022e+02	1.064300000000000068e+02	1.023559999999999945e+02	9.896899999999999409e+01	9.599299999999999500e+01	9.356699999999999307e+01	9.148399999999999466e+01	8.937800000000000011e+01	8.711199999999999477e+01	8.500700000000000500e+01	8.299299999999999500e+01	8.100100000000000477e+01	7.919299999999999784e+01	7.756799999999999784e+01	7.617199999999999704e+01	7.486700000000000443e+01	7.342499999999999716e+01	7.255599999999999739e+01	7.154800000000000182e+01	7.067900000000000205e+01	7.001500000000000057e+01	6.928300000000000125e+01	6.873300000000000409e+01	6.827500000000000568e+01	6.781799999999999784e+01	6.729099999999999682e+01	6.710800000000000409e+01	6.697100000000000364e+01	6.665000000000000568e+01	6.658199999999999363e+01	6.637600000000000477e+01	6.635299999999999443e+01	6.639900000000000091e+01	6.635299999999999443e+01	6.630700000000000216e+01	6.653600000000000136e+01	6.559799999999999898e+01	6.507099999999999795e+01	6.484199999999999875e+01	6.465900000000000603e+01	6.449899999999999523e+01	6.431600000000000250e+01	6.447599999999999909e+01	6.426999999999999602e+01	6.454500000000000171e+01	6.463599999999999568e+01	6.456799999999999784e+01	6.461299999999999955e+01	6.475100000000000477e+01	6.479600000000000648e+01	6.493399999999999750e+01	6.514000000000000057e+01	6.523099999999999454e+01	6.534600000000000364e+01	6.578100000000000591e+01	6.573499999999999943e+01	6.614700000000000557e+01	6.614700000000000557e+01	6.580400000000000205e+01	6.575799999999999557e+01	6.573499999999999943e+01	6.557500000000000284e+01	6.564300000000000068e+01	6.596399999999999864e+01	6.601000000000000512e+01	6.612399999999999523e+01	6.623799999999999955e+01	6.626099999999999568e+01	6.635299999999999443e+01	6.648999999999999488e+01	6.667300000000000182e+01	6.685599999999999454e+01	6.729099999999999682e+01	6.738299999999999557e+01	6.735999999999999943e+01	6.770300000000000296e+01	6.772599999999999909e+01	6.795499999999999829e+01	6.795499999999999829e+01	6.809199999999999875e+01	6.811499999999999488e+01	6.823000000000000398e+01	6.832099999999999795e+01	6.832099999999999795e+01	6.848099999999999454e+01	6.848099999999999454e+01	6.880200000000000671e+01	6.932800000000000296e+01	6.948900000000000432e+01	6.971699999999999875e+01	6.992300000000000182e+01	6.994599999999999795e+01	7.024399999999999977e+01	7.038100000000000023e+01	7.047299999999999898e+01	7.086199999999999477e+01	7.093000000000000682e+01	7.093000000000000682e+01	7.115900000000000603e+01	7.134199999999999875e+01	7.138800000000000523e+01	7.205200000000000671e+01	7.214400000000000546e+01	7.239499999999999602e+01	7.244100000000000250e+01	7.267000000000000171e+01	7.271599999999999397e+01	7.294499999999999318e+01	7.315099999999999625e+01	7.331100000000000705e+01	7.335699999999999932e+01	7.354000000000000625e+01	7.360800000000000409e+01	7.358599999999999852e+01	7.388299999999999557e+01	7.385999999999999943e+01	7.374599999999999511e+01	7.406600000000000250e+01	7.452400000000000091e+01	7.463800000000000523e+01	7.479900000000000659e+01	7.500499999999999545e+01	7.516500000000000625e+01	7.525600000000000023e+01	7.523300000000000409e+01	7.555400000000000205e+01	7.569100000000000250e+01	7.580599999999999739e+01	7.592000000000000171e+01	7.605700000000000216e+01	7.605700000000000216e+01	7.619499999999999318e+01	7.640099999999999625e+01	7.649200000000000443e+01	7.642400000000000659e+01	7.674399999999999977e+01	7.685899999999999466e+01	7.697299999999999898e+01	7.701900000000000546e+01	7.701900000000000546e+01	7.722499999999999432e+01	7.727100000000000080e+01	7.738500000000000512e+01	7.749899999999999523e+01	7.752200000000000557e+01	7.772799999999999443e+01	7.784300000000000352e+01	7.795699999999999363e+01	7.795699999999999363e+01	7.807200000000000273e+01	7.816299999999999670e+01	7.829999999999999716e+01	7.836899999999999977e+01	7.850600000000000023e+01	7.857500000000000284e+01	7.878100000000000591e+01	7.891800000000000637e+01	7.894100000000000250e+01	7.905599999999999739e+01	7.919299999999999784e+01	7.930800000000000693e+01	7.976500000000000057e+01	7.983400000000000318e+01	8.008599999999999852e+01	8.010899999999999466e+01	8.031499999999999773e+01	8.040600000000000591e+01	8.061199999999999477e+01	8.061199999999999477e+01	8.072700000000000387e+01	8.086400000000000432e+01	8.097799999999999443e+01	8.111599999999999966e+01	8.127599999999999625e+01	8.143600000000000705e+01	8.159600000000000364e+01	8.134499999999999886e+01	8.171099999999999852e+01	8.187099999999999511e+01	8.209999999999999432e+01	8.219100000000000250e+01	8.230599999999999739e+01
0.000000000000000000e+00	2.056049999999999898e+02	1.850970000000000084e+02	1.641999999999999886e+02	1.474910000000000139e+02	1.316529999999999916e+02	1.199800000000000040e+02	1.083760000000000048e+02	1.003880000000000052e+02	9.452800000000000580e+01	8.992799999999999727e+01	8.599099999999999966e+01	8.264900000000000091e+01	7.999399999999999977e+01	7.733899999999999864e+01	7.482099999999999795e+01	7.209799999999999898e+01	6.967199999999999704e+01	6.745099999999999341e+01	6.548300000000000409e+01	6.372099999999999653e+01	6.241599999999999682e+01	6.140899999999999892e+01	6.031000000000000227e+01	5.944100000000000250e+01	5.850200000000000244e+01	5.829599999999999937e+01	5.781600000000000250e+01	5.811299999999999955e+01	5.770100000000000051e+01	5.772399999999999665e+01	5.724300000000000210e+01	5.760999999999999943e+01	5.721999999999999886e+01	5.724300000000000210e+01	5.721999999999999886e+01	5.758700000000000330e+01	5.699199999999999733e+01	5.760999999999999943e+01	5.792999999999999972e+01	5.760999999999999943e+01	5.783800000000000097e+01	5.825000000000000000e+01	5.774699999999999989e+01	5.797599999999999909e+01	5.811299999999999955e+01	5.806700000000000017e+01	5.804399999999999693e+01	5.799900000000000233e+01	5.767799999999999727e+01	5.818200000000000216e+01	5.820499999999999829e+01	5.788400000000000034e+01	5.802199999999999847e+01	5.795300000000000296e+01	5.749499999999999744e+01	5.859400000000000119e+01	5.836500000000000199e+01	5.790699999999999648e+01	5.831900000000000261e+01	5.792999999999999972e+01	5.779299999999999926e+01	5.783800000000000097e+01	5.845600000000000307e+01	5.843399999999999750e+01	5.854800000000000182e+01	5.843399999999999750e+01	5.859400000000000119e+01	5.889099999999999824e+01	5.845600000000000307e+01	5.907399999999999807e+01	5.909700000000000131e+01	5.909700000000000131e+01	5.905199999999999960e+01	5.916599999999999682e+01	5.946399999999999864e+01	5.962400000000000233e+01	5.978399999999999892e+01	5.976100000000000279e+01	5.877700000000000102e+01	5.886800000000000210e+01	5.882300000000000040e+01	5.893699999999999761e+01	5.847899999999999920e+01	5.854800000000000182e+01	5.850200000000000244e+01	5.868500000000000227e+01	5.896000000000000085e+01	5.916599999999999682e+01	6.014999999999999858e+01	6.028699999999999903e+01	6.147800000000000153e+01	6.189000000000000057e+01	6.541400000000000148e+01	6.550600000000000023e+01	6.651300000000000523e+01	6.749699999999999989e+01	6.784099999999999397e+01	6.898499999999999943e+01	6.951099999999999568e+01	7.104500000000000171e+01	7.209799999999999898e+01	7.269299999999999784e+01	7.365399999999999636e+01	7.500499999999999545e+01	7.557699999999999818e+01	7.669799999999999329e+01	7.770499999999999829e+01	7.914700000000000557e+01	7.932999999999999829e+01	8.049800000000000466e+01	8.198499999999999943e+01	8.205400000000000205e+01	8.230599999999999739e+01	8.317600000000000193e+01	8.356499999999999773e+01	8.379399999999999693e+01	8.457200000000000273e+01	8.496099999999999852e+01	8.532699999999999818e+01	8.576200000000000045e+01	8.585399999999999920e+01	8.601399999999999579e+01	8.649399999999999977e+01	8.656300000000000239e+01	8.654000000000000625e+01	8.725000000000000000e+01	8.734099999999999397e+01	8.740999999999999659e+01	8.795900000000000318e+01	8.818800000000000239e+01	8.823399999999999466e+01	8.830299999999999727e+01	8.832599999999999341e+01	8.823399999999999466e+01	8.821099999999999852e+01	8.853100000000000591e+01	8.841700000000000159e+01	8.857699999999999818e+01	8.853100000000000591e+01	8.828000000000000114e+01	8.818800000000000239e+01	8.830299999999999727e+01	8.841700000000000159e+01	8.843999999999999773e+01	8.892100000000000648e+01	8.834799999999999898e+01	8.878300000000000125e+01	8.859999999999999432e+01	8.873699999999999477e+01	8.889799999999999613e+01	8.908100000000000307e+01	8.885200000000000387e+01	8.905800000000000693e+01	8.882899999999999352e+01	8.910399999999999920e+01	8.894299999999999784e+01	8.921800000000000352e+01	8.933299999999999841e+01	8.896599999999999397e+01	8.894299999999999784e+01	8.887500000000000000e+01	8.921800000000000352e+01	8.898900000000000432e+01	8.894299999999999784e+01	8.878300000000000125e+01	8.880599999999999739e+01	8.853100000000000591e+01	8.853100000000000591e+01	8.853100000000000591e+01	8.855400000000000205e+01	8.853100000000000591e+01	8.814199999999999591e+01	8.789100000000000534e+01	8.798199999999999932e+01	8.800499999999999545e+01	8.791400000000000148e+01	8.798199999999999932e+01	8.791400000000000148e+01	8.791400000000000148e+01	8.759300000000000352e+01	8.759300000000000352e+01	8.816500000000000625e+01	8.795900000000000318e+01	8.809699999999999420e+01	8.795900000000000318e+01	8.896599999999999397e+01	8.866899999999999693e+01	8.949299999999999500e+01	8.960699999999999932e+01
0.000000000000000000e+00	3.048020000000000209e+02	2.802429999999999950e+02	2.585219999999999914e+02	2.396620000000000061e+02	2.219699999999999989e+02	2.062450000000000045e+02	1.936570000000000107e+02	1.812969999999999970e+02	1.711579999999999870e+02	1.624370000000000118e+02	1.548609999999999900e+02	1.482930000000000064e+02	1.425020000000000095e+02	1.372599999999999909e+02	1.327510000000000048e+02	1.272810000000000059e+02	1.216280000000000001e+02	1.167069999999999936e+02	1.122669999999999959e+02	1.086039999999999992e+02	1.052630000000000052e+02	1.023790000000000049e+02	1.005939999999999941e+02	9.862500000000000000e+01	9.686299999999999955e+01	9.574099999999999966e+01	9.526099999999999568e+01	9.416200000000000614e+01	9.345199999999999818e+01	9.297199999999999420e+01	9.244499999999999318e+01	9.212500000000000000e+01	9.235399999999999920e+01	9.420799999999999841e+01	9.482599999999999341e+01	9.493999999999999773e+01	9.507800000000000296e+01	9.526099999999999568e+01	9.574099999999999966e+01	9.571800000000000352e+01	9.608499999999999375e+01	9.661100000000000421e+01	9.674800000000000466e+01	9.688599999999999568e+01	9.752700000000000102e+01	9.766400000000000148e+01	9.823600000000000421e+01	9.871699999999999875e+01	9.940300000000000580e+01	9.972400000000000375e+01	1.004099999999999966e+02	1.005480000000000018e+02	1.010739999999999981e+02	1.016689999999999969e+02	1.020360000000000014e+02	1.024249999999999972e+02	1.029509999999999934e+02	1.033859999999999957e+02	1.035919999999999987e+02	1.041179999999999950e+02	1.045529999999999973e+02	1.049419999999999931e+02	1.054000000000000057e+02	1.058580000000000041e+02	1.062009999999999934e+02	1.067279999999999944e+02	1.070709999999999980e+02	1.076430000000000007e+02	1.081239999999999952e+02	1.087420000000000044e+02	1.090390000000000015e+02	1.099320000000000022e+02	1.103209999999999980e+02	1.105270000000000010e+02	1.110990000000000038e+02	1.112590000000000003e+02	1.118319999999999936e+02	1.121059999999999945e+02	1.123580000000000041e+02	1.142810000000000059e+02	1.146009999999999991e+02	1.149440000000000026e+02	1.151730000000000018e+02	1.156080000000000041e+02	1.156080000000000041e+02	1.161350000000000051e+02	1.171189999999999998e+02	1.174620000000000033e+02	1.177139999999999986e+02	1.181490000000000009e+02	1.185610000000000070e+02	1.190190000000000055e+02	1.194080000000000013e+02	1.197969999999999970e+02	1.204830000000000041e+02	1.207579999999999956e+02	1.213760000000000048e+02	1.216509999999999962e+02	1.220859999999999985e+02	1.224519999999999982e+02	1.227489999999999952e+02	1.232530000000000001e+02	1.236189999999999998e+02	1.239170000000000016e+02	1.244200000000000017e+02	1.247630000000000052e+02	1.250379999999999967e+02	1.277159999999999940e+02	1.301419999999999959e+02	1.302340000000000089e+02	1.307599999999999909e+02	1.309890000000000043e+02	1.312870000000000061e+02	1.317439999999999998e+02	1.321330000000000098e+02	1.325000000000000000e+02	1.329120000000000061e+02	1.333009999999999877e+02	1.334379999999999882e+02	1.339190000000000111e+02	1.342620000000000005e+02	1.343770000000000095e+02	1.347889999999999873e+02	1.350860000000000127e+02	1.354749999999999943e+02	1.362760000000000105e+02	1.366649999999999920e+02	1.368710000000000093e+02	1.372829999999999870e+02	1.375579999999999927e+02	1.381529999999999916e+02	1.384279999999999973e+02	1.387019999999999982e+02	1.389079999999999870e+02	1.394809999999999945e+02	1.397090000000000032e+02	1.400759999999999934e+02	1.402820000000000107e+02	1.405560000000000116e+02	1.408309999999999889e+02	1.427990000000000066e+02	1.431430000000000007e+02	1.432570000000000050e+02	1.437609999999999957e+02	1.440120000000000005e+02	1.442179999999999893e+02	1.445850000000000080e+02	1.447680000000000007e+02	1.448360000000000127e+02	1.451800000000000068e+02	1.453859999999999957e+02	1.454770000000000039e+02	1.457980000000000018e+02	1.460269999999999868e+02	1.462549999999999955e+02	1.465529999999999973e+02	1.469650000000000034e+02	1.470109999999999957e+02	1.472849999999999966e+02	1.473770000000000095e+02	1.475140000000000100e+02	1.477889999999999873e+02	1.480180000000000007e+02	1.481090000000000089e+02	1.483379999999999939e+02	1.485900000000000034e+02	1.487729999999999961e+02	1.490250000000000057e+02	1.490709999999999980e+02	1.490939999999999941e+02	1.492769999999999868e+02	1.494370000000000118e+02	1.495509999999999877e+02	1.498259999999999934e+02	1.499180000000000064e+02	1.498950000000000102e+02	1.500089999999999861e+02	1.499399999999999977e+02	1.501690000000000111e+02	1.502150000000000034e+02	1.502609999999999957e+02	1.504670000000000130e+02	1.504439999999999884e+02	1.503300000000000125e+02	1.511759999999999877e+02	1.508559999999999945e+02	1.505360000000000014e+02	1.502839999999999918e+02	1.490939999999999941e+02
0.000000000000000000e+00	3.305740000000000123e+02	2.938840000000000146e+02	2.592320000000000277e+02	2.292479999999999905e+02	2.025380000000000109e+02	1.796260000000000048e+02	1.624830000000000041e+02	1.490939999999999941e+02	1.386570000000000107e+02	1.298899999999999864e+02	1.228870000000000005e+02	1.169590000000000032e+02	1.120150000000000006e+02	1.077120000000000033e+02	1.036830000000000069e+02	1.000439999999999969e+02	9.642799999999999727e+01	9.292600000000000193e+01	8.924099999999999966e+01	8.546399999999999864e+01	8.200799999999999557e+01	7.866700000000000159e+01	7.539400000000000546e+01	7.237199999999999989e+01	6.971699999999999875e+01	6.740600000000000591e+01	6.529999999999999716e+01	6.349199999999999733e+01	6.200399999999999778e+01	6.053900000000000148e+01	5.930299999999999727e+01	5.829599999999999937e+01	5.731199999999999761e+01	5.646500000000000341e+01	5.584700000000000131e+01	5.513799999999999812e+01	5.479399999999999693e+01	5.440500000000000114e+01	5.406199999999999761e+01	5.387899999999999778e+01	5.360399999999999920e+01	5.328399999999999892e+01	5.323799999999999955e+01	5.293999999999999773e+01	5.275699999999999790e+01	5.296300000000000097e+01	5.300900000000000034e+01	5.293999999999999773e+01	5.293999999999999773e+01	5.293999999999999773e+01	5.321500000000000341e+01	5.314600000000000080e+01	5.316899999999999693e+01	5.339800000000000324e+01	5.360399999999999920e+01	5.381000000000000227e+01	5.394700000000000273e+01	5.454299999999999926e+01	5.465699999999999648e+01	5.481700000000000017e+01	5.529800000000000182e+01	5.545799999999999841e+01	5.557300000000000040e+01	5.598400000000000176e+01	5.609899999999999665e+01	5.657999999999999829e+01	5.662500000000000000e+01	5.669400000000000261e+01	5.715200000000000102e+01	5.719800000000000040e+01	5.744899999999999807e+01	5.790699999999999648e+01	5.818200000000000216e+01	5.893699999999999761e+01	5.918900000000000006e+01	5.937199999999999989e+01	5.962400000000000233e+01	5.969200000000000017e+01	5.987500000000000000e+01	6.010399999999999920e+01	6.031000000000000227e+01	6.040200000000000102e+01	6.056199999999999761e+01	6.069899999999999807e+01	6.085999999999999943e+01	6.104299999999999926e+01	6.122599999999999909e+01	6.131700000000000017e+01	6.152300000000000324e+01	6.172899999999999920e+01	6.200399999999999778e+01	6.218699999999999761e+01	6.307999999999999829e+01	6.328600000000000136e+01	6.337700000000000244e+01	6.349199999999999733e+01	6.378900000000000148e+01	6.385799999999999699e+01	6.401800000000000068e+01	6.436199999999999477e+01	6.445300000000000296e+01	6.461299999999999955e+01	6.463599999999999568e+01	6.486499999999999488e+01	6.507099999999999795e+01	6.518600000000000705e+01	6.534600000000000364e+01	6.536899999999999977e+01	6.550600000000000023e+01	6.566599999999999682e+01	6.578100000000000591e+01	6.603199999999999648e+01	6.607800000000000296e+01	6.671899999999999409e+01	6.692499999999999716e+01	6.703900000000000148e+01	6.717700000000000671e+01	6.726800000000000068e+01	6.740600000000000591e+01	6.756600000000000250e+01	6.781799999999999784e+01	6.795499999999999829e+01	6.811499999999999488e+01	6.848099999999999454e+01	6.898499999999999943e+01	6.907699999999999818e+01	6.935099999999999909e+01	6.944299999999999784e+01	7.001500000000000057e+01	7.019799999999999329e+01	7.047299999999999898e+01	7.074699999999999989e+01	7.182299999999999329e+01	7.257800000000000296e+01	7.280700000000000216e+01	7.303600000000000136e+01	7.333400000000000318e+01	7.358599999999999852e+01	7.379200000000000159e+01	7.411199999999999477e+01	7.440900000000000603e+01	7.489000000000000057e+01	7.502700000000000102e+01	7.527899999999999636e+01	7.543899999999999295e+01	7.566800000000000637e+01	7.578300000000000125e+01	7.598900000000000432e+01	7.624099999999999966e+01	7.644700000000000273e+01	7.676699999999999591e+01	7.747700000000000387e+01	7.738500000000000512e+01	7.765999999999999659e+01	7.795699999999999363e+01	7.829999999999999716e+01	7.850600000000000023e+01	7.875799999999999557e+01	7.898699999999999477e+01	7.926200000000000045e+01	7.946800000000000352e+01	7.981100000000000705e+01	8.006300000000000239e+01	8.029200000000000159e+01	8.052100000000000080e+01	8.075000000000000000e+01	8.093300000000000693e+01	8.120699999999999363e+01	8.145900000000000318e+01	8.166500000000000625e+01	8.203100000000000591e+01	8.221399999999999864e+01	8.246599999999999397e+01	8.271800000000000352e+01	8.292400000000000659e+01	8.308400000000000318e+01	8.335899999999999466e+01	8.361100000000000421e+01	8.377100000000000080e+01	8.400000000000000000e+01	8.422899999999999920e+01	8.445699999999999363e+01	8.470900000000000318e+01	8.486899999999999977e+01	8.505200000000000671e+01	8.523600000000000421e+01	8.546399999999999864e+01	8.562500000000000000e+01	8.583100000000000307e+01
1.000000000000000000e+00	2.461399999999999864e+02	2.260209999999999866e+02	2.072069999999999936e+02	1.904749999999999943e+02	1.757129999999999939e+02	1.629869999999999948e+02	1.519550000000000125e+02	1.443100000000000023e+02	1.381299999999999955e+02	1.333470000000000084e+02	1.295929999999999893e+02	1.266629999999999967e+02	1.239849999999999994e+02	1.214680000000000035e+02	1.197279999999999944e+02	1.179429999999999978e+02	1.162259999999999991e+02	1.150360000000000014e+02	1.135250000000000057e+02	1.123810000000000002e+02	1.112139999999999986e+02	1.100010000000000048e+02	1.083979999999999961e+02	1.073910000000000053e+02	1.054920000000000044e+02	1.038439999999999941e+02	1.024699999999999989e+02	1.013029999999999973e+02	1.001590000000000060e+02	1.006620000000000061e+02	9.940300000000000580e+01	9.759499999999999886e+01	9.697700000000000387e+01	9.651900000000000546e+01	9.599299999999999500e+01	9.567300000000000182e+01	9.514600000000000080e+01	9.471099999999999852e+01	9.462000000000000455e+01	9.434499999999999886e+01	9.400199999999999534e+01	9.390999999999999659e+01	9.413899999999999579e+01	9.406999999999999318e+01	9.427599999999999625e+01	9.436799999999999500e+01	9.429900000000000659e+01	9.448199999999999932e+01	9.464300000000000068e+01	9.466599999999999682e+01	9.468800000000000239e+01	9.530599999999999739e+01	9.526099999999999568e+01	9.578700000000000614e+01	9.594700000000000273e+01	9.640500000000000114e+01	9.709199999999999875e+01	9.704600000000000648e+01	9.697700000000000387e+01	9.736599999999999966e+01	9.777800000000000580e+01	9.784699999999999420e+01	9.841899999999999693e+01	9.885399999999999920e+01	9.910599999999999454e+01	9.942600000000000193e+01	9.965500000000000114e+01	9.974699999999999989e+01	1.003419999999999987e+02	1.007540000000000049e+02	1.011659999999999968e+02	1.014399999999999977e+02	1.021959999999999980e+02	1.029740000000000038e+02	1.032489999999999952e+02	1.035690000000000026e+02	1.046449999999999960e+02	1.050799999999999983e+02	1.054920000000000044e+02	1.056520000000000010e+02	1.061550000000000011e+02	1.066359999999999957e+02	1.068419999999999987e+02	1.073679999999999950e+02	1.078719999999999999e+02	1.082379999999999995e+02	1.086500000000000057e+02	1.092680000000000007e+02	1.096800000000000068e+02	1.100690000000000026e+02	1.106189999999999998e+02	1.111449999999999960e+02	1.118319999999999936e+02	1.122210000000000036e+02	1.126560000000000059e+02	1.133880000000000052e+02	1.139599999999999937e+02	1.143719999999999999e+02	1.150589999999999975e+02	1.156080000000000041e+02	1.162259999999999991e+02	1.170499999999999972e+02	1.176680000000000064e+02	1.183089999999999975e+02	1.190870000000000033e+02	1.198649999999999949e+02	1.205750000000000028e+02	1.215589999999999975e+02	1.224749999999999943e+02	1.232990000000000066e+02	1.244659999999999940e+02	1.257019999999999982e+02	1.270520000000000067e+02	1.286769999999999925e+02	1.304859999999999900e+02	1.323849999999999909e+02	1.347199999999999989e+02	1.372379999999999995e+02	1.401440000000000055e+02	1.434170000000000016e+02	1.470569999999999879e+02	1.510850000000000080e+02	1.551589999999999918e+02	1.597369999999999948e+02	1.640620000000000118e+02	1.690060000000000002e+02	1.740420000000000016e+02	1.793520000000000039e+02	1.841129999999999995e+02	1.888729999999999905e+02	1.931529999999999916e+02	1.969530000000000030e+02	2.006839999999999975e+02	2.040480000000000018e+02	2.069089999999999918e+02	2.097470000000000141e+02	2.124710000000000036e+02	2.144850000000000136e+02	2.156299999999999955e+02	2.179180000000000064e+02	2.198410000000000082e+02	2.215120000000000005e+02	2.232280000000000086e+02	2.246699999999999875e+02	2.261349999999999909e+02	2.273940000000000055e+02	2.286069999999999993e+02	2.296599999999999966e+02	2.313540000000000134e+02	2.323149999999999977e+02	2.332529999999999859e+02	2.340999999999999943e+02	2.348789999999999907e+02	2.357249999999999943e+02	2.364120000000000061e+02	2.369379999999999882e+02	2.375790000000000077e+02	2.381519999999999868e+02	2.386550000000000011e+02	2.391819999999999879e+02	2.399139999999999873e+02	2.402340000000000089e+02	2.406920000000000073e+02	2.411500000000000057e+02	2.416529999999999916e+02	2.419279999999999973e+02	2.423629999999999995e+02	2.427290000000000134e+02	2.430500000000000114e+02	2.435759999999999934e+02	2.438050000000000068e+02	2.442630000000000052e+02	2.445140000000000100e+02	2.448120000000000118e+02	2.447889999999999873e+02	2.451320000000000050e+02	2.453160000000000025e+02	2.455440000000000111e+02	2.458420000000000130e+02	2.460939999999999941e+02	2.463909999999999911e+02	2.466889999999999930e+02	2.468259999999999934e+02	2.471009999999999991e+02	2.472839999999999918e+02	2.474209999999999923e+02	2.476270000000000095e+02	2.477649999999999864e+02	2.479480000000000075e+02
1.000000000000000000e+00	2.322460000000000093e+02	2.090840000000000032e+02	1.882779999999999916e+02	1.702189999999999941e+02	1.541059999999999945e+02	1.366879999999999882e+02	1.316990000000000123e+02	1.225430000000000064e+02	1.161119999999999948e+02	1.110529999999999973e+02	1.067500000000000000e+02	1.034090000000000060e+02	1.009599999999999937e+02	9.873999999999999488e+01	9.672499999999999432e+01	9.583299999999999841e+01	9.482599999999999341e+01	9.404800000000000182e+01	9.297199999999999420e+01	9.244499999999999318e+01	9.180500000000000682e+01	9.146099999999999852e+01	9.100300000000000011e+01	9.059099999999999397e+01	9.050000000000000000e+01	9.036299999999999955e+01	8.983599999999999852e+01	9.006499999999999773e+01	8.976699999999999591e+01	8.960699999999999932e+01	8.969899999999999807e+01	8.960699999999999932e+01	8.921800000000000352e+01	8.921800000000000352e+01	8.894299999999999784e+01	8.864600000000000080e+01	8.873699999999999477e+01	8.853100000000000591e+01	8.832599999999999341e+01	8.855400000000000205e+01	8.857699999999999818e+01	8.828000000000000114e+01	8.832599999999999341e+01	8.841700000000000159e+01	8.850900000000000034e+01	8.871500000000000341e+01	8.864600000000000080e+01	8.905800000000000693e+01	8.914900000000000091e+01	8.937800000000000011e+01	8.949299999999999500e+01	8.979000000000000625e+01	9.001900000000000546e+01	9.029399999999999693e+01	9.054600000000000648e+01	9.054600000000000648e+01	9.104900000000000659e+01	9.127800000000000580e+01	9.155299999999999727e+01	9.191899999999999693e+01	9.217100000000000648e+01	9.260599999999999454e+01	9.285699999999999932e+01	9.322400000000000375e+01	9.336100000000000421e+01	9.390999999999999659e+01	9.413899999999999579e+01	9.443699999999999761e+01	9.500900000000000034e+01	9.505500000000000682e+01	9.539799999999999613e+01	9.571800000000000352e+01	9.612999999999999545e+01	9.633599999999999852e+01	9.679399999999999693e+01	9.729800000000000182e+01	9.764100000000000534e+01	9.812199999999999989e+01	9.853400000000000603e+01	9.931199999999999761e+01	9.947199999999999420e+01	1.003190000000000026e+02	1.006389999999999958e+02	1.012120000000000033e+02	1.018979999999999961e+02	1.021269999999999953e+02	1.025619999999999976e+02	1.029969999999999999e+02	1.037060000000000031e+02	1.041410000000000053e+02	1.049879999999999995e+02	1.054459999999999980e+02	1.063840000000000003e+02	1.072540000000000049e+02	1.082609999999999957e+02	1.093599999999999994e+02	1.104350000000000023e+02	1.118769999999999953e+02	1.134800000000000040e+02	1.150589999999999975e+02	1.169590000000000032e+02	1.188580000000000041e+02	1.210780000000000030e+02	1.234819999999999993e+02	1.260450000000000017e+02	1.295469999999999970e+02	1.325229999999999961e+02	1.356119999999999948e+02	1.388170000000000073e+02	1.422500000000000000e+02	1.454089999999999918e+02	1.487729999999999961e+02	1.524350000000000023e+02	1.556399999999999864e+02	1.588439999999999941e+02	1.619799999999999898e+02	1.649089999999999918e+02	1.678160000000000025e+02	1.705629999999999882e+02	1.731260000000000048e+02	1.755749999999999886e+02	1.778640000000000043e+02	1.799699999999999989e+02	1.818919999999999959e+02	1.836550000000000011e+02	1.851879999999999882e+02	1.868820000000000050e+02	1.885300000000000011e+02	1.897429999999999950e+02	1.911850000000000023e+02	1.924209999999999923e+02	1.935420000000000016e+02	1.948700000000000045e+02	1.958540000000000134e+02	1.966090000000000089e+02	1.974329999999999927e+02	1.981659999999999968e+02	1.989209999999999923e+02	1.997450000000000045e+02	2.005000000000000000e+02	2.010960000000000036e+02	2.018509999999999991e+02	2.024919999999999902e+02	2.031100000000000136e+02	2.036129999999999995e+02	2.041850000000000023e+02	2.048259999999999934e+02	2.051699999999999875e+02	2.055819999999999936e+02	2.056959999999999980e+02	2.060169999999999959e+02	2.063139999999999930e+02	2.067030000000000030e+02	2.072299999999999898e+02	2.075730000000000075e+02	2.075960000000000036e+02	2.078930000000000007e+02	2.082139999999999986e+02	2.083280000000000030e+02	2.084879999999999995e+02	2.086490000000000009e+02	2.087860000000000014e+02	2.090610000000000070e+02	2.092210000000000036e+02	2.094960000000000093e+02	2.098619999999999948e+02	2.099759999999999991e+02	2.100449999999999875e+02	2.103420000000000130e+02	2.105480000000000018e+02	2.106630000000000109e+02	2.108000000000000114e+02	2.109379999999999882e+02	2.109149999999999920e+02	2.111430000000000007e+02	2.112119999999999891e+02	2.113489999999999895e+02	2.115329999999999870e+02	2.120819999999999936e+02	2.130889999999999986e+02	2.130660000000000025e+02	2.131810000000000116e+02	2.131349999999999909e+02	2.132030000000000030e+02	2.132719999999999914e+02	2.133180000000000121e+02	2.134550000000000125e+02	2.137069999999999936e+02	2.139130000000000109e+02
1.000000000000000000e+00	2.900389999999999873e+02	2.633290000000000077e+02	2.399600000000000080e+02	2.195660000000000025e+02	2.024689999999999941e+02	1.858290000000000077e+02	1.709749999999999943e+02	1.593480000000000132e+02	1.484070000000000107e+02	1.395029999999999859e+02	1.324079999999999870e+02	1.267090000000000032e+02	1.213760000000000048e+02	1.170270000000000010e+02	1.134339999999999975e+02	1.105270000000000010e+02	1.080090000000000003e+02	1.057429999999999950e+02	1.031569999999999965e+02	9.983799999999999386e+01	9.651900000000000546e+01	9.343000000000000682e+01	9.070600000000000307e+01	8.837099999999999511e+01	8.633400000000000318e+01	8.452599999999999625e+01	8.296999999999999886e+01	8.152800000000000580e+01	8.054399999999999693e+01	7.939900000000000091e+01	7.855200000000000671e+01	7.800300000000000011e+01	7.770499999999999829e+01	7.715600000000000591e+01	7.674399999999999977e+01	7.653799999999999670e+01	7.612600000000000477e+01	7.601200000000000045e+01	7.585099999999999909e+01	7.573699999999999477e+01	7.573699999999999477e+01	7.566800000000000637e+01	7.564499999999999602e+01	7.603499999999999659e+01	7.626300000000000523e+01	7.651500000000000057e+01	7.688100000000000023e+01	7.683599999999999852e+01	7.708700000000000330e+01	7.745399999999999352e+01	7.736199999999999477e+01	7.779699999999999704e+01	7.791100000000000136e+01	7.814000000000000057e+01	7.862099999999999511e+01	7.884999999999999432e+01	7.896399999999999864e+01	7.926200000000000045e+01	7.992600000000000193e+01	8.031499999999999773e+01	8.061199999999999477e+01	8.084099999999999397e+01	8.104699999999999704e+01	8.139000000000000057e+01	8.173399999999999466e+01	8.200799999999999557e+01	8.258100000000000307e+01	8.383899999999999864e+01	8.402299999999999613e+01	8.418300000000000693e+01	8.448000000000000398e+01	8.534999999999999432e+01	8.555599999999999739e+01	8.624299999999999500e+01	8.667799999999999727e+01	8.745600000000000307e+01	8.779900000000000659e+01	8.823399999999999466e+01	8.859999999999999432e+01	8.903499999999999659e+01	8.949299999999999500e+01	9.013400000000000034e+01	9.077500000000000568e+01	9.107200000000000273e+01	9.134699999999999420e+01	9.189600000000000080e+01	9.235399999999999920e+01	9.285699999999999932e+01	9.352100000000000080e+01	9.418500000000000227e+01	9.487199999999999989e+01	9.562699999999999534e+01	9.654200000000000159e+01	9.741200000000000614e+01	9.830500000000000682e+01	1.000439999999999969e+02	1.010510000000000019e+02	1.030199999999999960e+02	1.044159999999999968e+02	1.059489999999999981e+02	1.076200000000000045e+02	1.092909999999999968e+02	1.111680000000000064e+02	1.133190000000000026e+02	1.155619999999999976e+02	1.178739999999999952e+02	1.204830000000000041e+02	1.235729999999999933e+02	1.270289999999999964e+02	1.302110000000000127e+02	1.337129999999999939e+02	1.373750000000000000e+02	1.412889999999999873e+02	1.453629999999999995e+02	1.494139999999999873e+02	1.536030000000000086e+02	1.579279999999999973e+02	1.622769999999999868e+02	1.666719999999999970e+02	1.708149999999999977e+02	1.753009999999999877e+02	1.794890000000000043e+02	1.836550000000000011e+02	1.876140000000000043e+02	1.914370000000000118e+02	1.951450000000000102e+02	1.986009999999999991e+02	2.021030000000000086e+02	2.053990000000000009e+02	2.085339999999999918e+02	2.116009999999999991e+02	2.145769999999999982e+02	2.175980000000000132e+02	2.201160000000000139e+02	2.226790000000000020e+02	2.251740000000000066e+02	2.273710000000000093e+02	2.298429999999999893e+02	2.316059999999999945e+02	2.337110000000000127e+02	2.360000000000000000e+02	2.379459999999999980e+02	2.393189999999999884e+02	2.416529999999999916e+02	2.427290000000000134e+02	2.458650000000000091e+02	2.468259999999999934e+02	2.482220000000000084e+02	2.500759999999999934e+02	2.515180000000000007e+02	2.522510000000000048e+02	2.536699999999999875e+02	2.549290000000000020e+02	2.561650000000000205e+02	2.572400000000000091e+02	2.584529999999999745e+02	2.596209999999999809e+02	2.607649999999999864e+02	2.617490000000000236e+02	2.626650000000000205e+02	2.637409999999999854e+02	2.643360000000000127e+02	2.651139999999999759e+02	2.659150000000000205e+02	2.665790000000000077e+02	2.673570000000000277e+02	2.681120000000000232e+02	2.687760000000000105e+02	2.694630000000000223e+02	2.699429999999999836e+02	2.705609999999999786e+02	2.710649999999999977e+02	2.715000000000000000e+02	2.717970000000000255e+02	2.721179999999999950e+02	2.723690000000000282e+02	2.726209999999999809e+02	2.729189999999999827e+02	2.731929999999999836e+02	2.732620000000000005e+02	2.736050000000000182e+02	2.737429999999999950e+02	2.739259999999999877e+02	2.743149999999999977e+02	2.745899999999999750e+02	2.752300000000000182e+02	2.753679999999999950e+02	2.755049999999999955e+02	2.757799999999999727e+02
0.000000000000000000e+00	4.934920000000000186e+02	4.352869999999999777e+02	3.808820000000000050e+02	3.326800000000000068e+02	2.903369999999999891e+02	2.555689999999999884e+02	2.307820000000000107e+02	2.134319999999999879e+02	1.998830000000000098e+02	1.891479999999999961e+02	1.802669999999999959e+02	1.718220000000000027e+02	1.655500000000000114e+02	1.643830000000000098e+02	1.557539999999999907e+02	1.516570000000000107e+02	1.487500000000000000e+02	1.458890000000000100e+02	1.427760000000000105e+02	1.400070000000000050e+02	1.371690000000000111e+02	1.350399999999999920e+02	1.329569999999999936e+02	1.315380000000000109e+02	1.302800000000000011e+02	1.291810000000000116e+02	1.284480000000000075e+02	1.281740000000000066e+02	1.283340000000000032e+02	1.278310000000000031e+02	1.275330000000000013e+02	1.274189999999999969e+02	1.271209999999999951e+02	1.267780000000000058e+02	1.267319999999999993e+02	1.268229999999999933e+02	1.265720000000000027e+02	1.265720000000000027e+02	1.267549999999999955e+02	1.268919999999999959e+02	1.270289999999999964e+02	1.275559999999999974e+02	1.276929999999999978e+02	1.279219999999999970e+02	1.281740000000000066e+02	1.285399999999999920e+02	1.293410000000000082e+02	1.293410000000000082e+02	1.297299999999999898e+02	1.313779999999999859e+02	1.314240000000000066e+02	1.315840000000000032e+02	1.316990000000000123e+02	1.317210000000000036e+02	1.321790000000000020e+02	1.325229999999999961e+02	1.329120000000000061e+02	1.330490000000000066e+02	1.331409999999999911e+02	1.332779999999999916e+02	1.334840000000000089e+02	1.333470000000000084e+02	1.332090000000000032e+02	1.332779999999999916e+02	1.334840000000000089e+02	1.346970000000000027e+02	1.346970000000000027e+02	1.345600000000000023e+02	1.348799999999999955e+02	1.350399999999999920e+02	1.352009999999999934e+02	1.354749999999999943e+02	1.356119999999999948e+02	1.358410000000000082e+02	1.358180000000000121e+02	1.359790000000000134e+02	1.358180000000000121e+02	1.357729999999999961e+02	1.358410000000000082e+02	1.360020000000000095e+02	1.361160000000000139e+02	1.363449999999999989e+02	1.365279999999999916e+02	1.365279999999999916e+02	1.366649999999999920e+02	1.365740000000000123e+02	1.365970000000000084e+02	1.366649999999999920e+02	1.368029999999999973e+02	1.371690000000000111e+02	1.384050000000000011e+02	1.384509999999999934e+02	1.384509999999999934e+02	1.387019999999999982e+02	1.388629999999999995e+02	1.390689999999999884e+02	1.391829999999999927e+02	1.392290000000000134e+02	1.393429999999999893e+02	1.393660000000000139e+02	1.394809999999999945e+02	1.395720000000000027e+02	1.402820000000000107e+02	1.407849999999999966e+02	1.406939999999999884e+02	1.406939999999999884e+02	1.407390000000000043e+02	1.408540000000000134e+02	1.410829999999999984e+02	1.415180000000000007e+02	1.415860000000000127e+02	1.416779999999999973e+02	1.419530000000000030e+02	1.420670000000000073e+02	1.421129999999999995e+02	1.422500000000000000e+02	1.423870000000000005e+02	1.424559999999999889e+02	1.422959999999999923e+02	1.423650000000000091e+02	1.423420000000000130e+02	1.422270000000000039e+02	1.423420000000000130e+02	1.423189999999999884e+02	1.427760000000000105e+02	1.427990000000000066e+02	1.428679999999999950e+02	1.428679999999999950e+02	1.429600000000000080e+02	1.429370000000000118e+02	1.430509999999999877e+02	1.430970000000000084e+02	1.431200000000000045e+02	1.431659999999999968e+02	1.430740000000000123e+02	1.429139999999999873e+02	1.427760000000000105e+02	1.427079999999999984e+02	1.427539999999999907e+02	1.430740000000000123e+02	1.431879999999999882e+02	1.432110000000000127e+02	1.435089999999999861e+02	1.438060000000000116e+02	1.438520000000000039e+02	1.442410000000000139e+02	1.476059999999999945e+02	1.477889999999999873e+02	1.476970000000000027e+02	1.477429999999999950e+02	1.479259999999999877e+02	1.480409999999999968e+02	1.480639999999999930e+02	1.481550000000000011e+02	1.483149999999999977e+02	1.483379999999999939e+02	1.484989999999999952e+02	1.485900000000000034e+02	1.486359999999999957e+02	1.485900000000000034e+02	1.487500000000000000e+02	1.488650000000000091e+02	1.489329999999999927e+02	1.490250000000000057e+02	1.491850000000000023e+02	1.491850000000000023e+02	1.490250000000000057e+02	1.492079999999999984e+02	1.491390000000000100e+02	1.493230000000000075e+02	1.492769999999999868e+02	1.493449999999999989e+02	1.493449999999999989e+02	1.495060000000000002e+02	1.494600000000000080e+02	1.497340000000000089e+02	1.498259999999999934e+02	1.499629999999999939e+02	1.506040000000000134e+02	1.507189999999999941e+02	1.506730000000000018e+02	1.507189999999999941e+02	1.507640000000000100e+02	1.506500000000000057e+02	1.505130000000000052e+02	1.504670000000000130e+02	1.504670000000000130e+02	1.505579999999999927e+02	1.505130000000000052e+02
1.000000000000000000e+00	4.637599999999999909e+02	4.263380000000000223e+02	3.935389999999999873e+02	3.634639999999999986e+02	3.382640000000000100e+02	3.144379999999999882e+02	2.949599999999999795e+02	2.792590000000000146e+02	2.677459999999999809e+02	2.538530000000000086e+02	2.425229999999999961e+02	2.321090000000000089e+02	2.234120000000000061e+02	2.159730000000000132e+02	2.099079999999999870e+02	2.046200000000000045e+02	1.996539999999999964e+02	1.947779999999999916e+02	1.895140000000000100e+02	1.839290000000000020e+02	1.782990000000000066e+02	1.735610000000000070e+02	1.691899999999999977e+02	1.653669999999999902e+02	1.618420000000000130e+02	1.586839999999999975e+02	1.563720000000000141e+02	1.543580000000000041e+02	1.526870000000000118e+02	1.512220000000000084e+02	1.500320000000000107e+02	1.492309999999999945e+02	1.486819999999999879e+02	1.484070000000000107e+02	1.482239999999999895e+02	1.480409999999999968e+02	1.479950000000000045e+02	1.483149999999999977e+02	1.484530000000000030e+02	1.486129999999999995e+02	1.489790000000000134e+02	1.492769999999999868e+02	1.496430000000000007e+02	1.502150000000000034e+02	1.507870000000000061e+02	1.513139999999999930e+02	1.522290000000000134e+02	1.528700000000000045e+02	1.533509999999999991e+02	1.540829999999999984e+02	1.547009999999999934e+02	1.554110000000000014e+02	1.560740000000000123e+02	1.565780000000000030e+02	1.572649999999999864e+02	1.578369999999999891e+02	1.583400000000000034e+02	1.589130000000000109e+02	1.595759999999999934e+02	1.601260000000000048e+02	1.606750000000000114e+02	1.613160000000000025e+02	1.618420000000000130e+02	1.624370000000000118e+02	1.628720000000000141e+02	1.637649999999999864e+02	1.646800000000000068e+02	1.651839999999999975e+02	1.662139999999999986e+02	1.668549999999999898e+02	1.677479999999999905e+02	1.683199999999999932e+02	1.691440000000000055e+02	1.701279999999999859e+02	1.710200000000000102e+02	1.717990000000000066e+02	1.728060000000000116e+02	1.734240000000000066e+02	1.743389999999999986e+02	1.750260000000000105e+02	1.756440000000000055e+02	1.797640000000000100e+02	1.801990000000000123e+02	1.808619999999999948e+02	1.815260000000000105e+02	1.826250000000000000e+02	1.833569999999999993e+02	1.841579999999999870e+02	1.847529999999999859e+02	1.854170000000000016e+02	1.870420000000000016e+02	1.879120000000000061e+02	1.886440000000000055e+02	1.894000000000000057e+02	1.909099999999999966e+02	1.918489999999999895e+02	1.925809999999999889e+02	1.937259999999999991e+02	1.948009999999999877e+02	1.955800000000000125e+02	1.966320000000000050e+02	1.980060000000000002e+02	1.987379999999999995e+02	1.994699999999999989e+02	2.001800000000000068e+02	2.009579999999999984e+02	2.018509999999999991e+02	2.027210000000000036e+02	2.035680000000000121e+02	2.044139999999999873e+02	2.052379999999999995e+02	2.061539999999999964e+02	2.071150000000000091e+02	2.081450000000000102e+02	2.091750000000000114e+02	2.102050000000000125e+02	2.116239999999999952e+02	2.132489999999999952e+02	2.146450000000000102e+02	2.161560000000000059e+02	2.177119999999999891e+02	2.194749999999999943e+02	2.214890000000000043e+02	2.237090000000000032e+02	2.264559999999999889e+02	2.294310000000000116e+02	2.366179999999999950e+02	2.408979999999999961e+02	2.454759999999999991e+02	2.511289999999999907e+02	2.566680000000000064e+02	2.633290000000000077e+02	2.702869999999999777e+02	2.783430000000000177e+02	2.868349999999999795e+02	2.960129999999999768e+02	3.059010000000000105e+02	3.162919999999999732e+02	3.272780000000000200e+02	3.386539999999999964e+02	3.507160000000000082e+02	3.626399999999999864e+02	3.748170000000000073e+02	3.863980000000000246e+02	3.980710000000000264e+02	4.094239999999999782e+02	4.205930000000000177e+02	4.313509999999999991e+02	4.416499999999999773e+02	4.522699999999999818e+02	4.630740000000000123e+02	4.723430000000000177e+02	4.809259999999999877e+02	4.891890000000000214e+02	4.965360000000000014e+02	5.035629999999999882e+02	5.099940000000000282e+02	5.160140000000000100e+02	5.215990000000000464e+02	5.277789999999999964e+02	5.324249999999999545e+02	5.366359999999999673e+02	5.402980000000000018e+02	5.438690000000000282e+02	5.470499999999999545e+02	5.498890000000000100e+02	5.527039999999999509e+02	5.551989999999999554e+02	5.575789999999999509e+02	5.595470000000000255e+02	5.616069999999999709e+02	5.633469999999999800e+02	5.650639999999999645e+02	5.770800000000000409e+02	5.796430000000000291e+02	5.812450000000000045e+02	5.830539999999999736e+02	5.843120000000000118e+02	5.857770000000000437e+02	5.872880000000000109e+02	5.885919999999999845e+02	5.915220000000000482e+02	5.922549999999999955e+02	5.931019999999999754e+02	5.941090000000000373e+02	5.950700000000000500e+02	5.959850000000000136e+02	5.967179999999999609e+02	5.974039999999999964e+02
0.000000000000000000e+00	4.712219999999999800e+02	4.216689999999999827e+02	3.765559999999999832e+02	3.340529999999999973e+02	2.982559999999999718e+02	2.658690000000000282e+02	2.395939999999999941e+02	2.201160000000000139e+02	2.040709999999999980e+02	1.909559999999999889e+02	1.804050000000000011e+02	1.697160000000000082e+02	1.625289999999999964e+02	1.521150000000000091e+02	1.465989999999999895e+02	1.391140000000000043e+02	1.349490000000000123e+02	1.295929999999999893e+02	1.253589999999999947e+02	1.208040000000000020e+02	1.169129999999999967e+02	1.121520000000000010e+02	1.082379999999999995e+02	1.058810000000000002e+02	1.029509999999999934e+02	1.009140000000000015e+02	9.892300000000000182e+01	9.729800000000000182e+01	9.603900000000000148e+01	9.478000000000000114e+01	9.432200000000000273e+01	9.329200000000000159e+01	9.287999999999999545e+01	9.242199999999999704e+01	9.228499999999999659e+01	9.187300000000000466e+01	9.164400000000000546e+01	9.137000000000000455e+01	9.221599999999999397e+01	9.189600000000000080e+01	9.150700000000000500e+01	9.095799999999999841e+01	9.384199999999999875e+01	9.203300000000000125e+01	9.182699999999999818e+01	9.171299999999999386e+01	9.095799999999999841e+01	9.100300000000000011e+01	9.104900000000000659e+01	9.178199999999999648e+01	9.166700000000000159e+01	9.182699999999999818e+01	9.162099999999999511e+01	9.246800000000000352e+01	9.187300000000000466e+01	9.212500000000000000e+01	9.118699999999999761e+01	9.285699999999999932e+01	9.246800000000000352e+01	9.256000000000000227e+01	9.310899999999999466e+01	9.233100000000000307e+01	9.130100000000000193e+01	9.249099999999999966e+01	9.219400000000000261e+01	9.175900000000000034e+01	9.139300000000000068e+01	9.219400000000000261e+01	9.242199999999999704e+01	9.178199999999999648e+01	9.157599999999999341e+01	9.134699999999999420e+01	9.111799999999999500e+01	9.137000000000000455e+01	9.132399999999999807e+01	9.191899999999999693e+01	9.171299999999999386e+01	9.182699999999999818e+01	9.182699999999999818e+01	9.038500000000000512e+01	9.267400000000000659e+01	9.253700000000000614e+01	9.230800000000000693e+01	9.205599999999999739e+01	9.182699999999999818e+01	9.290300000000000580e+01	9.278900000000000148e+01	9.294899999999999807e+01	9.251399999999999579e+01	9.379600000000000648e+01	9.349800000000000466e+01	9.331499999999999773e+01	9.379600000000000648e+01	9.516899999999999693e+01	9.505500000000000682e+01	9.519199999999999307e+01	9.640500000000000114e+01	9.617600000000000193e+01	9.587900000000000489e+01	9.592400000000000659e+01	9.780100000000000193e+01	9.700000000000000000e+01	9.668000000000000682e+01	9.750400000000000489e+01	9.768699999999999761e+01	9.787000000000000455e+01	9.837300000000000466e+01	9.764100000000000534e+01	9.773300000000000409e+01	9.793899999999999295e+01	9.784699999999999420e+01	9.787000000000000455e+01	9.800700000000000500e+01	9.807599999999999341e+01	9.809900000000000375e+01	9.830500000000000682e+01	9.860200000000000387e+01	9.862500000000000000e+01	9.883100000000000307e+01	9.883100000000000307e+01	9.919700000000000273e+01	9.965500000000000114e+01	9.999800000000000466e+01	1.002729999999999961e+02	1.004789999999999992e+02	1.005709999999999980e+02	1.004789999999999992e+02	1.011430000000000007e+02	1.007999999999999972e+02	1.011659999999999968e+02	1.011889999999999930e+02	1.017150000000000034e+02	1.018299999999999983e+02	1.020130000000000052e+02	1.020130000000000052e+02	1.024020000000000010e+02	1.024929999999999950e+02	1.027909999999999968e+02	1.027450000000000045e+02	1.031110000000000042e+02	1.032710000000000008e+02	1.037289999999999992e+02	1.036610000000000014e+02	1.040499999999999972e+02	1.040949999999999989e+02	1.154939999999999998e+02	1.040949999999999989e+02	1.043239999999999981e+02	1.046219999999999999e+02	1.048739999999999952e+02	1.051710000000000065e+02	1.053539999999999992e+02	1.056290000000000049e+02	1.055150000000000006e+02	1.056290000000000049e+02	1.057429999999999950e+02	1.059270000000000067e+02	1.060639999999999930e+02	1.065220000000000056e+02	1.066359999999999957e+02	1.066129999999999995e+02	1.070250000000000057e+02	1.072770000000000010e+02	1.072770000000000010e+02	1.074599999999999937e+02	1.077800000000000011e+02	1.079410000000000025e+02	1.081700000000000017e+02	1.087879999999999967e+02	1.086039999999999992e+02	1.087420000000000044e+02	1.089479999999999933e+02	1.090160000000000053e+02	1.089710000000000036e+02	1.091770000000000067e+02	1.089710000000000036e+02	1.093139999999999930e+02	1.095199999999999960e+02	1.097720000000000056e+02	1.099549999999999983e+02	1.103670000000000044e+02	1.103900000000000006e+02	1.108020000000000067e+02	1.107789999999999964e+02	1.110529999999999973e+02	1.112590000000000003e+02	1.114429999999999978e+02	1.117169999999999987e+02	1.118089999999999975e+02
1.000000000000000000e+00	5.078890000000000100e+02	4.544909999999999854e+02	4.150090000000000146e+02	3.748399999999999750e+02	3.368450000000000273e+02	3.060609999999999786e+02	2.806549999999999727e+02	2.599180000000000064e+02	2.430269999999999868e+02	2.300720000000000027e+02	2.185819999999999936e+02	2.094499999999999886e+02	2.027439999999999998e+02	1.961750000000000114e+02	1.911620000000000061e+02	1.868360000000000127e+02	1.822129999999999939e+02	1.783449999999999989e+02	1.744770000000000039e+02	1.709749999999999943e+02	1.680219999999999914e+02	1.648859999999999957e+02	1.611790000000000020e+02	1.575850000000000080e+02	1.549300000000000068e+02	1.522520000000000095e+02	1.494830000000000041e+02	1.476519999999999868e+02	1.458209999999999980e+02	1.440579999999999927e+02	1.430970000000000084e+02	1.421810000000000116e+02	1.407620000000000005e+02	1.398009999999999877e+02	1.390459999999999923e+02	1.382899999999999920e+02	1.377179999999999893e+02	1.371690000000000111e+02	1.338729999999999905e+02	1.336670000000000016e+02	1.335529999999999973e+02	1.333919999999999959e+02	1.331179999999999950e+02	1.329799999999999898e+02	1.325910000000000082e+02	1.326829999999999927e+02	1.327290000000000134e+02	1.330260000000000105e+02	1.338499999999999943e+02	1.337129999999999939e+02	1.337589999999999861e+02	1.338959999999999866e+02	1.340329999999999870e+02	1.341930000000000121e+02	1.344219999999999970e+02	1.350860000000000127e+02	1.351550000000000011e+02	1.358410000000000082e+02	1.354979999999999905e+02	1.352460000000000093e+02	1.350860000000000127e+02	1.346049999999999898e+02	1.344219999999999970e+02	1.340790000000000077e+02	1.340790000000000077e+02	1.336210000000000093e+02	1.335529999999999973e+02	1.335749999999999886e+02	1.334149999999999920e+02	1.333919999999999959e+02	1.333009999999999877e+02	1.333240000000000123e+02	1.330260000000000105e+02	1.328660000000000139e+02	1.330490000000000066e+02	1.331630000000000109e+02	1.330490000000000066e+02	1.330260000000000105e+02	1.334149999999999920e+02	1.338040000000000020e+02	1.336899999999999977e+02	1.334840000000000089e+02	1.330490000000000066e+02	1.328660000000000139e+02	1.326370000000000005e+02	1.326829999999999927e+02	1.324540000000000077e+02	1.327969999999999970e+02	1.327290000000000134e+02	1.327740000000000009e+02	1.327740000000000009e+02	1.328429999999999893e+02	1.329350000000000023e+02	1.328660000000000139e+02	1.330720000000000027e+02	1.332090000000000032e+02	1.332549999999999955e+02	1.333919999999999959e+02	1.333919999999999959e+02	1.335529999999999973e+02	1.337129999999999939e+02	1.338729999999999905e+02	1.341479999999999961e+02	1.343540000000000134e+02	1.346970000000000027e+02	1.346279999999999859e+02	1.351779999999999973e+02	1.357040000000000077e+02	1.362299999999999898e+02	1.370089999999999861e+02	1.376719999999999970e+02	1.385420000000000016e+02	1.395029999999999859e+02	1.403269999999999982e+02	1.415629999999999882e+02	1.427079999999999984e+02	1.439439999999999884e+02	1.457520000000000095e+02	1.477659999999999911e+02	1.498950000000000102e+02	1.525730000000000075e+02	1.557769999999999868e+02	1.592560000000000002e+02	1.630329999999999870e+02	1.677019999999999982e+02	1.728739999999999952e+02	1.783449999999999989e+02	1.843870000000000005e+02	1.898120000000000118e+02	1.960370000000000061e+02	2.016910000000000025e+02	2.080080000000000098e+02	2.136380000000000052e+02	2.193369999999999891e+02	2.249679999999999893e+02	2.293400000000000034e+02	2.334819999999999993e+02	2.362059999999999889e+02	2.402340000000000089e+02	2.436680000000000064e+02	2.465519999999999925e+02	2.489550000000000125e+02	2.513580000000000041e+02	2.534869999999999948e+02	2.548600000000000136e+02	2.565989999999999895e+02	2.579959999999999809e+02	2.596659999999999968e+02	2.610860000000000127e+02	2.624590000000000032e+02	2.633969999999999914e+02	2.646560000000000059e+02	2.659610000000000127e+02	2.666700000000000159e+02	2.670140000000000100e+02	2.676539999999999964e+02	2.686390000000000100e+02	2.693940000000000055e+02	2.709270000000000209e+02	2.715000000000000000e+02	2.715679999999999836e+02	2.718430000000000177e+02	2.720720000000000027e+02	2.729870000000000232e+02	2.732389999999999759e+02	2.729420000000000073e+02	2.738799999999999955e+02	2.746349999999999909e+02	2.751159999999999854e+02	2.761689999999999827e+02	2.766039999999999850e+02	2.766490000000000009e+02	2.771990000000000123e+02	2.774049999999999727e+02	2.781370000000000005e+02	2.789610000000000127e+02	2.790760000000000218e+02	2.797850000000000250e+02	2.808609999999999900e+02	2.809300000000000068e+02	2.811809999999999832e+02	2.812959999999999923e+02	2.817760000000000105e+02	2.821659999999999968e+02	2.829209999999999923e+02	2.829669999999999845e+02	2.833330000000000268e+02	2.832640000000000100e+02	2.837679999999999723e+02
1.000000000000000000e+00	2.538990000000000009e+02	2.268220000000000027e+02	2.019199999999999875e+02	1.798100000000000023e+02	1.611100000000000136e+02	1.459120000000000061e+02	1.343990000000000009e+02	1.256329999999999956e+02	1.182169999999999987e+02	1.122439999999999998e+02	1.077800000000000011e+02	1.051940000000000026e+02	1.011889999999999930e+02	9.846500000000000341e+01	9.656499999999999773e+01	9.484900000000000375e+01	9.299500000000000455e+01	9.175900000000000034e+01	8.974500000000000455e+01	8.736400000000000432e+01	8.516700000000000159e+01	8.312999999999999545e+01	8.118399999999999750e+01	7.958199999999999363e+01	7.811700000000000443e+01	7.688100000000000023e+01	7.587399999999999523e+01	7.727100000000000080e+01	7.413500000000000512e+01	7.354000000000000625e+01	7.289900000000000091e+01	7.239499999999999602e+01	7.195999999999999375e+01	7.177700000000000102e+01	7.141100000000000136e+01	7.127400000000000091e+01	7.138800000000000523e+01	7.093000000000000682e+01	7.081600000000000250e+01	7.072400000000000375e+01	7.054099999999999682e+01	7.056399999999999295e+01	7.056399999999999295e+01	7.088500000000000512e+01	7.131999999999999318e+01	7.136499999999999488e+01	7.120499999999999829e+01	7.134199999999999875e+01	7.138800000000000523e+01	7.207500000000000284e+01	7.246399999999999864e+01	7.248699999999999477e+01	7.269299999999999784e+01	7.287600000000000477e+01	7.358599999999999852e+01	7.401999999999999602e+01	7.418099999999999739e+01	7.436400000000000432e+01	7.479900000000000659e+01	7.537099999999999511e+01	7.553100000000000591e+01	7.578300000000000125e+01	7.612600000000000477e+01	7.624099999999999966e+01	7.676699999999999591e+01	7.829999999999999716e+01	7.832299999999999329e+01	7.850600000000000023e+01	7.981100000000000705e+01	8.024599999999999511e+01	8.065800000000000125e+01	8.118399999999999750e+01	8.168800000000000239e+01	8.267199999999999704e+01	8.310699999999999932e+01	8.349599999999999511e+01	8.420600000000000307e+01	8.493800000000000239e+01	8.567000000000000171e+01	8.637999999999999545e+01	8.759300000000000352e+01	8.853100000000000591e+01	8.953900000000000148e+01	9.148399999999999466e+01	9.276600000000000534e+01	9.441400000000000148e+01	9.615300000000000580e+01	9.796099999999999852e+01	1.001129999999999995e+02	1.023790000000000049e+02	1.047590000000000003e+02	1.077349999999999994e+02	1.108250000000000028e+02	1.139140000000000015e+02	1.175079999999999956e+02	1.210330000000000013e+02	1.249689999999999941e+02	1.285860000000000127e+02	1.326599999999999966e+02	1.366649999999999920e+02	1.405329999999999870e+02	1.444929999999999950e+02	1.483379999999999939e+02	1.522290000000000134e+02	1.559600000000000080e+02	1.595310000000000059e+02	1.630329999999999870e+02	1.664890000000000043e+02	1.696930000000000121e+02	1.728060000000000116e+02	1.757129999999999939e+02	1.782299999999999898e+02	1.812520000000000095e+02	1.838149999999999977e+02	1.863100000000000023e+02	1.885989999999999895e+02	1.908870000000000005e+02	1.929929999999999950e+02	1.950070000000000050e+02	1.970209999999999866e+02	1.987150000000000034e+02	2.011179999999999950e+02	2.029269999999999925e+02	2.046659999999999968e+02	2.062680000000000007e+02	2.079850000000000136e+02	2.096790000000000020e+02	2.110519999999999925e+02	2.126769999999999925e+02	2.142560000000000002e+02	2.157439999999999998e+02	2.171399999999999864e+02	2.189710000000000036e+02	2.203899999999999864e+02	2.218549999999999898e+02	2.228389999999999986e+02	2.240980000000000132e+02	2.260670000000000073e+02	2.268220000000000027e+02	2.287899999999999920e+02	2.295459999999999923e+02	2.313309999999999889e+02	2.320399999999999920e+02	2.339399999999999977e+02	2.352680000000000007e+02	2.358629999999999995e+02	2.376709999999999923e+02	2.388839999999999861e+02	2.393650000000000091e+02	2.410809999999999889e+02	2.416310000000000002e+02	2.425920000000000130e+02	2.436899999999999977e+02	2.446519999999999868e+02	2.454070000000000107e+02	2.461850000000000023e+02	2.466889999999999930e+02	2.472379999999999995e+02	2.479929999999999950e+02	2.486109999999999900e+02	2.490689999999999884e+02	2.499850000000000136e+02	2.498249999999999886e+02	2.509919999999999902e+02	2.512659999999999911e+02	2.509230000000000018e+02	2.517700000000000102e+02	2.513810000000000002e+02	2.521819999999999879e+02	2.522280000000000086e+02	2.516100000000000136e+02	2.520449999999999875e+02	2.525020000000000095e+02	2.522510000000000048e+02	2.522740000000000009e+02	2.522050000000000125e+02	2.522959999999999923e+02	2.521819999999999879e+02	2.519759999999999991e+02	2.513120000000000118e+02	2.511980000000000075e+02	2.523650000000000091e+02	2.518160000000000025e+02	2.522959999999999923e+02	2.521129999999999995e+02	2.515409999999999968e+02	2.518839999999999861e+02	2.517700000000000102e+02	2.518389999999999986e+02
0.000000000000000000e+00	1.270070000000000050e+02	1.179200000000000017e+02	1.096119999999999948e+02	1.020130000000000052e+02	9.555800000000000693e+01	8.976699999999999591e+01	8.512099999999999511e+01	8.155100000000000193e+01	7.848399999999999466e+01	7.607999999999999829e+01	7.447799999999999443e+01	7.282999999999999829e+01	7.182299999999999329e+01	7.118200000000000216e+01	7.006100000000000705e+01	6.905400000000000205e+01	6.774899999999999523e+01	6.644400000000000261e+01	6.511700000000000443e+01	6.415600000000000591e+01	6.317099999999999937e+01	6.225600000000000023e+01	6.150099999999999767e+01	6.067699999999999960e+01	5.987500000000000000e+01	5.932600000000000051e+01	5.886800000000000210e+01	5.834199999999999875e+01	5.797599999999999909e+01	5.790699999999999648e+01	5.758700000000000330e+01	5.726599999999999824e+01	5.733500000000000085e+01	5.710600000000000165e+01	5.680799999999999983e+01	5.646500000000000341e+01	5.632800000000000296e+01	5.614500000000000313e+01	5.609899999999999665e+01	5.593900000000000006e+01	5.598400000000000176e+01	5.575600000000000023e+01	5.571000000000000085e+01	5.586999999999999744e+01	5.584700000000000131e+01	5.586999999999999744e+01	5.575600000000000023e+01	5.575600000000000023e+01	5.596200000000000330e+01	5.612199999999999989e+01	5.612199999999999989e+01	5.609899999999999665e+01	5.646500000000000341e+01	5.644200000000000017e+01	5.637400000000000233e+01	5.655700000000000216e+01	5.655700000000000216e+01	5.676299999999999812e+01	5.712899999999999778e+01	5.703699999999999903e+01	5.694599999999999795e+01	5.715200000000000102e+01	5.724300000000000210e+01	5.879999999999999716e+01	5.868500000000000227e+01	5.861699999999999733e+01	5.893699999999999761e+01	5.896000000000000085e+01	5.900600000000000023e+01	5.900600000000000023e+01	5.902900000000000347e+01	5.950900000000000034e+01	5.960099999999999909e+01	5.962400000000000233e+01	5.973799999999999955e+01	5.980700000000000216e+01	5.992099999999999937e+01	6.005899999999999750e+01	6.031000000000000227e+01	6.049300000000000210e+01	6.063100000000000023e+01	6.065400000000000347e+01	6.072200000000000131e+01	6.097399999999999665e+01	6.092799999999999727e+01	6.106600000000000250e+01	6.129500000000000171e+01	6.147800000000000153e+01	6.154599999999999937e+01	6.159199999999999875e+01	6.175200000000000244e+01	6.234700000000000131e+01	6.246200000000000330e+01	6.250800000000000267e+01	6.250800000000000267e+01	6.264500000000000313e+01	6.280499999999999972e+01	6.285099999999999909e+01	6.330899999999999750e+01	6.339999999999999858e+01	6.360600000000000165e+01	6.365200000000000102e+01	6.381199999999999761e+01	6.390400000000000347e+01	6.390400000000000347e+01	6.406399999999999295e+01	6.415600000000000591e+01	6.422400000000000375e+01	6.429300000000000637e+01	6.445300000000000296e+01	6.468200000000000216e+01	6.472799999999999443e+01	6.477400000000000091e+01	6.477400000000000091e+01	6.484199999999999875e+01	6.488800000000000523e+01	6.507099999999999795e+01	6.520799999999999841e+01	6.523099999999999454e+01	6.532299999999999329e+01	6.541400000000000148e+01	6.550600000000000023e+01	6.564300000000000068e+01	6.578100000000000591e+01	6.582599999999999341e+01	6.584900000000000375e+01	6.601000000000000512e+01	6.617000000000000171e+01	6.628400000000000603e+01	6.632999999999999829e+01	6.644400000000000261e+01	6.658199999999999363e+01	6.674200000000000443e+01	6.683299999999999841e+01	6.692499999999999716e+01	6.758899999999999864e+01	6.772599999999999909e+01	6.781799999999999784e+01	6.790900000000000603e+01	6.795499999999999829e+01	6.825300000000000011e+01	6.829800000000000182e+01	6.857299999999999329e+01	6.866500000000000625e+01	6.877899999999999636e+01	6.889300000000000068e+01	6.909900000000000375e+01	6.916800000000000637e+01	6.928300000000000125e+01	6.937399999999999523e+01	6.953400000000000603e+01	6.971699999999999875e+01	6.992300000000000182e+01	7.010699999999999932e+01	7.022100000000000364e+01	7.031199999999999761e+01	7.045000000000000284e+01	7.070199999999999818e+01	7.086199999999999477e+01	7.097599999999999909e+01	7.111400000000000432e+01	7.129699999999999704e+01	7.157099999999999795e+01	7.170900000000000318e+01	7.182299999999999329e+01	7.212099999999999511e+01	7.223499999999999943e+01	7.230400000000000205e+01	7.255599999999999739e+01	7.278400000000000603e+01	7.289900000000000091e+01	7.317400000000000659e+01	7.326500000000000057e+01	7.342499999999999716e+01	7.358599999999999852e+01	7.381399999999999295e+01	7.392900000000000205e+01	7.408899999999999864e+01	7.424899999999999523e+01	7.438700000000000045e+01	7.482099999999999795e+01	7.486700000000000443e+01	7.523300000000000409e+01	7.537099999999999511e+01	7.564499999999999602e+01	7.585099999999999909e+01	7.605700000000000216e+01	7.635500000000000398e+01	7.683599999999999852e+01
0.000000000000000000e+00	2.535780000000000030e+02	2.352680000000000007e+02	2.164759999999999991e+02	2.001570000000000107e+02	1.808849999999999909e+02	1.664660000000000082e+02	1.516109999999999900e+02	1.432110000000000127e+02	1.343079999999999927e+02	1.298449999999999989e+02	1.278990000000000009e+02	1.237789999999999964e+02	1.208499999999999943e+02	1.190409999999999968e+02	1.169129999999999967e+02	1.151280000000000001e+02	1.135480000000000018e+02	1.117399999999999949e+02	1.103439999999999941e+02	1.083529999999999944e+02	1.051710000000000065e+02	1.019899999999999949e+02	1.005939999999999941e+02	9.516899999999999693e+01	9.256000000000000227e+01	9.068300000000000693e+01	8.928700000000000614e+01	8.789100000000000534e+01	8.674599999999999511e+01	8.564799999999999613e+01	8.452599999999999625e+01	8.361100000000000421e+01	8.280899999999999750e+01	8.226000000000000512e+01	8.164199999999999591e+01	8.125300000000000011e+01	8.123000000000000398e+01	8.118399999999999750e+01	8.095600000000000307e+01	8.072700000000000387e+01	8.063500000000000512e+01	8.061199999999999477e+01	8.068099999999999739e+01	8.088700000000000045e+01	8.093300000000000693e+01	8.090999999999999659e+01	8.104699999999999704e+01	8.125300000000000011e+01	8.139000000000000057e+01	8.132200000000000273e+01	8.129900000000000659e+01	8.132200000000000273e+01	8.143600000000000705e+01	8.177899999999999636e+01	8.168800000000000239e+01	8.152800000000000580e+01	8.159600000000000364e+01	8.155100000000000193e+01	8.182500000000000284e+01	8.198499999999999943e+01	8.209999999999999432e+01	8.228300000000000125e+01	8.232899999999999352e+01	8.267199999999999704e+01	8.271800000000000352e+01	8.285500000000000398e+01	8.258100000000000307e+01	8.223699999999999477e+01	8.209999999999999432e+01	8.187099999999999511e+01	8.180200000000000671e+01	8.196299999999999386e+01	8.187099999999999511e+01	8.221399999999999864e+01	8.212300000000000466e+01	8.205400000000000205e+01	8.203100000000000591e+01	8.196299999999999386e+01	8.212300000000000466e+01	8.228300000000000125e+01	8.244299999999999784e+01	8.303799999999999670e+01	8.315300000000000580e+01	8.340500000000000114e+01	8.345000000000000284e+01	8.326699999999999591e+01	8.319899999999999807e+01	8.308400000000000318e+01	8.303799999999999670e+01	8.296999999999999886e+01	8.319899999999999807e+01	8.333599999999999852e+01	8.365600000000000591e+01	8.370199999999999818e+01	8.372499999999999432e+01	8.415999999999999659e+01	8.413700000000000045e+01	8.427400000000000091e+01	8.427400000000000091e+01	8.448000000000000398e+01	8.457200000000000273e+01	8.470900000000000318e+01	8.459499999999999886e+01	8.480100000000000193e+01	8.482399999999999807e+01	8.477800000000000580e+01	8.512099999999999511e+01	8.516700000000000159e+01	8.530400000000000205e+01	8.551000000000000512e+01	8.571599999999999397e+01	8.578499999999999659e+01	8.585399999999999920e+01	8.606000000000000227e+01	8.617400000000000659e+01	8.615099999999999625e+01	8.631100000000000705e+01	8.704399999999999693e+01	8.711199999999999477e+01	8.706699999999999307e+01	8.720399999999999352e+01	8.738700000000000045e+01	8.740999999999999659e+01	8.750199999999999534e+01	8.752400000000000091e+01	8.761599999999999966e+01	8.768500000000000227e+01	8.777599999999999625e+01	8.782200000000000273e+01	8.807399999999999807e+01	8.828000000000000114e+01	8.841700000000000159e+01	8.846299999999999386e+01	8.853100000000000591e+01	8.862300000000000466e+01	8.873699999999999477e+01	8.876000000000000512e+01	8.882899999999999352e+01	8.882899999999999352e+01	8.894299999999999784e+01	8.901200000000000045e+01	8.908100000000000307e+01	8.933299999999999841e+01	8.944700000000000273e+01	8.988200000000000500e+01	8.992799999999999727e+01	9.024800000000000466e+01	9.020199999999999818e+01	9.059099999999999397e+01	9.086599999999999966e+01	9.093500000000000227e+01	9.107200000000000273e+01	9.125499999999999545e+01	9.116400000000000148e+01	9.118699999999999761e+01	9.132399999999999807e+01	9.125499999999999545e+01	9.134699999999999420e+01	9.139300000000000068e+01	9.137000000000000455e+01	9.146099999999999852e+01	9.153000000000000114e+01	9.164400000000000546e+01	9.164400000000000546e+01	9.173600000000000421e+01	9.164400000000000546e+01	9.175900000000000034e+01	9.175900000000000034e+01	9.210200000000000387e+01	9.214799999999999613e+01	9.249099999999999966e+01	9.260599999999999454e+01	9.258299999999999841e+01	9.269700000000000273e+01	9.269700000000000273e+01	9.274299999999999500e+01	9.297199999999999420e+01	9.297199999999999420e+01	9.308599999999999852e+01	9.315500000000000114e+01	9.338400000000000034e+01	9.345199999999999818e+01	9.365800000000000125e+01	9.368099999999999739e+01	9.370399999999999352e+01	9.370399999999999352e+01	9.384199999999999875e+01	9.381900000000000261e+01	9.390999999999999659e+01
0.000000000000000000e+00	5.403210000000000264e+02	4.523849999999999909e+02	3.811800000000000068e+02	3.144379999999999882e+02	2.668079999999999927e+02	2.286299999999999955e+02	2.022400000000000091e+02	1.832659999999999911e+02	1.692810000000000059e+02	1.571500000000000057e+02	1.498489999999999895e+02	1.429600000000000080e+02	1.387019999999999982e+02	1.344219999999999970e+02	1.299819999999999993e+02	1.256790000000000020e+02	1.224519999999999982e+02	1.197510000000000048e+02	1.170499999999999972e+02	1.146929999999999978e+02	1.130450000000000017e+02	1.114200000000000017e+02	1.106640000000000015e+02	1.094969999999999999e+02	1.077349999999999994e+02	1.066129999999999995e+02	1.058580000000000041e+02	1.044849999999999994e+02	1.031800000000000068e+02	1.018979999999999961e+02	1.006159999999999997e+02	9.997599999999999909e+01	9.910599999999999454e+01	9.839600000000000080e+01	9.805299999999999727e+01	9.768699999999999761e+01	9.725199999999999534e+01	9.686299999999999955e+01	9.658799999999999386e+01	9.617600000000000193e+01	9.587900000000000489e+01	9.542100000000000648e+01	9.500900000000000034e+01	9.450499999999999545e+01	9.397899999999999920e+01	9.340699999999999648e+01	9.315500000000000114e+01	9.283400000000000318e+01	9.269700000000000273e+01	9.240000000000000568e+01	9.242199999999999704e+01	9.228499999999999659e+01	9.228499999999999659e+01	9.214799999999999613e+01	9.226200000000000045e+01	9.242199999999999704e+01	9.256000000000000227e+01	9.278900000000000148e+01	9.308599999999999852e+01	9.304000000000000625e+01	9.329200000000000159e+01	9.361299999999999955e+01	9.372700000000000387e+01	9.390999999999999659e+01	9.411599999999999966e+01	9.434499999999999886e+01	9.459699999999999420e+01	9.505500000000000682e+01	9.532899999999999352e+01	9.558100000000000307e+01	9.594700000000000273e+01	9.617600000000000193e+01	9.645099999999999341e+01	9.670300000000000296e+01	9.684000000000000341e+01	9.690900000000000603e+01	9.709199999999999875e+01	9.720600000000000307e+01	9.729800000000000182e+01	9.773300000000000409e+01	9.823600000000000421e+01	9.860200000000000387e+01	9.869400000000000261e+01	9.883100000000000307e+01	9.901399999999999579e+01	9.933499999999999375e+01	9.963200000000000500e+01	1.000669999999999931e+02	1.002500000000000000e+02	1.008220000000000027e+02	1.011430000000000007e+02	1.013949999999999960e+02	1.017150000000000034e+02	1.020810000000000031e+02	1.024249999999999972e+02	1.027219999999999942e+02	1.029740000000000038e+02	1.034090000000000060e+02	1.036380000000000052e+02	1.040040000000000049e+02	1.043930000000000007e+02	1.048050000000000068e+02	1.050109999999999957e+02	1.056059999999999945e+02	1.059270000000000067e+02	1.062009999999999934e+02	1.065439999999999969e+02	1.069339999999999975e+02	1.073229999999999933e+02	1.076889999999999930e+02	1.082609999999999957e+02	1.083529999999999944e+02	1.086500000000000057e+02	1.090849999999999937e+02	1.093829999999999956e+02	1.096800000000000068e+02	1.102980000000000018e+02	1.106640000000000015e+02	1.109849999999999994e+02	1.111910000000000025e+02	1.114650000000000034e+02	1.118550000000000040e+02	1.120610000000000070e+02	1.122210000000000036e+02	1.123349999999999937e+02	1.125639999999999930e+02	1.126560000000000059e+02	1.128160000000000025e+02	1.127930000000000064e+02	1.129069999999999965e+02	1.130220000000000056e+02	1.131129999999999995e+02	1.129989999999999952e+02	1.132510000000000048e+02	1.134110000000000014e+02	1.135250000000000057e+02	1.137079999999999984e+02	1.139369999999999976e+02	1.140520000000000067e+02	1.141659999999999968e+02	1.142579999999999956e+02	1.143949999999999960e+02	1.146009999999999991e+02	1.145780000000000030e+02	1.146700000000000017e+02	1.149899999999999949e+02	1.150819999999999936e+02	1.151730000000000018e+02	1.151959999999999980e+02	1.152189999999999941e+02	1.153559999999999945e+02	1.155169999999999959e+02	1.155849999999999937e+02	1.156770000000000067e+02	1.157459999999999951e+02	1.157680000000000007e+02	1.158829999999999956e+02	1.161800000000000068e+02	1.160889999999999986e+02	1.162720000000000056e+02	1.163409999999999940e+02	1.162950000000000017e+02	1.162720000000000056e+02	1.165010000000000048e+02	1.164779999999999944e+02	1.165240000000000009e+02	1.166610000000000014e+02	1.165919999999999987e+02	1.165919999999999987e+02	1.166610000000000014e+02	1.167980000000000018e+02	1.168209999999999980e+02	1.169819999999999993e+02	1.169819999999999993e+02	1.169360000000000070e+02	1.169819999999999993e+02	1.168900000000000006e+02	1.170040000000000049e+02	1.171880000000000024e+02	1.171880000000000024e+02	1.172099999999999937e+02	1.172789999999999964e+02	1.173709999999999951e+02	1.173250000000000028e+02	1.174620000000000033e+02	1.174620000000000033e+02	1.174849999999999994e+02	1.175079999999999956e+02	1.175990000000000038e+02
0.000000000000000000e+00	3.917309999999999945e+02	3.531650000000000205e+02	3.187409999999999854e+02	2.925799999999999841e+02	2.681809999999999832e+02	2.506709999999999923e+02	2.338489999999999895e+02	2.208019999999999925e+02	2.095180000000000007e+02	1.993329999999999984e+02	1.909559999999999889e+02	1.835629999999999882e+02	1.775209999999999866e+02	1.722560000000000002e+02	1.677930000000000064e+02	1.634670000000000130e+02	1.599430000000000121e+02	1.564639999999999986e+02	1.533509999999999991e+02	1.502150000000000034e+02	1.468959999999999866e+02	1.422500000000000000e+02	1.381990000000000123e+02	1.341709999999999923e+02	1.314010000000000105e+02	1.291349999999999909e+02	1.272810000000000059e+02	1.259309999999999974e+02	1.249240000000000066e+02	1.240769999999999982e+02	1.232759999999999962e+02	1.230240000000000009e+02	1.226580000000000013e+02	1.227720000000000056e+02	1.230240000000000009e+02	1.232530000000000001e+02	1.235049999999999955e+02	1.242830000000000013e+02	1.248089999999999975e+02	1.252900000000000063e+02	1.257249999999999943e+02	1.262049999999999983e+02	1.268229999999999933e+02	1.275100000000000051e+02	1.278760000000000048e+02	1.286090000000000089e+02	1.295010000000000048e+02	1.301879999999999882e+02	1.308290000000000077e+02	1.318820000000000050e+02	1.328660000000000139e+02	1.339190000000000111e+02	1.354290000000000020e+02	1.370089999999999861e+02	1.381299999999999955e+02	1.393890000000000100e+02	1.414950000000000045e+02	1.428679999999999950e+02	1.445620000000000118e+02	1.463700000000000045e+02	1.478350000000000080e+02	1.492769999999999868e+02	1.506270000000000095e+02	1.522520000000000095e+02	1.538309999999999889e+02	1.552729999999999961e+02	1.568760000000000048e+02	1.582719999999999914e+02	1.596220000000000141e+02	1.600569999999999879e+02	1.604689999999999941e+02	1.608350000000000080e+02	1.612470000000000141e+02	1.615680000000000121e+02	1.620480000000000018e+02	1.625060000000000002e+02	1.628040000000000020e+02	1.629869999999999948e+02	1.634219999999999970e+02	1.637189999999999941e+02	1.644060000000000059e+02	1.658249999999999886e+02	1.656189999999999998e+02	1.658710000000000093e+02	1.665569999999999879e+02	1.668779999999999859e+02	1.672899999999999920e+02	1.676790000000000020e+02	1.680449999999999875e+02	1.683650000000000091e+02	1.685490000000000066e+02	1.688230000000000075e+02	1.687549999999999955e+02	1.689149999999999920e+02	1.692119999999999891e+02	1.700130000000000052e+02	1.701510000000000105e+02	1.704029999999999916e+02	1.705860000000000127e+02	1.708369999999999891e+02	1.709519999999999982e+02	1.766510000000000105e+02	1.769259999999999877e+02	1.774519999999999982e+02	1.776810000000000116e+02	1.780010000000000048e+02	1.782760000000000105e+02	1.784590000000000032e+02	1.785279999999999916e+02	1.786879999999999882e+02	1.788710000000000093e+02	1.792369999999999948e+02	1.807940000000000111e+02	1.800159999999999911e+02	1.802220000000000084e+02	1.806339999999999861e+02	1.810000000000000000e+02	1.812740000000000009e+02	1.826020000000000039e+02	1.827390000000000043e+02	1.828540000000000134e+02	1.831279999999999859e+02	1.832199999999999989e+02	1.834490000000000123e+02	1.835399999999999920e+02	1.836550000000000011e+02	1.838149999999999977e+02	1.837920000000000016e+02	1.839290000000000020e+02	1.841579999999999870e+02	1.842959999999999923e+02	1.843640000000000043e+02	1.842959999999999923e+02	1.844099999999999966e+02	1.844790000000000134e+02	1.845469999999999970e+02	1.846160000000000139e+02	1.847079999999999984e+02	1.847079999999999984e+02	1.847079999999999984e+02	1.847990000000000066e+02	1.848220000000000027e+02	1.847079999999999984e+02	1.846620000000000061e+02	1.847309999999999945e+02	1.848909999999999911e+02	1.849139999999999873e+02	1.848909999999999911e+02	1.850509999999999877e+02	1.851649999999999920e+02	1.850049999999999955e+02	1.850509999999999877e+02	1.849590000000000032e+02	1.849819999999999993e+02	1.850509999999999877e+02	1.850970000000000084e+02	1.851430000000000007e+02	1.852340000000000089e+02	1.856690000000000111e+02	1.856229999999999905e+02	1.856229999999999905e+02	1.856920000000000073e+02	1.857599999999999909e+02	1.857379999999999995e+02	1.857150000000000034e+02	1.858060000000000116e+02	1.857379999999999995e+02	1.856920000000000073e+02	1.857379999999999995e+02	1.857829999999999870e+02	1.858290000000000077e+02	1.858060000000000116e+02	1.858290000000000077e+02	1.858750000000000000e+02	1.857829999999999870e+02	1.857379999999999995e+02	1.857599999999999909e+02	1.858060000000000116e+02	1.858060000000000116e+02	1.859439999999999884e+02	1.858060000000000116e+02	1.857829999999999870e+02	1.857599999999999909e+02	1.855769999999999982e+02	1.853489999999999895e+02	1.853710000000000093e+02	1.853489999999999895e+02	1.853259999999999934e+02	1.852110000000000127e+02
1.000000000000000000e+00	3.127440000000000282e+02	2.790299999999999727e+02	2.524799999999999898e+02	2.279890000000000043e+02	2.069780000000000086e+02	1.882319999999999993e+02	1.739039999999999964e+02	1.623919999999999959e+02	1.537630000000000052e+02	1.465989999999999895e+02	1.413120000000000118e+02	1.372829999999999870e+02	1.352920000000000016e+02	1.323389999999999986e+02	1.312640000000000100e+02	1.287460000000000093e+02	1.293180000000000121e+02	1.271670000000000016e+02	1.251749999999999972e+02	1.237560000000000002e+02	1.225199999999999960e+02	1.214449999999999932e+02	1.207349999999999994e+02	1.200030000000000001e+02	1.194530000000000030e+02	1.191790000000000020e+02	1.188580000000000041e+02	1.189039999999999964e+02	1.189039999999999964e+02	1.185150000000000006e+02	1.190870000000000033e+02	1.191099999999999994e+02	1.190639999999999930e+02	1.193160000000000025e+02	1.197279999999999944e+02	1.199110000000000014e+02	1.203919999999999959e+02	1.203689999999999998e+02	1.210559999999999974e+02	1.215589999999999975e+02	1.217189999999999941e+02	1.222000000000000028e+02	1.226809999999999974e+02	1.231610000000000014e+02	1.235729999999999933e+02	1.240310000000000059e+02	1.244890000000000043e+02	1.249009999999999962e+02	1.254039999999999964e+02	1.259539999999999935e+02	1.263659999999999997e+02	1.268460000000000036e+02	1.274410000000000025e+02	1.284480000000000075e+02	1.289519999999999982e+02	1.294099999999999966e+02	1.299360000000000070e+02	1.304170000000000016e+02	1.306459999999999866e+02	1.310809999999999889e+02	1.317899999999999920e+02	1.322940000000000111e+02	1.326370000000000005e+02	1.333919999999999959e+02	1.339190000000000111e+02	1.345600000000000023e+02	1.349490000000000123e+02	1.354749999999999943e+02	1.361620000000000061e+02	1.365740000000000123e+02	1.370089999999999861e+02	1.377640000000000100e+02	1.370540000000000020e+02	1.388629999999999995e+02	1.394579999999999984e+02	1.399149999999999920e+02	1.404420000000000073e+02	1.412199999999999989e+02	1.418379999999999939e+02	1.422270000000000039e+02	1.430279999999999916e+02	1.436690000000000111e+02	1.444929999999999950e+02	1.453629999999999995e+02	1.462779999999999916e+02	1.474689999999999941e+02	1.482700000000000102e+02	1.492079999999999984e+02	1.502150000000000034e+02	1.512909999999999968e+02	1.527789999999999964e+02	1.539000000000000057e+02	1.553880000000000052e+02	1.569439999999999884e+02	1.583629999999999995e+02	1.603549999999999898e+02	1.624149999999999920e+02	1.649089999999999918e+02	1.672669999999999959e+02	1.703110000000000070e+02	1.732640000000000100e+02	1.772690000000000055e+02	1.819840000000000089e+02	1.865389999999999873e+02	1.919629999999999939e+02	1.958770000000000095e+02	1.996310000000000002e+02	2.051239999999999952e+02	2.103420000000000130e+02	2.146220000000000141e+02	2.189939999999999998e+02	2.234799999999999898e+02	2.284699999999999989e+02	2.330469999999999970e+02	2.373499999999999943e+02	2.413329999999999984e+02	2.453609999999999900e+02	2.491839999999999975e+02	2.529139999999999873e+02	2.567139999999999986e+02	2.601009999999999991e+02	2.625269999999999868e+02	2.656859999999999786e+02	2.677690000000000055e+02	2.696000000000000227e+02	2.725749999999999886e+02	2.739940000000000282e+02	2.763519999999999754e+02	2.789379999999999882e+02	2.804719999999999800e+02	2.816850000000000023e+02	2.830579999999999927e+02	2.837679999999999723e+02	2.870409999999999968e+02	2.872919999999999732e+02	2.881850000000000023e+02	2.881159999999999854e+02	2.883679999999999950e+02	2.888720000000000141e+02	2.896499999999999773e+02	2.905199999999999818e+02	2.917559999999999718e+02	2.913670000000000186e+02	2.910230000000000246e+02	2.912060000000000173e+02	2.910690000000000168e+02	2.921449999999999818e+02	2.936100000000000136e+02	2.925799999999999841e+02	2.930369999999999777e+02	2.931059999999999945e+02	2.934039999999999964e+02	2.948910000000000196e+02	2.952579999999999814e+02	2.946850000000000023e+02	2.951429999999999723e+02	2.948229999999999791e+02	2.948460000000000036e+02	2.950289999999999964e+02	2.946850000000000023e+02	2.950740000000000123e+02	2.954639999999999986e+02	2.961499999999999773e+02	2.955090000000000146e+02	2.952799999999999727e+02	2.953949999999999818e+02	2.969510000000000218e+02	2.955550000000000068e+02	2.955090000000000146e+02	2.955550000000000068e+02	2.953489999999999895e+02	2.954859999999999900e+02	2.957149999999999750e+02	2.959669999999999845e+02	2.960129999999999768e+02	2.963559999999999945e+02	2.958530000000000086e+02	2.962189999999999941e+02	2.956009999999999991e+02	2.961039999999999850e+02	2.952350000000000136e+02	2.972719999999999914e+02	2.970659999999999741e+02	2.960129999999999768e+02	2.954859999999999900e+02	2.950520000000000209e+02	2.950289999999999964e+02	2.943650000000000091e+02	2.935869999999999891e+02
1.000000000000000000e+00	2.468259999999999934e+02	2.260440000000000111e+02	2.064060000000000059e+02	1.882319999999999993e+02	1.717760000000000105e+02	1.581119999999999948e+02	1.480639999999999930e+02	1.400300000000000011e+02	1.341250000000000000e+02	1.293180000000000121e+02	1.255190000000000055e+02	1.220630000000000024e+02	1.195909999999999940e+02	1.172789999999999964e+02	1.153340000000000032e+02	1.139369999999999976e+02	1.124950000000000045e+02	1.111449999999999960e+02	1.102069999999999936e+02	1.095660000000000025e+02	1.088329999999999984e+02	1.083529999999999944e+02	1.079180000000000064e+02	1.073679999999999950e+02	1.069339999999999975e+02	1.066129999999999995e+02	1.062699999999999960e+02	1.059039999999999964e+02	1.055370000000000061e+02	1.051940000000000026e+02	1.050799999999999983e+02	1.049879999999999995e+02	1.049419999999999931e+02	1.048280000000000030e+02	1.048970000000000056e+02	1.048970000000000056e+02	1.049879999999999995e+02	1.051250000000000000e+02	1.051479999999999961e+02	1.055829999999999984e+02	1.056290000000000049e+02	1.057660000000000053e+02	1.061099999999999994e+02	1.062930000000000064e+02	1.063610000000000042e+02	1.066820000000000022e+02	1.068649999999999949e+02	1.069110000000000014e+02	1.072309999999999945e+02	1.075060000000000002e+02	1.074830000000000041e+02	1.077800000000000011e+02	1.079639999999999986e+02	1.081009999999999991e+02	1.083529999999999944e+02	1.086500000000000057e+02	1.086959999999999980e+02	1.089710000000000036e+02	1.090849999999999937e+02	1.092219999999999942e+02	1.094740000000000038e+02	1.096119999999999948e+02	1.096569999999999965e+02	1.100229999999999961e+02	1.101839999999999975e+02	1.102289999999999992e+02	1.105729999999999933e+02	1.109849999999999994e+02	1.111219999999999999e+02	1.112369999999999948e+02	1.114650000000000034e+02	1.115340000000000060e+02	1.117630000000000052e+02	1.118769999999999953e+02	1.120379999999999967e+02	1.122439999999999998e+02	1.124039999999999964e+02	1.125639999999999930e+02	1.127930000000000064e+02	1.129069999999999965e+02	1.130220000000000056e+02	1.133190000000000026e+02	1.134569999999999936e+02	1.135030000000000001e+02	1.138460000000000036e+02	1.139599999999999937e+02	1.141889999999999930e+02	1.143259999999999934e+02	1.144180000000000064e+02	1.146009999999999991e+02	1.147840000000000060e+02	1.149899999999999949e+02	1.151280000000000001e+02	1.152420000000000044e+02	1.154939999999999998e+02	1.156770000000000067e+02	1.157459999999999951e+02	1.159740000000000038e+02	1.160889999999999986e+02	1.161350000000000051e+02	1.162489999999999952e+02	1.165240000000000009e+02	1.167530000000000001e+02	1.168209999999999980e+02	1.169360000000000070e+02	1.170729999999999933e+02	1.172560000000000002e+02	1.173479999999999990e+02	1.175769999999999982e+02	1.176910000000000025e+02	1.179429999999999978e+02	1.181719999999999970e+02	1.184230000000000018e+02	1.186290000000000049e+02	1.190870000000000033e+02	1.195450000000000017e+02	1.202090000000000032e+02	1.208719999999999999e+02	1.215589999999999975e+02	1.224519999999999982e+02	1.237339999999999947e+02	1.249470000000000027e+02	1.265259999999999962e+02	1.283110000000000070e+02	1.301189999999999998e+02	1.320420000000000016e+02	1.344219999999999970e+02	1.371920000000000073e+02	1.401440000000000055e+02	1.433029999999999973e+02	1.464840000000000089e+02	1.498029999999999973e+02	1.530080000000000098e+02	1.566239999999999952e+02	1.598969999999999914e+02	1.629639999999999986e+02	1.660080000000000098e+02	1.688230000000000075e+02	1.714550000000000125e+02	1.737210000000000036e+02	1.759190000000000111e+02	1.798100000000000023e+02	1.814799999999999898e+02	1.833569999999999993e+02	1.848679999999999950e+02	1.864699999999999989e+02	1.878429999999999893e+02	1.892849999999999966e+02	1.905670000000000073e+02	1.918950000000000102e+02	1.929470000000000027e+02	1.939540000000000077e+02	1.948700000000000045e+02	1.961519999999999868e+02	1.968379999999999939e+02	1.978000000000000114e+02	1.986920000000000073e+02	1.994019999999999868e+02	1.999739999999999895e+02	2.005459999999999923e+02	2.010730000000000075e+02	2.018050000000000068e+02	2.024919999999999902e+02	2.029269999999999925e+02	2.031330000000000098e+02	2.037280000000000086e+02	2.041169999999999902e+02	2.048029999999999973e+02	2.051239999999999952e+02	2.054900000000000091e+02	2.058110000000000070e+02	2.061999999999999886e+02	2.064290000000000020e+02	2.067259999999999991e+02	2.069780000000000086e+02	2.072069999999999936e+02	2.075960000000000036e+02	2.094960000000000093e+02	2.102510000000000048e+02	2.107090000000000032e+02	2.109379999999999882e+02	2.110289999999999964e+02	2.112119999999999891e+02	2.123340000000000032e+02	2.125850000000000080e+02	2.126999999999999886e+02	2.130200000000000102e+02	2.132719999999999914e+02	2.136380000000000052e+02
1.000000000000000000e+00	2.686390000000000100e+02	2.498470000000000084e+02	2.334139999999999873e+02	2.182160000000000082e+02	2.043460000000000036e+02	1.919170000000000016e+02	1.806560000000000059e+02	1.710660000000000025e+02	1.630550000000000068e+02	1.563029999999999973e+02	1.506500000000000057e+02	1.460949999999999989e+02	1.425699999999999932e+02	1.396639999999999873e+02	1.371920000000000073e+02	1.351320000000000050e+02	1.336899999999999977e+02	1.322709999999999866e+02	1.311490000000000009e+02	1.302340000000000089e+02	1.296390000000000100e+02	1.291119999999999948e+02	1.286769999999999925e+02	1.282199999999999989e+02	1.279219999999999970e+02	1.277849999999999966e+02	1.275559999999999974e+02	1.273730000000000047e+02	1.271670000000000016e+02	1.270979999999999990e+02	1.270979999999999990e+02	1.271209999999999951e+02	1.271209999999999951e+02	1.273040000000000020e+02	1.275330000000000013e+02	1.276929999999999978e+02	1.279449999999999932e+02	1.281049999999999898e+02	1.282649999999999864e+02	1.284939999999999998e+02	1.287230000000000132e+02	1.289979999999999905e+02	1.292949999999999875e+02	1.295469999999999970e+02	1.297990000000000066e+02	1.300740000000000123e+02	1.303480000000000132e+02	1.306459999999999866e+02	1.308979999999999961e+02	1.311490000000000009e+02	1.315610000000000070e+02	1.318129999999999882e+02	1.320649999999999977e+02	1.323619999999999948e+02	1.326829999999999927e+02	1.330260000000000105e+02	1.334840000000000089e+02	1.337589999999999861e+02	1.340329999999999870e+02	1.343079999999999927e+02	1.346049999999999898e+02	1.348799999999999955e+02	1.350399999999999920e+02	1.352920000000000016e+02	1.356119999999999948e+02	1.357959999999999923e+02	1.360240000000000009e+02	1.363220000000000027e+02	1.362529999999999859e+02	1.365279999999999916e+02	1.368029999999999973e+02	1.370320000000000107e+02	1.371690000000000111e+02	1.374209999999999923e+02	1.376040000000000134e+02	1.377870000000000061e+02	1.379929999999999950e+02	1.382220000000000084e+02	1.383590000000000089e+02	1.385649999999999977e+02	1.387249999999999943e+02	1.388170000000000073e+02	1.391140000000000043e+02	1.393199999999999932e+02	1.394350000000000023e+02	1.397319999999999993e+02	1.399149999999999920e+02	1.401899999999999977e+02	1.403050000000000068e+02	1.405329999999999870e+02	1.407170000000000130e+02	1.409230000000000018e+02	1.411510000000000105e+02	1.414720000000000084e+02	1.416779999999999973e+02	1.419979999999999905e+02	1.424099999999999966e+02	1.427990000000000066e+02	1.433029999999999973e+02	1.438520000000000039e+02	1.445159999999999911e+02	1.453629999999999995e+02	1.462779999999999916e+02	1.474230000000000018e+02	1.488189999999999884e+02	1.504439999999999884e+02	1.525269999999999868e+02	1.548609999999999900e+02	1.576310000000000002e+02	1.609950000000000045e+02	1.648180000000000121e+02	1.692580000000000098e+02	1.742479999999999905e+02	1.797640000000000100e+02	1.857599999999999909e+02	1.920320000000000107e+02	1.984859999999999900e+02	2.049639999999999986e+02	2.115099999999999909e+02	2.177350000000000136e+02	2.235949999999999989e+02	2.291790000000000020e+02	2.341920000000000073e+02	2.389070000000000107e+02	2.431409999999999911e+02	2.470780000000000030e+02	2.508540000000000134e+02	2.540819999999999936e+02	2.571490000000000009e+02	2.598269999999999982e+02	2.624820000000000277e+02	2.649080000000000155e+02	2.670819999999999936e+02	2.691190000000000282e+02	2.709959999999999809e+02	2.727359999999999900e+02	2.744060000000000059e+02	2.757570000000000050e+02	2.770840000000000032e+02	2.783430000000000177e+02	2.793960000000000150e+02	2.805400000000000205e+02	2.815930000000000177e+02	2.827149999999999750e+02	2.836070000000000277e+02	2.845919999999999845e+02	2.855760000000000218e+02	2.862169999999999845e+02	2.871320000000000050e+02	2.877269999999999754e+02	2.884370000000000118e+02	2.889630000000000223e+02	2.897640000000000100e+02	2.903589999999999804e+02	2.909549999999999841e+02	2.914580000000000268e+02	2.920529999999999973e+02	2.924649999999999750e+02	2.930600000000000023e+02	2.934490000000000123e+02	2.939529999999999745e+02	2.943190000000000168e+02	2.947769999999999868e+02	2.951429999999999723e+02	2.954639999999999986e+02	2.959440000000000168e+02	2.963330000000000268e+02	2.967450000000000045e+02	2.970430000000000064e+02	2.972950000000000159e+02	2.977069999999999936e+02	2.979130000000000109e+02	2.982559999999999718e+02	2.984850000000000136e+02	2.986220000000000141e+02	2.989649999999999750e+02	2.992169999999999845e+02	2.994689999999999941e+02	2.995830000000000268e+02	2.998349999999999795e+02	2.999950000000000045e+02	3.001789999999999736e+02	3.003159999999999741e+02	3.005910000000000082e+02	3.007970000000000255e+02	3.009340000000000259e+02	3.009569999999999936e+02	3.011630000000000109e+02	3.012540000000000191e+02
1.000000000000000000e+00	3.611979999999999791e+02	3.336870000000000118e+02	3.087620000000000005e+02	2.855989999999999895e+02	2.666240000000000236e+02	2.495269999999999868e+02	2.338259999999999934e+02	2.193149999999999977e+02	2.080310000000000059e+02	1.968839999999999861e+02	1.874540000000000077e+02	1.788480000000000132e+02	1.717069999999999936e+02	1.654590000000000032e+02	1.601490000000000009e+02	1.551819999999999879e+02	1.511310000000000002e+02	1.478350000000000080e+02	1.445850000000000080e+02	1.416320000000000050e+02	1.390459999999999923e+02	1.368480000000000132e+02	1.346740000000000066e+02	1.326599999999999966e+02	1.312179999999999893e+02	1.298220000000000027e+02	1.284710000000000036e+02	1.273040000000000020e+02	1.263430000000000035e+02	1.254270000000000067e+02	1.245570000000000022e+02	1.238940000000000055e+02	1.231159999999999997e+02	1.226580000000000013e+02	1.221539999999999964e+02	1.216280000000000001e+02	1.215589999999999975e+02	1.211009999999999991e+02	1.209180000000000064e+02	1.206440000000000055e+02	1.207579999999999956e+02	1.206440000000000055e+02	1.205750000000000028e+02	1.205750000000000028e+02	1.192469999999999999e+02	1.192699999999999960e+02	1.194309999999999974e+02	1.200490000000000066e+02	1.202549999999999955e+02	1.203919999999999959e+02	1.207579999999999956e+02	1.215589999999999975e+02	1.218340000000000032e+02	1.218110000000000070e+02	1.217650000000000006e+02	1.219249999999999972e+02	1.174159999999999968e+02	1.198649999999999949e+02	1.221539999999999964e+02	1.222690000000000055e+02	1.224749999999999943e+02	1.227489999999999952e+02	1.272810000000000059e+02	1.285860000000000127e+02	1.287460000000000093e+02	1.290209999999999866e+02	1.291349999999999909e+02	1.291119999999999948e+02	1.293410000000000082e+02	1.292719999999999914e+02	1.294559999999999889e+02	1.297990000000000066e+02	1.304859999999999900e+02	1.315840000000000032e+02	1.355900000000000034e+02	1.335070000000000050e+02	1.327290000000000134e+02	1.328429999999999893e+02	1.328199999999999932e+02	1.327740000000000009e+02	1.315159999999999911e+02	1.315380000000000109e+02	1.313319999999999936e+02	1.311949999999999932e+02	1.316069999999999993e+02	1.318360000000000127e+02	1.318590000000000089e+02	1.317439999999999998e+02	1.319730000000000132e+02	1.319960000000000093e+02	1.325229999999999961e+02	1.324079999999999870e+02	1.328660000000000139e+02	1.333919999999999959e+02	1.339650000000000034e+02	1.339420000000000073e+02	1.344449999999999932e+02	1.343079999999999927e+02	1.345370000000000061e+02	1.338959999999999866e+02	1.349950000000000045e+02	1.363449999999999989e+02	1.373979999999999961e+02	1.343770000000000095e+02	1.368710000000000093e+02	1.368710000000000093e+02	1.392750000000000057e+02	1.373750000000000000e+02	1.375579999999999927e+02	1.376040000000000134e+02	1.376270000000000095e+02	1.378329999999999984e+02	1.381069999999999993e+02	1.383820000000000050e+02	1.383590000000000089e+02	1.415409999999999968e+02	1.383360000000000127e+02	2.173689999999999998e+02	1.738820000000000050e+02	1.729430000000000121e+02	2.171860000000000070e+02	2.183530000000000086e+02	2.223360000000000127e+02	2.065889999999999986e+02	2.181930000000000121e+02	2.270970000000000084e+02	2.256090000000000089e+02	2.164759999999999991e+02	2.280809999999999889e+02	2.195889999999999986e+02	2.310099999999999909e+02	2.082820000000000107e+02	2.005459999999999923e+02	1.948700000000000045e+02	2.135010000000000048e+02	1.942059999999999889e+02	2.010960000000000036e+02	2.113040000000000020e+02	1.890109999999999957e+02	1.759639999999999986e+02	1.718669999999999902e+02	1.900409999999999968e+02	1.854859999999999900e+02	1.924209999999999923e+02	1.846160000000000139e+02	2.116699999999999875e+02	2.031330000000000098e+02	2.321550000000000011e+02	1.571959999999999980e+02	1.819840000000000089e+02	2.071610000000000014e+02	2.103420000000000130e+02	1.986690000000000111e+02	1.851879999999999882e+02	1.516570000000000107e+02	1.534420000000000073e+02	1.517259999999999991e+02	1.535109999999999957e+02	1.536939999999999884e+02	1.537860000000000014e+02	1.540149999999999864e+02	1.539459999999999980e+02	1.548389999999999986e+02	1.550219999999999914e+02	1.551589999999999918e+02	1.554790000000000134e+02	1.559139999999999873e+02	1.559600000000000080e+02	1.565320000000000107e+02	1.568300000000000125e+02	1.568979999999999961e+02	1.574019999999999868e+02	1.575389999999999873e+02	1.576999999999999886e+02	1.579739999999999895e+02	1.582719999999999914e+02	1.587520000000000095e+02	1.590960000000000036e+02	1.593019999999999925e+02	1.595540000000000020e+02	1.598969999999999914e+02	1.601490000000000009e+02	1.604689999999999941e+02	1.606519999999999868e+02	1.609730000000000132e+02	1.612700000000000102e+02	1.616129999999999995e+02	1.620250000000000057e+02	1.627580000000000098e+02
0.000000000000000000e+00	4.315110000000000241e+02	3.633500000000000227e+02	3.053050000000000068e+02	2.610400000000000205e+02	2.256320000000000050e+02	1.990360000000000014e+02	1.793520000000000039e+02	1.645430000000000064e+02	1.537630000000000052e+02	1.443329999999999984e+02	1.371229999999999905e+02	1.311260000000000048e+02	1.258160000000000025e+02	1.217650000000000006e+02	1.175990000000000038e+02	1.140750000000000028e+02	1.113509999999999991e+02	1.088559999999999945e+02	1.071170000000000044e+02	1.053769999999999953e+02	1.037519999999999953e+02	1.024699999999999989e+02	1.016239999999999952e+02	1.005250000000000057e+02	9.956399999999999295e+01	9.816700000000000159e+01	9.688599999999999568e+01	9.491700000000000159e+01	9.356699999999999307e+01	9.253700000000000614e+01	9.143800000000000239e+01	9.077500000000000568e+01	8.988200000000000500e+01	8.933299999999999841e+01	8.853100000000000591e+01	8.825700000000000500e+01	8.798199999999999932e+01	8.807399999999999807e+01	8.814199999999999591e+01	8.816500000000000625e+01	8.818800000000000239e+01	8.853100000000000591e+01	8.898900000000000432e+01	8.935500000000000398e+01	8.995099999999999341e+01	9.047700000000000387e+01	9.086599999999999966e+01	9.155299999999999727e+01	9.187300000000000466e+01	9.230800000000000693e+01	9.308599999999999852e+01	9.370399999999999352e+01	9.441400000000000148e+01	9.514600000000000080e+01	9.592400000000000659e+01	9.658799999999999386e+01	9.777800000000000580e+01	9.855700000000000216e+01	9.921999999999999886e+01	9.997599999999999909e+01	1.008910000000000053e+02	1.016689999999999969e+02	1.026760000000000019e+02	1.036610000000000014e+02	1.046449999999999960e+02	1.056290000000000049e+02	1.065439999999999969e+02	1.076200000000000045e+02	1.085819999999999936e+02	1.094969999999999999e+02	1.102519999999999953e+02	1.107789999999999964e+02	1.112369999999999948e+02	1.116940000000000026e+02	1.121979999999999933e+02	1.125639999999999930e+02	1.127240000000000038e+02	1.130679999999999978e+02	1.132740000000000009e+02	1.134800000000000040e+02	1.138229999999999933e+02	1.141200000000000045e+02	1.142349999999999994e+02	1.146239999999999952e+02	1.148529999999999944e+02	1.151959999999999980e+02	1.153110000000000070e+02	1.156080000000000041e+02	1.157680000000000007e+02	1.162489999999999952e+02	1.167980000000000018e+02	1.169129999999999967e+02	1.171880000000000024e+02	1.173250000000000028e+02	1.174159999999999968e+02	1.177600000000000051e+02	1.180799999999999983e+02	1.184009999999999962e+02	1.182860000000000014e+02	1.184920000000000044e+02	1.186520000000000010e+02	1.189959999999999951e+02	1.192469999999999999e+02	1.193619999999999948e+02	1.195909999999999940e+02	1.197510000000000048e+02	1.197279999999999944e+02	1.199110000000000014e+02	1.199569999999999936e+02	1.200490000000000066e+02	1.201860000000000070e+02	1.202999999999999972e+02	1.202999999999999972e+02	1.205520000000000067e+02	1.208949999999999960e+02	1.213760000000000048e+02	1.215360000000000014e+02	1.216050000000000040e+02	1.217189999999999941e+02	1.215130000000000052e+02	1.216280000000000001e+02	1.216740000000000066e+02	1.216509999999999962e+02	1.218799999999999955e+02	1.217420000000000044e+02	1.218799999999999955e+02	1.216740000000000066e+02	1.218799999999999955e+02	1.226350000000000051e+02	1.226119999999999948e+02	1.226350000000000051e+02	1.227720000000000056e+02	1.227720000000000056e+02	1.224749999999999943e+02	1.229099999999999966e+02	1.230469999999999970e+02	1.233900000000000006e+02	1.236419999999999959e+02	1.236189999999999998e+02	1.232759999999999962e+02	1.234590000000000032e+02	1.235499999999999972e+02	1.236880000000000024e+02	1.239170000000000016e+02	1.239399999999999977e+02	1.240079999999999956e+02	1.241230000000000047e+02	1.240999999999999943e+02	1.241460000000000008e+02	1.243520000000000039e+02	1.261830000000000069e+02	1.255420000000000016e+02	1.252439999999999998e+02	1.252210000000000036e+02	1.251530000000000058e+02	1.253130000000000024e+02	1.252439999999999998e+02	1.252439999999999998e+02	1.253359999999999985e+02	1.254729999999999990e+02	1.254500000000000028e+02	1.257249999999999943e+02	1.258619999999999948e+02	1.258619999999999948e+02	1.260679999999999978e+02	1.261599999999999966e+02	1.259989999999999952e+02	1.261599999999999966e+02	1.261140000000000043e+02	1.260450000000000017e+02	1.260450000000000017e+02	1.261830000000000069e+02	1.262279999999999944e+02	1.268689999999999998e+02	1.268460000000000036e+02	1.269150000000000063e+02	1.270520000000000067e+02	1.271670000000000016e+02	1.269150000000000063e+02	1.269380000000000024e+02	1.268229999999999933e+02	1.269150000000000063e+02	1.279219999999999970e+02	1.277620000000000005e+02	1.277159999999999940e+02	1.278529999999999944e+02	1.278529999999999944e+02	1.279219999999999970e+02	1.280140000000000100e+02
0.000000000000000000e+00	3.161089999999999804e+02	2.822339999999999804e+02	2.514039999999999964e+02	2.283549999999999898e+02	2.053300000000000125e+02	1.879579999999999984e+02	1.725999999999999943e+02	1.606980000000000075e+02	1.495060000000000002e+02	1.410370000000000061e+02	1.349950000000000045e+02	1.300049999999999955e+02	1.253130000000000024e+02	1.227489999999999952e+02	1.189270000000000067e+02	1.155619999999999976e+02	1.125639999999999930e+02	1.096340000000000003e+02	1.064069999999999965e+02	1.041640000000000015e+02	1.018520000000000039e+02	9.997599999999999909e+01	9.832800000000000296e+01	9.670300000000000296e+01	9.532899999999999352e+01	9.404800000000000182e+01	9.301800000000000068e+01	9.207899999999999352e+01	9.114100000000000534e+01	9.034000000000000341e+01	8.940099999999999625e+01	8.876000000000000512e+01	8.800499999999999545e+01	8.750199999999999534e+01	8.699800000000000466e+01	8.683799999999999386e+01	8.637999999999999545e+01	8.612800000000000011e+01	8.585399999999999920e+01	8.560200000000000387e+01	8.507500000000000284e+01	8.507500000000000284e+01	8.457200000000000273e+01	8.441200000000000614e+01	8.434300000000000352e+01	8.418300000000000693e+01	8.415999999999999659e+01	8.464100000000000534e+01	8.452599999999999625e+01	8.443500000000000227e+01	8.457200000000000273e+01	8.461799999999999500e+01	8.448000000000000398e+01	8.445699999999999363e+01	8.429699999999999704e+01	8.429699999999999704e+01	8.379399999999999693e+01	8.443500000000000227e+01	8.452599999999999625e+01	8.443500000000000227e+01	8.473199999999999932e+01	8.457200000000000273e+01	8.461799999999999500e+01	8.482399999999999807e+01	8.491500000000000625e+01	8.507500000000000284e+01	8.541899999999999693e+01	8.525799999999999557e+01	8.523600000000000421e+01	8.544199999999999307e+01	8.539600000000000080e+01	8.537300000000000466e+01	8.525799999999999557e+01	8.532699999999999818e+01	8.523600000000000421e+01	8.507500000000000284e+01	8.512099999999999511e+01	8.528100000000000591e+01	8.546399999999999864e+01	8.560200000000000387e+01	8.583100000000000307e+01	8.587600000000000477e+01	8.601399999999999579e+01	8.612800000000000011e+01	8.635699999999999932e+01	8.640300000000000580e+01	8.672299999999999898e+01	8.679200000000000159e+01	8.709000000000000341e+01	8.725000000000000000e+01	8.727299999999999613e+01	8.738700000000000045e+01	8.743300000000000693e+01	8.756999999999999318e+01	8.775300000000000011e+01	8.782200000000000273e+01	8.795900000000000318e+01	8.825700000000000500e+01	8.846299999999999386e+01	8.864600000000000080e+01	8.880599999999999739e+01	8.889799999999999613e+01	8.901200000000000045e+01	8.912699999999999534e+01	8.917199999999999704e+01	8.931000000000000227e+01	8.942400000000000659e+01	8.956100000000000705e+01	8.985899999999999466e+01	8.999599999999999511e+01	9.015699999999999648e+01	9.036299999999999955e+01	9.050000000000000000e+01	9.075199999999999534e+01	9.102599999999999625e+01	9.120900000000000318e+01	9.134699999999999420e+01	9.155299999999999727e+01	9.157599999999999341e+01	9.166700000000000159e+01	9.194199999999999307e+01	9.214799999999999613e+01	9.228499999999999659e+01	9.242199999999999704e+01	9.265099999999999625e+01	9.292600000000000193e+01	9.308599999999999852e+01	9.322400000000000375e+01	9.349800000000000466e+01	9.372700000000000387e+01	9.386400000000000432e+01	9.416200000000000614e+01	9.439100000000000534e+01	9.462000000000000455e+01	9.484900000000000375e+01	9.491700000000000159e+01	9.496299999999999386e+01	9.523799999999999955e+01	9.571800000000000352e+01	9.583299999999999841e+01	9.592400000000000659e+01	9.615300000000000580e+01	9.631300000000000239e+01	9.640500000000000114e+01	9.658799999999999386e+01	9.681699999999999307e+01	9.697700000000000387e+01	9.704600000000000648e+01	9.715999999999999659e+01	9.738899999999999579e+01	9.700000000000000000e+01	9.709199999999999875e+01	9.725199999999999534e+01	9.734300000000000352e+01	9.757200000000000273e+01	9.766400000000000148e+01	9.784699999999999420e+01	9.812199999999999989e+01	9.832800000000000296e+01	9.851099999999999568e+01	9.867100000000000648e+01	9.896899999999999409e+01	9.915200000000000102e+01	9.931199999999999761e+01	9.937999999999999545e+01	9.954099999999999682e+01	9.983799999999999386e+01	9.997599999999999909e+01	1.001820000000000022e+02	1.005019999999999953e+02	1.008910000000000053e+02	1.010510000000000019e+02	1.012570000000000050e+02	1.014399999999999977e+02	1.017379999999999995e+02	1.020130000000000052e+02	1.022189999999999941e+02	1.025619999999999976e+02	1.027909999999999968e+02	1.028589999999999947e+02	1.031569999999999965e+02	1.034549999999999983e+02	1.037060000000000031e+02	1.040729999999999933e+02	1.043010000000000019e+02	1.045070000000000050e+02	1.048050000000000068e+02	1.048739999999999952e+02	1.051029999999999944e+02
1.000000000000000000e+00	1.407170000000000130e+02	1.301419999999999959e+02	1.187669999999999959e+02	1.104579999999999984e+02	1.025160000000000053e+02	9.581000000000000227e+01	8.942400000000000659e+01	8.441200000000000614e+01	8.029200000000000159e+01	7.713299999999999557e+01	7.392900000000000205e+01	7.102200000000000557e+01	6.880200000000000671e+01	6.610099999999999909e+01	6.335399999999999920e+01	6.097399999999999665e+01	5.861699999999999733e+01	5.703699999999999903e+01	5.502300000000000324e+01	5.353499999999999659e+01	5.200200000000000244e+01	5.062899999999999778e+01	4.953000000000000114e+01	4.834000000000000341e+01	4.740100000000000335e+01	4.662299999999999756e+01	4.582200000000000273e+01	4.490699999999999648e+01	4.497500000000000142e+01	4.438000000000000256e+01	4.378499999999999659e+01	4.277799999999999869e+01	4.213700000000000045e+01	4.138199999999999790e+01	4.069500000000000028e+01	4.014600000000000080e+01	3.964200000000000301e+01	3.927600000000000335e+01	3.886399999999999721e+01	3.886399999999999721e+01	3.858899999999999864e+01	3.799399999999999977e+01	3.774300000000000210e+01	3.756000000000000227e+01	3.751400000000000290e+01	3.714800000000000324e+01	3.712500000000000000e+01	3.717000000000000171e+01	3.717000000000000171e+01	3.717000000000000171e+01	3.707900000000000063e+01	3.710199999999999676e+01	3.703300000000000125e+01	3.719299999999999784e+01	3.719299999999999784e+01	3.719299999999999784e+01	3.735399999999999920e+01	3.742199999999999704e+01	3.771999999999999886e+01	3.783400000000000318e+01	3.781099999999999994e+01	3.783400000000000318e+01	3.785699999999999932e+01	3.820000000000000284e+01	3.845199999999999818e+01	3.856700000000000017e+01	3.865800000000000125e+01	3.863499999999999801e+01	3.879500000000000171e+01	3.904699999999999704e+01	3.909300000000000352e+01	3.893299999999999983e+01	3.888700000000000045e+01	3.978000000000000114e+01	3.978000000000000114e+01	3.978000000000000114e+01	3.973400000000000176e+01	3.982500000000000284e+01	4.000900000000000034e+01	4.035199999999999676e+01	4.051200000000000045e+01	4.058100000000000307e+01	4.090100000000000335e+01	4.119899999999999807e+01	4.108400000000000318e+01	4.117600000000000193e+01	4.110699999999999932e+01	4.122200000000000131e+01	4.108400000000000318e+01	4.106099999999999994e+01	4.094700000000000273e+01	4.106099999999999994e+01	4.108400000000000318e+01	4.099300000000000210e+01	4.087800000000000011e+01	4.081000000000000227e+01	4.085499999999999687e+01	4.117600000000000193e+01	4.128999999999999915e+01	4.161099999999999710e+01	4.135900000000000176e+01	4.140500000000000114e+01	4.156499999999999773e+01	4.165599999999999881e+01	4.172500000000000142e+01	4.167900000000000205e+01	4.215999999999999659e+01	4.204599999999999937e+01	4.275500000000000256e+01	4.261800000000000210e+01	4.254899999999999949e+01	4.257200000000000273e+01	4.273199999999999932e+01	4.247999999999999687e+01	4.247999999999999687e+01	4.243500000000000227e+01	4.264099999999999824e+01	4.270900000000000318e+01	4.300699999999999790e+01	4.303000000000000114e+01	4.346500000000000341e+01	4.355599999999999739e+01	4.399099999999999966e+01	4.410600000000000165e+01	4.401400000000000290e+01	4.415100000000000335e+01	4.396800000000000352e+01	4.403699999999999903e+01	4.410600000000000165e+01	4.431199999999999761e+01	4.467799999999999727e+01	4.463199999999999790e+01	4.465500000000000114e+01	4.506700000000000017e+01	4.554699999999999704e+01	4.566199999999999903e+01	4.573100000000000165e+01	4.607399999999999807e+01	4.628000000000000114e+01	4.673799999999999955e+01	4.689800000000000324e+01	4.733299999999999841e+01	4.788199999999999790e+01	4.918699999999999761e+01	5.046800000000000352e+01	5.120100000000000051e+01	5.406199999999999761e+01	5.513799999999999812e+01	5.635099999999999909e+01	5.749499999999999744e+01	5.852499999999999858e+01	5.969200000000000017e+01	6.085999999999999943e+01	6.198100000000000165e+01	6.351500000000000057e+01	6.491100000000000136e+01	6.639900000000000091e+01	6.768000000000000682e+01	6.887099999999999511e+01	7.006100000000000705e+01	7.127400000000000091e+01	7.234999999999999432e+01	7.356300000000000239e+01	7.473000000000000398e+01	7.571399999999999864e+01	7.662999999999999545e+01	7.745399999999999352e+01	7.841500000000000625e+01	7.903300000000000125e+01	7.971999999999999886e+01	8.038299999999999557e+01	8.145900000000000318e+01	8.200799999999999557e+01	8.264900000000000091e+01	8.317600000000000193e+01	8.358799999999999386e+01	8.397700000000000387e+01	8.438899999999999579e+01	8.475499999999999545e+01	8.507500000000000284e+01	8.539600000000000080e+01	8.569299999999999784e+01	8.644899999999999807e+01	8.674599999999999511e+01	8.706699999999999307e+01	8.743300000000000693e+01	8.770799999999999841e+01	8.798199999999999932e+01	8.828000000000000114e+01
1.000000000000000000e+00	1.785509999999999877e+02	1.651150000000000091e+02	1.524579999999999984e+02	1.411059999999999945e+02	1.304629999999999939e+02	1.213070000000000022e+02	1.136860000000000070e+02	1.073679999999999950e+02	1.025390000000000015e+02	9.832800000000000296e+01	9.429900000000000659e+01	9.139300000000000068e+01	8.880599999999999739e+01	8.624299999999999500e+01	8.418300000000000693e+01	8.177899999999999636e+01	7.962800000000000011e+01	7.777400000000000091e+01	7.621800000000000352e+01	7.454699999999999704e+01	7.303600000000000136e+01	7.154800000000000182e+01	7.024399999999999977e+01	6.921399999999999864e+01	6.827500000000000568e+01	6.724500000000000455e+01	6.655899999999999750e+01	6.587199999999999989e+01	6.520799999999999841e+01	6.456799999999999784e+01	6.420099999999999341e+01	6.362899999999999778e+01	6.335399999999999920e+01	6.282800000000000296e+01	6.236999999999999744e+01	6.214099999999999824e+01	6.193500000000000227e+01	6.154599999999999937e+01	6.129500000000000171e+01	6.111099999999999710e+01	6.095100000000000051e+01	6.074499999999999744e+01	6.081400000000000006e+01	6.063100000000000023e+01	6.058500000000000085e+01	6.063100000000000023e+01	6.049300000000000210e+01	6.047099999999999653e+01	6.042499999999999716e+01	6.044800000000000040e+01	6.056199999999999761e+01	6.069899999999999807e+01	6.069899999999999807e+01	6.079099999999999682e+01	6.092799999999999727e+01	6.111099999999999710e+01	6.102000000000000313e+01	6.127199999999999847e+01	6.138600000000000279e+01	6.152300000000000324e+01	6.161500000000000199e+01	6.172899999999999920e+01	6.200399999999999778e+01	6.218699999999999761e+01	6.223299999999999699e+01	6.221000000000000085e+01	6.241599999999999682e+01	6.253099999999999881e+01	6.280499999999999972e+01	6.287400000000000233e+01	6.296500000000000341e+01	6.312599999999999767e+01	6.303399999999999892e+01	6.328600000000000136e+01	6.461299999999999955e+01	6.475100000000000477e+01	6.502500000000000568e+01	6.495699999999999363e+01	6.511700000000000443e+01	6.509399999999999409e+01	6.527700000000000102e+01	6.534600000000000364e+01	6.555200000000000671e+01	6.562000000000000455e+01	6.587199999999999989e+01	6.603199999999999648e+01	6.619299999999999784e+01	6.642199999999999704e+01	6.655899999999999750e+01	6.706199999999999761e+01	6.717700000000000671e+01	6.724500000000000455e+01	6.733700000000000330e+01	6.761199999999999477e+01	6.768000000000000682e+01	6.781799999999999784e+01	6.809199999999999875e+01	6.820699999999999363e+01	6.850400000000000489e+01	6.868699999999999761e+01	6.877899999999999636e+01	6.893899999999999295e+01	6.930500000000000682e+01	6.932800000000000296e+01	6.967199999999999704e+01	6.983199999999999363e+01	7.012900000000000489e+01	7.047299999999999898e+01	7.072400000000000375e+01	7.109099999999999397e+01	7.152599999999999625e+01	7.177700000000000102e+01	7.186899999999999977e+01	7.214400000000000546e+01	7.225799999999999557e+01	7.251000000000000512e+01	7.276200000000000045e+01	7.296800000000000352e+01	7.305899999999999750e+01	7.326500000000000057e+01	7.342499999999999716e+01	7.363100000000000023e+01	7.385999999999999943e+01	7.408899999999999864e+01	7.408899999999999864e+01	7.447799999999999443e+01	7.463800000000000523e+01	7.482099999999999795e+01	7.489000000000000057e+01	7.516500000000000625e+01	7.543899999999999295e+01	7.569100000000000250e+01	7.585099999999999909e+01	7.589700000000000557e+01	7.607999999999999829e+01	7.626300000000000523e+01	7.635500000000000398e+01	7.662999999999999545e+01	7.679000000000000625e+01	7.683599999999999852e+01	7.717900000000000205e+01	7.733899999999999864e+01	7.747599999999999909e+01	7.768200000000000216e+01	7.791100000000000136e+01	7.795699999999999363e+01	7.823199999999999932e+01	7.866700000000000159e+01	7.873499999999999943e+01	7.898699999999999477e+01	7.921599999999999397e+01	7.935299999999999443e+01	7.969700000000000273e+01	7.992600000000000193e+01	7.999399999999999977e+01	8.024599999999999511e+01	8.054399999999999693e+01	8.070399999999999352e+01	8.097799999999999443e+01	8.113899999999999579e+01	8.125300000000000011e+01	8.150499999999999545e+01	8.173399999999999466e+01	8.196299999999999386e+01	8.214600000000000080e+01	8.255800000000000693e+01	8.276399999999999579e+01	8.312999999999999545e+01	8.338200000000000500e+01	8.354200000000000159e+01	8.390800000000000125e+01	8.418300000000000693e+01	8.452599999999999625e+01	8.480100000000000193e+01	8.512099999999999511e+01	8.534999999999999432e+01	8.573900000000000432e+01	8.615099999999999625e+01	8.644899999999999807e+01	8.688400000000000034e+01	8.738700000000000045e+01	8.791400000000000148e+01	8.846299999999999386e+01	8.931000000000000227e+01	9.013400000000000034e+01	9.130100000000000193e+01	9.240000000000000568e+01	9.377299999999999613e+01	9.558100000000000307e+01
1.000000000000000000e+00	2.013470000000000084e+02	1.857829999999999870e+02	1.719819999999999993e+02	1.591419999999999959e+02	1.475140000000000100e+02	1.366879999999999882e+02	1.324310000000000116e+02	1.186520000000000010e+02	1.120829999999999984e+02	1.072309999999999945e+02	1.032489999999999952e+02	1.000210000000000008e+02	9.750400000000000489e+01	9.535200000000000387e+01	9.333799999999999386e+01	9.189600000000000080e+01	9.063700000000000045e+01	8.944700000000000273e+01	8.871500000000000341e+01	8.798199999999999932e+01	8.722700000000000387e+01	8.649399999999999977e+01	8.525799999999999557e+01	8.390800000000000125e+01	8.269499999999999318e+01	8.150499999999999545e+01	8.024599999999999511e+01	7.935299999999999443e+01	7.857500000000000284e+01	7.770499999999999829e+01	7.701900000000000546e+01	7.633199999999999363e+01	7.576000000000000512e+01	7.525600000000000023e+01	7.493600000000000705e+01	7.459300000000000352e+01	7.431799999999999784e+01	7.418099999999999739e+01	7.399699999999999989e+01	7.379200000000000159e+01	7.388299999999999557e+01	7.376900000000000546e+01	7.381399999999999295e+01	7.379200000000000159e+01	7.385999999999999943e+01	7.397499999999999432e+01	7.401999999999999602e+01	7.418099999999999739e+01	7.440900000000000603e+01	7.450100000000000477e+01	7.470699999999999363e+01	7.479900000000000659e+01	7.504999999999999716e+01	7.514199999999999591e+01	7.541700000000000159e+01	7.559999999999999432e+01	7.582899999999999352e+01	7.603499999999999659e+01	7.628600000000000136e+01	7.646899999999999409e+01	7.651500000000000057e+01	7.679000000000000625e+01	7.690399999999999636e+01	7.740800000000000125e+01	7.761400000000000432e+01	7.784300000000000352e+01	7.809399999999999409e+01	7.832299999999999329e+01	7.850600000000000023e+01	7.866700000000000159e+01	7.884999999999999432e+01	7.891800000000000637e+01	7.926200000000000045e+01	7.960500000000000398e+01	7.990300000000000580e+01	8.006300000000000239e+01	8.040600000000000591e+01	8.063500000000000512e+01	8.079500000000000171e+01	8.106999999999999318e+01	8.111599999999999966e+01	8.148199999999999932e+01	8.182500000000000284e+01	8.212300000000000466e+01	8.230599999999999739e+01	8.274099999999999966e+01	8.290099999999999625e+01	8.335899999999999466e+01	8.377100000000000080e+01	8.400000000000000000e+01	8.468600000000000705e+01	8.509799999999999898e+01	8.560200000000000387e+01	8.619700000000000273e+01	8.686100000000000421e+01	8.773000000000000398e+01	8.873699999999999477e+01	8.985899999999999466e+01	9.104900000000000659e+01	9.281199999999999761e+01	9.466599999999999682e+01	9.690900000000000603e+01	9.924299999999999500e+01	1.021039999999999992e+02	1.052630000000000052e+02	1.085589999999999975e+02	1.122890000000000015e+02	1.159060000000000059e+02	1.198649999999999949e+02	1.237339999999999947e+02	1.276250000000000000e+02	1.312179999999999893e+02	1.350169999999999959e+02	1.384960000000000093e+02	1.420670000000000073e+02	1.457290000000000134e+02	1.487959999999999923e+02	1.518170000000000073e+02	1.546330000000000098e+02	1.571959999999999980e+02	1.597599999999999909e+02	1.623000000000000114e+02	1.643600000000000136e+02	1.662829999999999870e+02	1.683880000000000052e+02	1.703799999999999955e+02	1.723710000000000093e+02	1.741560000000000059e+02	1.760790000000000077e+02	1.776579999999999870e+02	1.792139999999999986e+02	1.808849999999999909e+02	1.822589999999999861e+02	1.836550000000000011e+02	1.851430000000000007e+02	1.864929999999999950e+02	1.877520000000000095e+02	1.889879999999999995e+02	1.900409999999999968e+02	1.911390000000000100e+02	1.925579999999999927e+02	1.934739999999999895e+02	1.943660000000000139e+02	1.950759999999999934e+02	1.957630000000000052e+02	1.962659999999999911e+02	1.965869999999999891e+02	1.969989999999999952e+02	1.977079999999999984e+02	1.980060000000000002e+02	1.987609999999999957e+02	1.991500000000000057e+02	1.990130000000000052e+02	1.996769999999999925e+02	1.998600000000000136e+02	2.002259999999999991e+02	2.005000000000000000e+02	2.008899999999999864e+02	2.013019999999999925e+02	2.013019999999999925e+02	2.019199999999999875e+02	2.018739999999999952e+02	2.022400000000000091e+02	2.024919999999999902e+02	2.026059999999999945e+02	2.027889999999999873e+02	2.030409999999999968e+02	2.032930000000000064e+02	2.039339999999999975e+02	2.042309999999999945e+02	2.044370000000000118e+02	2.045519999999999925e+02	2.047810000000000059e+02	2.049639999999999986e+02	2.051239999999999952e+02	2.054209999999999923e+02	2.055130000000000052e+02	2.056500000000000057e+02	2.058789999999999907e+02	2.061310000000000002e+02	2.061539999999999964e+02	2.063369999999999891e+02	2.066570000000000107e+02	2.062680000000000007e+02	2.065200000000000102e+02	2.067030000000000030e+02	2.069319999999999879e+02	2.070469999999999970e+02	2.072069999999999936e+02
0.000000000000000000e+00	4.817049999999999841e+02	4.129490000000000123e+02	3.470310000000000059e+02	2.915500000000000114e+02	2.481310000000000002e+02	2.090380000000000109e+02	1.841349999999999909e+02	1.678160000000000025e+02	1.579060000000000059e+02	1.481320000000000050e+02	1.413120000000000118e+02	1.358870000000000005e+02	1.314010000000000105e+02	1.277620000000000005e+02	1.245120000000000005e+02	1.216280000000000001e+02	1.195220000000000056e+02	1.173250000000000028e+02	1.154020000000000010e+02	1.137770000000000010e+02	1.124270000000000067e+02	1.111680000000000064e+02	1.100229999999999961e+02	1.089939999999999998e+02	1.084899999999999949e+02	1.075520000000000067e+02	1.069789999999999992e+02	1.068190000000000026e+02	1.061550000000000011e+02	1.069339999999999975e+02	1.061779999999999973e+02	1.054230000000000018e+02	1.049189999999999969e+02	1.041179999999999950e+02	1.037289999999999992e+02	1.012120000000000033e+02	1.009369999999999976e+02	1.008220000000000027e+02	1.008679999999999950e+02	1.008910000000000053e+02	1.011200000000000045e+02	1.013949999999999960e+02	1.016239999999999952e+02	1.023559999999999945e+02	1.027909999999999968e+02	1.032489999999999952e+02	1.035460000000000065e+02	1.041640000000000015e+02	1.047129999999999939e+02	1.054230000000000018e+02	1.058119999999999976e+02	1.061550000000000011e+02	1.063610000000000042e+02	1.066359999999999957e+02	1.068880000000000052e+02	1.070480000000000018e+02	1.071170000000000044e+02	1.078029999999999973e+02	1.080319999999999965e+02	1.082150000000000034e+02	1.083979999999999961e+02	1.084669999999999987e+02	1.086039999999999992e+02	1.087420000000000044e+02	1.091080000000000041e+02	1.091310000000000002e+02	1.094060000000000059e+02	1.095889999999999986e+02	1.095889999999999986e+02	1.097259999999999991e+02	1.097720000000000056e+02	1.099549999999999983e+02	1.101610000000000014e+02	1.104129999999999967e+02	1.104350000000000023e+02	1.104809999999999945e+02	1.107330000000000041e+02	1.109389999999999930e+02	1.109849999999999994e+02	1.110990000000000038e+02	1.112369999999999948e+02	1.114650000000000034e+02	1.115799999999999983e+02	1.116710000000000065e+02	1.118319999999999936e+02	1.119459999999999980e+02	1.122890000000000015e+02	1.124950000000000045e+02	1.124039999999999964e+02	1.123119999999999976e+02	1.123810000000000002e+02	1.124270000000000067e+02	1.124039999999999964e+02	1.124729999999999990e+02	1.125409999999999968e+02	1.125639999999999930e+02	1.127699999999999960e+02	1.130450000000000017e+02	1.130679999999999978e+02	1.132049999999999983e+02	1.134569999999999936e+02	1.135939999999999941e+02	1.137999999999999972e+02	1.140060000000000002e+02	1.139599999999999937e+02	1.142810000000000059e+02	1.143490000000000038e+02	1.143719999999999999e+02	1.145780000000000030e+02	1.147840000000000060e+02	1.148299999999999983e+02	1.149669999999999987e+02	1.152189999999999941e+02	1.152189999999999941e+02	1.154020000000000010e+02	1.155400000000000063e+02	1.155619999999999976e+02	1.157680000000000007e+02	1.158599999999999994e+02	1.161800000000000068e+02	1.163640000000000043e+02	1.165240000000000009e+02	1.165919999999999987e+02	1.167300000000000040e+02	1.167980000000000018e+02	1.168900000000000006e+02	1.170960000000000036e+02	1.172330000000000041e+02	1.171189999999999998e+02	1.172560000000000002e+02	1.174389999999999930e+02	1.173709999999999951e+02	1.173930000000000007e+02	1.174620000000000033e+02	1.175079999999999956e+02	1.176219999999999999e+02	1.176219999999999999e+02	1.177139999999999986e+02	1.176680000000000064e+02	1.177600000000000051e+02	1.177139999999999986e+02	1.178280000000000030e+02	1.178509999999999991e+02	1.178050000000000068e+02	1.179890000000000043e+02	1.180109999999999957e+02	1.180340000000000060e+02	1.179890000000000043e+02	1.180340000000000060e+02	1.181490000000000009e+02	1.182169999999999987e+02	1.183319999999999936e+02	1.182630000000000052e+02	1.184009999999999962e+02	1.182630000000000052e+02	1.181490000000000009e+02	1.181949999999999932e+02	1.181719999999999970e+02	1.180340000000000060e+02	1.181260000000000048e+02	1.182169999999999987e+02	1.180570000000000022e+02	1.179890000000000043e+02	1.180570000000000022e+02	1.180570000000000022e+02	1.180570000000000022e+02	1.181490000000000009e+02	1.180799999999999983e+02	1.181260000000000048e+02	1.181260000000000048e+02	1.181719999999999970e+02	1.181949999999999932e+02	1.181260000000000048e+02	1.181260000000000048e+02	1.181949999999999932e+02	1.181260000000000048e+02	1.180799999999999983e+02	1.182399999999999949e+02	1.180570000000000022e+02	1.180109999999999957e+02	1.181260000000000048e+02	1.181490000000000009e+02	1.180109999999999957e+02	1.181719999999999970e+02	1.181490000000000009e+02	1.180340000000000060e+02	1.180570000000000022e+02	1.180340000000000060e+02	1.180340000000000060e+02
0.000000000000000000e+00	2.400060000000000002e+02	2.224269999999999925e+02	2.048489999999999895e+02	1.888959999999999866e+02	1.739730000000000132e+02	1.611790000000000020e+02	1.509480000000000075e+02	1.426850000000000023e+02	1.357959999999999923e+02	1.308979999999999961e+02	1.265259999999999962e+02	1.223370000000000033e+02	1.194080000000000013e+02	1.169360000000000070e+02	1.152650000000000006e+02	1.140289999999999964e+02	1.126099999999999994e+02	1.114659999999999940e+02	1.104360000000000070e+02	1.095889999999999986e+02	1.088100000000000023e+02	1.078949999999999960e+02	1.072540000000000049e+02	1.067049999999999983e+02	1.063160000000000025e+02	1.059260000000000019e+02	1.056059999999999945e+02	1.053080000000000069e+02	1.051250000000000000e+02	1.050340000000000060e+02	1.048960000000000008e+02	1.049879999999999995e+02	1.049650000000000034e+02	1.049650000000000034e+02	1.051479999999999961e+02	1.052169999999999987e+02	1.053769999999999953e+02	1.054689999999999941e+02	1.056059999999999945e+02	1.057199999999999989e+02	1.059260000000000019e+02	1.061099999999999994e+02	1.062699999999999960e+02	1.065439999999999969e+02	1.068190000000000026e+02	1.069339999999999975e+02	1.072540000000000049e+02	1.074599999999999937e+02	1.076200000000000045e+02	1.078949999999999960e+02	1.081470000000000056e+02	1.083979999999999961e+02	1.086269999999999953e+02	1.089020000000000010e+02	1.091310000000000002e+02	1.094279999999999973e+02	1.096569999999999965e+02	1.099320000000000022e+02	1.102300000000000040e+02	1.104579999999999984e+02	1.106640000000000015e+02	1.109620000000000033e+02	1.111910000000000025e+02	1.114879999999999995e+02	1.115799999999999983e+02	1.117860000000000014e+02	1.120379999999999967e+02	1.123349999999999937e+02	1.125180000000000007e+02	1.125870000000000033e+02	1.128619999999999948e+02	1.130220000000000056e+02	1.132049999999999983e+02	1.134569999999999936e+02	1.136860000000000070e+02	1.138460000000000036e+02	1.140979999999999990e+02	1.141889999999999930e+02	1.143259999999999934e+02	1.146009999999999991e+02	1.147159999999999940e+02	1.148760000000000048e+02	1.151050000000000040e+02	1.153340000000000032e+02	1.154249999999999972e+02	1.156770000000000067e+02	1.158139999999999930e+02	1.159290000000000020e+02	1.161580000000000013e+02	1.163179999999999978e+02	1.165010000000000048e+02	1.166839999999999975e+02	1.168900000000000006e+02	1.169590000000000032e+02	1.171880000000000024e+02	1.173479999999999990e+02	1.174620000000000033e+02	1.176449999999999960e+02	1.178509999999999991e+02	1.180120000000000005e+02	1.181949999999999932e+02	1.184240000000000066e+02	1.184009999999999962e+02	1.186520000000000010e+02	1.187900000000000063e+02	1.189039999999999964e+02	1.188580000000000041e+02	1.192930000000000064e+02	1.193389999999999986e+02	1.195450000000000017e+02	1.197510000000000048e+02	1.197969999999999970e+02	1.202090000000000032e+02	1.202540000000000049e+02	1.202540000000000049e+02	1.204380000000000024e+02	1.204599999999999937e+02	1.204599999999999937e+02	1.205979999999999990e+02	1.206889999999999930e+02	1.206889999999999930e+02	1.208719999999999999e+02	1.209410000000000025e+02	1.208949999999999960e+02	1.212159999999999940e+02	1.212840000000000060e+02	1.211929999999999978e+02	1.213070000000000022e+02	1.213990000000000009e+02	1.213760000000000048e+02	1.214680000000000035e+02	1.215130000000000052e+02	1.215130000000000052e+02	1.217420000000000044e+02	1.216959999999999980e+02	1.216959999999999980e+02	1.219020000000000010e+02	1.218799999999999955e+02	1.218340000000000032e+02	1.219249999999999972e+02	1.219479999999999933e+02	1.219710000000000036e+02	1.219710000000000036e+02	1.220859999999999985e+02	1.220400000000000063e+02	1.220859999999999985e+02	1.222459999999999951e+02	1.221310000000000002e+02	1.222920000000000016e+02	1.222920000000000016e+02	1.223139999999999930e+02	1.223829999999999956e+02	1.224749999999999943e+02	1.224060000000000059e+02	1.224749999999999943e+02	1.224749999999999943e+02	1.225889999999999986e+02	1.225430000000000064e+02	1.225889999999999986e+02	1.224980000000000047e+02	1.226350000000000051e+02	1.225889999999999986e+02	1.225660000000000025e+02	1.227489999999999952e+02	1.227489999999999952e+02	1.227259999999999991e+02	1.227720000000000056e+02	1.227489999999999952e+02	1.228409999999999940e+02	1.228870000000000005e+02	1.229099999999999966e+02	1.228870000000000005e+02	1.229549999999999983e+02	1.230240000000000009e+02	1.231380000000000052e+02	1.231159999999999997e+02	1.230699999999999932e+02	1.231610000000000014e+02	1.232530000000000001e+02	1.232300000000000040e+02	1.231839999999999975e+02	1.233900000000000006e+02	1.233220000000000027e+02	1.233220000000000027e+02	1.233670000000000044e+02	1.234129999999999967e+02	1.233439999999999941e+02	1.234129999999999967e+02	1.233900000000000006e+02
1.000000000000000000e+00	5.084610000000000127e+02	4.483570000000000277e+02	3.952099999999999795e+02	3.514019999999999868e+02	3.184200000000000159e+02	2.845000000000000000e+02	2.557529999999999859e+02	2.324979999999999905e+02	2.146910000000000025e+02	2.005920000000000130e+02	1.902920000000000016e+02	1.832199999999999989e+02	1.760099999999999909e+02	1.685029999999999859e+02	1.628489999999999895e+02	1.582030000000000030e+02	1.549759999999999991e+02	1.516570000000000107e+02	1.488650000000000091e+02	1.465070000000000050e+02	1.444470000000000027e+02	1.427309999999999945e+02	1.411289999999999907e+02	1.397319999999999993e+02	1.384279999999999973e+02	1.367340000000000089e+02	1.343540000000000134e+02	1.323389999999999986e+02	1.307829999999999870e+02	1.293640000000000043e+02	1.286539999999999964e+02	1.278529999999999944e+02	1.271899999999999977e+02	1.272810000000000059e+02	1.277620000000000005e+02	1.279219999999999970e+02	1.280819999999999936e+02	1.283569999999999993e+02	1.287920000000000016e+02	1.296390000000000100e+02	1.303019999999999925e+02	1.308750000000000000e+02	1.316529999999999916e+02	1.324310000000000116e+02	1.334610000000000127e+02	1.344910000000000139e+02	1.355440000000000111e+02	1.365509999999999877e+02	1.379240000000000066e+02	1.388849999999999909e+02	1.398470000000000084e+02	1.411970000000000027e+02	1.421589999999999918e+02	1.427760000000000105e+02	1.433029999999999973e+02	1.436690000000000111e+02	1.440349999999999966e+02	1.444470000000000027e+02	1.447450000000000045e+02	1.449970000000000141e+02	1.451570000000000107e+02	1.454319999999999879e+02	1.458890000000000100e+02	1.461639999999999873e+02	1.458890000000000100e+02	1.460720000000000027e+02	1.466220000000000141e+02	1.466899999999999977e+02	1.467820000000000107e+02	1.470569999999999879e+02	1.470790000000000077e+02	1.472630000000000052e+02	1.476059999999999945e+02	1.505579999999999927e+02	1.507419999999999902e+02	1.509929999999999950e+02	1.512680000000000007e+02	1.515200000000000102e+02	1.523439999999999941e+02	1.522059999999999889e+02	1.522290000000000134e+02	1.579060000000000059e+02	1.578369999999999891e+02	1.579970000000000141e+02	1.583400000000000034e+02	1.587299999999999898e+02	1.590039999999999907e+02	1.593249999999999886e+02	1.593700000000000045e+02	1.601719999999999970e+02	1.601260000000000048e+02	1.607669999999999959e+02	1.616819999999999879e+02	1.620939999999999941e+02	1.627580000000000098e+02	1.640620000000000118e+02	1.651610000000000014e+02	1.666260000000000048e+02	1.678849999999999909e+02	1.698300000000000125e+02	1.739039999999999964e+02	1.753689999999999998e+02	1.781160000000000139e+02	1.831279999999999859e+02	1.865620000000000118e+02	1.889650000000000034e+02	1.923979999999999961e+02	1.970900000000000034e+02	2.020569999999999879e+02	2.077789999999999964e+02	2.138669999999999902e+02	2.202529999999999859e+02	2.271419999999999959e+02	2.345120000000000005e+02	2.425689999999999884e+02	2.499850000000000136e+02	2.578349999999999795e+02	2.654800000000000182e+02	2.731929999999999836e+02	2.807010000000000218e+02	2.877959999999999923e+02	2.949830000000000041e+02	3.014139999999999873e+02	3.069990000000000236e+02	3.124689999999999941e+02	3.188100000000000023e+02	3.240049999999999955e+02	3.284230000000000018e+02	3.323820000000000050e+02	3.362500000000000000e+02	3.396610000000000014e+02	3.429110000000000014e+02	3.454739999999999895e+02	3.480609999999999786e+02	3.497769999999999868e+02	3.521800000000000068e+02	3.549959999999999809e+02	3.569639999999999986e+02	3.600310000000000059e+02	3.616789999999999736e+02	3.628690000000000282e+02	3.634870000000000232e+02	3.644490000000000123e+02	3.654100000000000250e+02	3.650210000000000150e+02	3.664169999999999732e+02	3.670579999999999927e+02	3.677219999999999800e+02	3.684080000000000155e+02	3.687289999999999850e+02	3.692090000000000032e+02	3.695760000000000218e+02	3.701709999999999923e+02	3.705140000000000100e+02	3.708109999999999786e+02	3.725740000000000123e+02	3.721619999999999777e+02	3.735579999999999927e+02	3.736720000000000255e+02	3.741070000000000277e+02	3.743820000000000050e+02	3.772660000000000196e+02	3.773570000000000277e+02	3.771739999999999782e+02	3.777919999999999732e+02	3.881840000000000259e+02	3.884350000000000023e+02	3.888469999999999800e+02	3.889619999999999891e+02	3.891449999999999818e+02	3.892359999999999900e+02	3.896940000000000168e+02	3.900380000000000109e+02	3.909990000000000236e+02	3.911129999999999995e+02	3.918460000000000036e+02	3.919370000000000118e+02	3.931960000000000264e+02	3.941800000000000068e+02	3.941120000000000232e+02	3.950960000000000036e+02	3.957819999999999823e+02	3.956449999999999818e+02	3.956449999999999818e+02	3.958509999999999991e+02	3.959660000000000082e+02	3.960570000000000164e+02	3.960570000000000164e+02	3.958969999999999914e+02
1.000000000000000000e+00	2.636949999999999932e+02	2.426610000000000014e+02	2.234339999999999975e+02	2.045970000000000084e+02	1.889190000000000111e+02	1.749569999999999936e+02	1.634670000000000130e+02	1.532820000000000107e+02	1.462100000000000080e+02	1.395029999999999859e+02	1.338729999999999905e+02	1.292500000000000000e+02	1.254500000000000028e+02	1.222690000000000055e+02	1.197510000000000048e+02	1.175079999999999956e+02	1.156770000000000067e+02	1.142349999999999994e+02	1.130450000000000017e+02	1.118319999999999936e+02	1.110990000000000038e+02	1.103670000000000044e+02	1.096569999999999965e+02	1.092219999999999942e+02	1.090849999999999937e+02	1.086730000000000018e+02	1.086730000000000018e+02	1.084210000000000065e+02	1.081700000000000017e+02	1.083760000000000048e+02	1.082609999999999957e+02	1.083299999999999983e+02	1.084669999999999987e+02	1.086269999999999953e+02	1.086500000000000057e+02	1.088559999999999945e+02	1.090619999999999976e+02	1.092000000000000028e+02	1.101149999999999949e+02	1.103670000000000044e+02	1.105270000000000010e+02	1.107789999999999964e+02	1.112590000000000003e+02	1.114200000000000017e+02	1.118089999999999975e+02	1.120829999999999984e+02	1.122890000000000015e+02	1.126560000000000059e+02	1.131359999999999957e+02	1.134569999999999936e+02	1.137999999999999972e+02	1.142120000000000033e+02	1.143259999999999934e+02	1.148990000000000009e+02	1.162720000000000056e+02	1.165010000000000048e+02	1.170040000000000049e+02	1.173930000000000007e+02	1.176449999999999960e+02	1.181719999999999970e+02	1.186069999999999993e+02	1.188580000000000041e+02	1.192699999999999960e+02	1.196820000000000022e+02	1.199569999999999936e+02	1.203919999999999959e+02	1.206440000000000055e+02	1.195450000000000017e+02	1.179659999999999940e+02	1.169129999999999967e+02	1.140060000000000002e+02	1.121749999999999972e+02	1.110990000000000038e+02	1.104579999999999984e+02	1.105040000000000049e+02	1.107330000000000041e+02	1.109620000000000033e+02	1.114650000000000034e+02	1.120379999999999967e+02	1.126560000000000059e+02	1.135480000000000018e+02	1.143949999999999960e+02	1.153110000000000070e+02	1.167980000000000018e+02	1.180799999999999983e+02	1.195450000000000017e+02	1.213760000000000048e+02	1.230930000000000035e+02	1.248089999999999975e+02	1.267780000000000058e+02	1.288830000000000098e+02	1.310579999999999927e+02	1.334379999999999882e+02	1.359099999999999966e+02	1.387940000000000111e+02	1.413120000000000118e+02	1.441270000000000095e+02	1.468509999999999991e+02	1.498720000000000141e+02	1.528930000000000007e+02	1.557079999999999984e+02	1.589130000000000109e+02	1.620250000000000057e+02	1.647259999999999991e+02	1.679530000000000030e+02	1.710660000000000025e+02	1.743619999999999948e+02	1.778640000000000043e+02	1.812290000000000134e+02	1.846390000000000100e+02	1.883240000000000123e+02	1.919399999999999977e+02	1.954650000000000034e+02	1.993100000000000023e+02	2.029039999999999964e+02	2.064290000000000020e+02	2.101359999999999957e+02	2.137760000000000105e+02	2.170939999999999941e+02	2.204590000000000032e+02	2.232059999999999889e+02	2.258609999999999900e+02	2.285159999999999911e+02	2.307820000000000107e+02	2.324070000000000107e+02	2.343520000000000039e+02	2.357030000000000030e+02	2.370989999999999895e+02	2.386090000000000089e+02	2.398909999999999911e+02	2.403259999999999934e+02	2.421570000000000107e+02	2.427980000000000018e+02	2.439190000000000111e+02	2.450409999999999968e+02	2.459339999999999975e+02	2.466659999999999968e+02	2.475130000000000052e+02	2.480389999999999873e+02	2.486800000000000068e+02	2.492520000000000095e+02	2.496870000000000118e+02	2.500989999999999895e+02	2.506939999999999884e+02	2.511980000000000075e+02	2.514269999999999925e+02	2.520900000000000034e+02	2.526399999999999864e+02	2.528460000000000036e+02	2.533489999999999895e+02	2.536699999999999875e+02	2.540130000000000052e+02	2.540819999999999936e+02	2.558439999999999941e+02	2.558669999999999902e+02	2.562789999999999964e+02	2.564619999999999891e+02	2.565539999999999736e+02	2.570339999999999918e+02	2.572629999999999768e+02	2.572169999999999845e+02	2.575609999999999786e+02	2.577440000000000282e+02	2.577900000000000205e+02	2.572860000000000014e+02	2.580179999999999723e+02	2.581329999999999814e+02	2.584300000000000068e+02	2.584990000000000236e+02	2.585219999999999914e+02	2.587740000000000009e+02	2.587509999999999764e+02	2.587280000000000086e+02	2.588199999999999932e+02	2.587740000000000009e+02	2.587970000000000255e+02	2.588419999999999845e+02	2.587970000000000255e+02	2.586360000000000241e+02	2.587509999999999764e+02	2.586589999999999918e+02	2.581789999999999736e+02	2.581560000000000059e+02	2.583389999999999986e+02	2.580869999999999891e+02	2.582699999999999818e+02	2.582470000000000141e+02	2.581789999999999736e+02	2.583159999999999741e+02
1.000000000000000000e+00	2.346040000000000134e+02	2.158810000000000002e+02	1.971589999999999918e+02	1.795120000000000005e+02	1.636959999999999980e+02	1.502609999999999957e+02	1.401670000000000016e+02	1.318590000000000089e+02	1.252669999999999959e+02	1.206670000000000016e+02	1.170729999999999933e+02	1.137309999999999945e+02	1.111910000000000025e+02	1.091310000000000002e+02	1.070939999999999941e+02	1.056290000000000049e+02	1.043239999999999981e+02	1.030199999999999960e+02	1.021039999999999992e+02	1.013949999999999960e+02	1.007540000000000049e+02	1.002960000000000065e+02	9.974699999999999989e+01	9.935800000000000409e+01	9.919700000000000273e+01	9.855700000000000216e+01	9.761799999999999500e+01	9.649699999999999989e+01	9.535200000000000387e+01	9.418500000000000227e+01	9.301800000000000068e+01	9.207899999999999352e+01	9.125499999999999545e+01	9.061400000000000432e+01	9.022499999999999432e+01	8.928700000000000614e+01	8.898900000000000432e+01	8.871500000000000341e+01	8.837099999999999511e+01	8.846299999999999386e+01	8.841700000000000159e+01	8.830299999999999727e+01	8.825700000000000500e+01	8.843999999999999773e+01	8.843999999999999773e+01	8.857699999999999818e+01	8.862300000000000466e+01	8.876000000000000512e+01	8.908100000000000307e+01	8.926399999999999579e+01	8.933299999999999841e+01	8.960699999999999932e+01	8.985899999999999466e+01	9.015699999999999648e+01	9.045399999999999352e+01	9.072899999999999920e+01	9.084300000000000352e+01	9.111799999999999500e+01	9.127800000000000580e+01	9.141500000000000625e+01	9.173600000000000421e+01	9.194199999999999307e+01	9.196500000000000341e+01	9.242199999999999704e+01	9.260599999999999454e+01	9.285699999999999932e+01	9.324599999999999511e+01	9.343000000000000682e+01	9.352100000000000080e+01	9.386400000000000432e+01	9.411599999999999966e+01	9.429900000000000659e+01	9.464300000000000068e+01	9.484900000000000375e+01	9.503199999999999648e+01	9.544400000000000261e+01	9.578700000000000614e+01	9.601600000000000534e+01	9.642799999999999727e+01	9.661100000000000421e+01	9.693099999999999739e+01	9.725199999999999534e+01	9.745799999999999841e+01	9.768699999999999761e+01	9.800700000000000500e+01	9.821299999999999386e+01	9.848799999999999955e+01	9.887699999999999534e+01	9.915200000000000102e+01	9.933499999999999375e+01	9.965500000000000114e+01	9.981499999999999773e+01	1.001590000000000060e+02	1.005250000000000057e+02	1.010280000000000058e+02	1.012570000000000050e+02	1.016460000000000008e+02	1.017840000000000060e+02	1.020360000000000014e+02	1.024479999999999933e+02	1.027680000000000007e+02	1.030199999999999960e+02	1.033629999999999995e+02	1.037289999999999992e+02	1.039350000000000023e+02	1.043010000000000019e+02	1.047360000000000042e+02	1.050570000000000022e+02	1.059489999999999981e+02	1.067279999999999944e+02	1.075060000000000002e+02	1.087650000000000006e+02	1.100460000000000065e+02	1.114200000000000017e+02	1.134110000000000014e+02	1.154479999999999933e+02	1.177830000000000013e+02	1.209869999999999948e+02	1.240540000000000020e+02	1.272129999999999939e+02	1.310349999999999966e+02	1.346970000000000027e+02	1.380389999999999873e+02	1.421129999999999995e+02	1.468729999999999905e+02	1.503069999999999879e+02	1.537860000000000014e+02	1.571040000000000134e+02	1.601490000000000009e+02	1.634219999999999970e+02	1.663060000000000116e+02	1.689379999999999882e+02	1.717529999999999859e+02	1.742249999999999943e+02	1.765819999999999936e+02	1.788710000000000093e+02	1.810680000000000121e+02	1.830600000000000023e+02	1.853940000000000055e+02	1.870649999999999977e+02	1.890109999999999957e+02	1.905440000000000111e+02	1.924670000000000130e+02	1.936800000000000068e+02	1.951899999999999977e+02	1.965639999999999930e+02	1.983489999999999895e+02	1.997450000000000045e+02	2.011870000000000118e+02	2.024919999999999902e+02	2.053069999999999879e+02	2.061769999999999925e+02	2.073209999999999980e+02	2.086490000000000009e+02	2.097019999999999982e+02	2.107769999999999868e+02	2.117839999999999918e+02	2.132259999999999991e+02	2.141419999999999959e+02	2.156069999999999993e+02	2.165910000000000082e+02	2.174149999999999920e+02	2.188110000000000070e+02	2.200929999999999893e+02	2.211459999999999866e+02	2.224499999999999886e+02	2.236399999999999864e+02	2.245329999999999870e+02	2.256550000000000011e+02	2.266850000000000023e+02	2.277829999999999870e+02	2.286990000000000123e+02	2.295229999999999961e+02	2.314449999999999932e+02	2.328640000000000043e+02	2.335049999999999955e+02	2.339399999999999977e+02	2.345349999999999966e+02	2.355420000000000016e+02	2.359540000000000077e+02	2.365720000000000027e+02	2.370759999999999934e+02	2.376709999999999923e+02	2.382429999999999950e+02	2.386779999999999973e+02	2.390670000000000073e+02	2.393420000000000130e+02	2.395709999999999980e+02	2.402340000000000089e+02
1.000000000000000000e+00	3.588870000000000005e+02	3.257450000000000045e+02	3.020550000000000068e+02	2.747040000000000077e+02	2.528230000000000075e+02	2.315829999999999984e+02	2.136610000000000014e+02	1.991040000000000134e+02	1.860120000000000005e+02	1.760099999999999909e+02	1.671299999999999955e+02	1.613619999999999948e+02	1.528240000000000123e+02	1.471709999999999923e+02	1.425480000000000018e+02	1.387479999999999905e+02	1.358410000000000082e+02	1.325229999999999961e+02	1.292500000000000000e+02	1.259080000000000013e+02	1.217420000000000044e+02	1.179890000000000043e+02	1.140520000000000067e+02	1.108469999999999942e+02	1.080090000000000003e+02	1.055600000000000023e+02	1.035000000000000000e+02	1.017609999999999957e+02	1.001359999999999957e+02	9.873999999999999488e+01	9.732099999999999795e+01	9.681699999999999307e+01	9.619899999999999807e+01	9.594700000000000273e+01	9.521500000000000341e+01	9.473399999999999466e+01	9.482599999999999341e+01	9.434499999999999886e+01	9.375000000000000000e+01	9.400199999999999534e+01	9.390999999999999659e+01	9.427599999999999625e+01	9.388700000000000045e+01	9.386400000000000432e+01	9.388700000000000045e+01	9.359000000000000341e+01	9.336100000000000421e+01	9.310899999999999466e+01	9.315500000000000114e+01	9.304000000000000625e+01	9.278900000000000148e+01	9.294899999999999807e+01	9.331499999999999773e+01	9.294899999999999807e+01	9.301800000000000068e+01	9.324599999999999511e+01	9.343000000000000682e+01	9.336100000000000421e+01	9.345199999999999818e+01	9.336100000000000421e+01	9.324599999999999511e+01	9.375000000000000000e+01	9.349800000000000466e+01	9.356699999999999307e+01	9.365800000000000125e+01	9.393300000000000693e+01	9.429900000000000659e+01	9.448199999999999932e+01	9.466599999999999682e+01	9.468800000000000239e+01	9.457399999999999807e+01	9.471099999999999852e+01	9.519199999999999307e+01	9.521500000000000341e+01	9.542100000000000648e+01	9.530599999999999739e+01	9.532899999999999352e+01	9.544400000000000261e+01	9.528400000000000603e+01	9.539799999999999613e+01	9.558100000000000307e+01	9.574099999999999966e+01	9.574099999999999966e+01	9.631300000000000239e+01	9.654200000000000159e+01	9.658799999999999386e+01	9.702299999999999613e+01	9.697700000000000387e+01	9.722899999999999920e+01	9.745799999999999841e+01	9.754900000000000659e+01	9.782399999999999807e+01	9.768699999999999761e+01	9.800700000000000500e+01	9.828199999999999648e+01	9.839600000000000080e+01	9.857899999999999352e+01	9.871699999999999875e+01	9.887699999999999534e+01	9.901399999999999579e+01	9.924299999999999500e+01	9.997599999999999909e+01	9.995300000000000296e+01	1.027909999999999968e+02	1.031800000000000068e+02	1.032030000000000030e+02	1.032710000000000008e+02	1.036380000000000052e+02	1.038889999999999958e+02	1.041869999999999976e+02	1.046449999999999960e+02	1.054920000000000044e+02	1.062240000000000038e+02	1.073229999999999933e+02	1.083529999999999944e+02	1.094969999999999999e+02	1.107560000000000002e+02	1.120829999999999984e+02	1.137079999999999984e+02	1.157000000000000028e+02	1.181490000000000009e+02	1.206209999999999951e+02	1.231839999999999975e+02	1.261370000000000005e+02	1.292949999999999875e+02	1.329350000000000023e+02	1.368259999999999934e+02	1.414259999999999877e+02	1.459120000000000061e+02	1.501009999999999991e+02	1.544720000000000084e+02	1.587750000000000057e+02	1.629410000000000025e+02	1.665339999999999918e+02	1.694869999999999948e+02	1.738129999999999882e+02	1.764679999999999893e+02	1.786879999999999882e+02	1.808400000000000034e+02	1.827620000000000005e+02	1.846390000000000100e+02	1.866759999999999877e+02	1.882319999999999993e+02	1.896740000000000066e+02	1.910709999999999980e+02	1.924209999999999923e+02	1.940920000000000130e+02	1.955800000000000125e+02	1.966779999999999973e+02	1.981659999999999968e+02	1.990360000000000014e+02	2.002030000000000030e+02	2.009120000000000061e+02	2.019879999999999995e+02	2.029039999999999964e+02	2.038420000000000130e+02	2.051469999999999914e+02	2.063830000000000098e+02	2.070469999999999970e+02	2.081680000000000064e+02	2.086260000000000048e+02	2.093580000000000041e+02	2.098160000000000025e+02	2.105260000000000105e+02	2.111430000000000007e+02	2.122880000000000109e+02	2.139819999999999993e+02	2.150569999999999879e+02	2.154240000000000066e+02	2.162249999999999943e+02	2.174149999999999920e+02	2.173000000000000114e+02	2.206419999999999959e+02	2.217860000000000014e+02	2.220610000000000070e+02	2.220840000000000032e+02	2.226790000000000020e+02	2.227709999999999866e+02	2.235720000000000027e+02	2.241899999999999977e+02	2.245790000000000077e+02	2.250370000000000061e+02	2.255169999999999959e+02	2.256550000000000011e+02	2.263640000000000043e+02	2.275089999999999861e+02	2.282179999999999893e+02	2.286990000000000123e+02	2.292019999999999982e+02
0.000000000000000000e+00	4.980470000000000255e+02	4.337540000000000191e+02	3.755040000000000191e+02	3.245539999999999736e+02	2.815699999999999932e+02	2.526860000000000070e+02	2.306899999999999977e+02	2.134780000000000086e+02	1.995620000000000118e+02	1.868820000000000050e+02	1.767880000000000109e+02	1.676560000000000059e+02	1.600109999999999957e+02	1.542659999999999911e+02	1.495509999999999877e+02	1.454540000000000077e+02	1.403959999999999866e+02	1.350399999999999920e+02	1.301879999999999882e+02	1.251530000000000058e+02	1.215819999999999936e+02	1.188349999999999937e+02	1.166380000000000052e+02	1.149669999999999987e+02	1.131129999999999995e+02	1.118550000000000040e+02	1.107789999999999964e+02	1.098179999999999978e+02	1.090849999999999937e+02	1.083299999999999983e+02	1.073229999999999933e+02	1.065669999999999931e+02	1.061329999999999956e+02	1.055150000000000006e+02	1.051029999999999944e+02	1.044620000000000033e+02	1.044159999999999968e+02	1.038670000000000044e+02	1.041640000000000015e+02	1.049879999999999995e+02	1.045300000000000011e+02	1.046219999999999999e+02	1.050109999999999957e+02	1.053089999999999975e+02	1.047590000000000003e+02	1.053089999999999975e+02	1.051710000000000065e+02	1.049879999999999995e+02	1.048739999999999952e+02	1.044389999999999930e+02	1.041640000000000015e+02	1.039120000000000061e+02	1.038439999999999941e+02	1.044849999999999994e+02	1.045529999999999973e+02	1.044389999999999930e+02	1.046219999999999999e+02	1.047590000000000003e+02	1.044849999999999994e+02	1.048509999999999991e+02	1.048050000000000068e+02	1.048739999999999952e+02	1.044849999999999994e+02	1.054920000000000044e+02	1.053310000000000031e+02	1.056749999999999972e+02	1.053089999999999975e+02	1.051479999999999961e+02	1.051029999999999944e+02	1.053769999999999953e+02	1.063160000000000025e+02	1.065669999999999931e+02	1.069110000000000014e+02	1.072999999999999972e+02	1.073679999999999950e+02	1.071850000000000023e+02	1.072079999999999984e+02	1.072999999999999972e+02	1.071620000000000061e+02	1.076200000000000045e+02	1.073679999999999950e+02	1.076659999999999968e+02	1.075739999999999981e+02	1.076430000000000007e+02	1.075060000000000002e+02	1.077120000000000033e+02	1.077800000000000011e+02	1.077349999999999994e+02	1.079410000000000025e+02	1.082609999999999957e+02	1.088559999999999945e+02	1.089710000000000036e+02	1.089249999999999972e+02	1.100010000000000048e+02	1.101610000000000014e+02	1.105040000000000049e+02	1.107099999999999937e+02	1.109849999999999994e+02	1.110990000000000038e+02	1.114879999999999995e+02	1.116710000000000065e+02	1.118769999999999953e+02	1.120150000000000006e+02	1.123349999999999937e+02	1.126329999999999956e+02	1.126099999999999994e+02	1.127699999999999960e+02	1.137540000000000049e+02	1.139830000000000041e+02	1.140520000000000067e+02	1.143949999999999960e+02	1.148299999999999983e+02	1.149899999999999949e+02	1.150360000000000014e+02	1.152420000000000044e+02	1.154939999999999998e+02	1.154939999999999998e+02	1.157459999999999951e+02	1.159969999999999999e+02	1.161800000000000068e+02	1.163179999999999978e+02	1.165919999999999987e+02	1.167530000000000001e+02	1.169129999999999967e+02	1.172789999999999964e+02	1.174159999999999968e+02	1.176449999999999960e+02	1.179890000000000043e+02	1.181719999999999970e+02	1.184009999999999962e+02	1.185840000000000032e+02	1.187900000000000063e+02	1.190870000000000033e+02	1.193389999999999986e+02	1.195450000000000017e+02	1.197279999999999944e+02	1.200030000000000001e+02	1.202319999999999993e+02	1.204380000000000024e+02	1.205979999999999990e+02	1.208499999999999943e+02	1.210780000000000030e+02	1.213990000000000009e+02	1.216959999999999980e+02	1.219479999999999933e+02	1.221080000000000041e+02	1.223139999999999930e+02	1.224519999999999982e+02	1.228179999999999978e+02	1.230469999999999970e+02	1.232530000000000001e+02	1.234590000000000032e+02	1.238020000000000067e+02	1.239170000000000016e+02	1.241910000000000025e+02	1.243289999999999935e+02	1.246260000000000048e+02	1.248550000000000040e+02	1.250840000000000032e+02	1.254039999999999964e+02	1.255420000000000016e+02	1.258389999999999986e+02	1.266860000000000070e+02	1.268460000000000036e+02	1.269839999999999947e+02	1.272579999999999956e+02	1.275330000000000013e+02	1.277159999999999940e+02	1.279219999999999970e+02	1.282419999999999902e+02	1.284029999999999916e+02	1.285860000000000127e+02	1.287230000000000132e+02	1.289979999999999905e+02	1.291579999999999870e+02	1.293410000000000082e+02	1.295010000000000048e+02	1.297069999999999936e+02	1.298679999999999950e+02	1.300740000000000123e+02	1.303710000000000093e+02	1.304629999999999939e+02	1.307599999999999909e+02	1.309890000000000043e+02	1.312870000000000061e+02	1.314010000000000105e+02	1.316299999999999955e+02	1.318360000000000127e+02	1.320879999999999939e+02
1.000000000000000000e+00	2.535320000000000107e+02	2.278750000000000000e+02	2.052379999999999995e+02	1.852800000000000011e+02	1.677249999999999943e+02	1.535109999999999957e+02	1.415629999999999882e+02	1.324540000000000077e+02	1.242369999999999948e+02	1.178739999999999952e+02	1.127930000000000064e+02	1.086500000000000057e+02	1.046449999999999960e+02	1.013490000000000038e+02	9.851099999999999568e+01	9.622199999999999420e+01	9.370399999999999352e+01	9.111799999999999500e+01	8.821099999999999852e+01	8.587600000000000477e+01	8.326699999999999591e+01	8.090999999999999659e+01	7.894100000000000250e+01	7.781999999999999318e+01	7.644700000000000273e+01	7.543899999999999295e+01	7.456999999999999318e+01	7.379200000000000159e+01	7.315099999999999625e+01	7.413500000000000512e+01	7.383700000000000330e+01	7.170900000000000318e+01	7.150300000000000011e+01	7.127400000000000091e+01	7.104500000000000171e+01	7.118200000000000216e+01	7.088500000000000512e+01	7.109099999999999397e+01	7.095300000000000296e+01	7.129699999999999704e+01	7.164000000000000057e+01	7.141100000000000136e+01	7.141100000000000136e+01	7.150300000000000011e+01	7.189199999999999591e+01	7.241800000000000637e+01	7.232699999999999818e+01	7.285299999999999443e+01	7.310500000000000398e+01	7.319599999999999795e+01	7.326500000000000057e+01	7.367700000000000671e+01	7.358599999999999852e+01	7.392900000000000205e+01	7.447799999999999443e+01	7.468399999999999750e+01	7.473000000000000398e+01	7.473000000000000398e+01	7.537099999999999511e+01	7.564499999999999602e+01	7.644700000000000273e+01	7.679000000000000625e+01	7.743099999999999739e+01	7.807200000000000273e+01	7.834600000000000364e+01	7.866700000000000159e+01	7.912399999999999523e+01	7.930800000000000693e+01	8.017700000000000671e+01	8.095600000000000307e+01	8.113899999999999579e+01	8.129900000000000659e+01	8.205400000000000205e+01	8.324399999999999977e+01	8.340500000000000114e+01	8.402299999999999613e+01	8.466299999999999670e+01	8.534999999999999432e+01	8.713500000000000512e+01	8.775300000000000011e+01	8.841700000000000159e+01	8.953900000000000148e+01	9.047700000000000387e+01	9.159900000000000375e+01	9.306300000000000239e+01	9.464300000000000068e+01	9.651900000000000546e+01	9.873999999999999488e+01	1.007770000000000010e+02	1.029279999999999973e+02	1.068649999999999949e+02	1.098859999999999957e+02	1.125180000000000007e+02	1.154710000000000036e+02	1.187439999999999998e+02	1.222000000000000028e+02	1.256329999999999956e+02	1.289749999999999943e+02	1.324770000000000039e+02	1.362990000000000066e+02	1.402820000000000107e+02	1.440120000000000005e+02	1.478580000000000041e+02	1.513369999999999891e+02	1.546100000000000136e+02	1.578369999999999891e+02	1.611790000000000020e+02	1.642680000000000007e+02	1.672210000000000036e+02	1.699219999999999970e+02	1.726459999999999866e+02	1.752779999999999916e+02	1.779790000000000134e+02	1.805420000000000016e+02	1.828309999999999889e+02	1.850279999999999916e+02	1.875920000000000130e+02	1.900180000000000007e+02	1.917340000000000089e+02	1.931759999999999877e+02	1.948470000000000084e+02	1.966550000000000011e+02	1.986690000000000111e+02	1.999970000000000141e+02	2.016680000000000064e+02	2.030180000000000007e+02	2.045749999999999886e+02	2.057419999999999902e+02	2.071150000000000091e+02	2.087630000000000052e+02	2.097239999999999895e+02	2.109830000000000041e+02	2.122189999999999941e+02	2.135010000000000048e+02	2.147599999999999909e+02	2.159499999999999886e+02	2.171169999999999902e+02	2.182390000000000043e+02	2.194060000000000059e+02	2.206189999999999998e+02	2.216490000000000009e+02	2.227019999999999982e+02	2.237090000000000032e+02	2.245329999999999870e+02	2.255629999999999882e+02	2.264559999999999889e+02	2.279430000000000121e+02	2.279209999999999923e+02	2.285840000000000032e+02	2.293400000000000034e+02	2.302090000000000032e+02	2.310099999999999909e+02	2.318340000000000032e+02	2.332529999999999859e+02	2.336430000000000007e+02	2.346270000000000095e+02	2.355190000000000055e+02	2.362750000000000057e+02	2.370070000000000050e+02	2.379910000000000139e+02	2.388609999999999900e+02	2.397309999999999945e+02	2.409900000000000091e+02	2.413559999999999945e+02	2.420879999999999939e+02	2.433009999999999877e+02	2.441250000000000000e+02	2.447889999999999873e+02	2.456129999999999995e+02	2.462539999999999907e+02	2.470089999999999861e+02	2.478100000000000023e+02	2.484970000000000141e+02	2.495500000000000114e+02	2.499619999999999891e+02	2.509230000000000018e+02	2.516560000000000059e+02	2.519759999999999991e+02	2.524110000000000014e+02	2.527539999999999907e+02	2.530519999999999925e+02	2.533040000000000020e+02	2.537379999999999995e+02	2.540819999999999936e+02	2.542649999999999864e+02	2.546310000000000002e+02	2.549060000000000059e+02	2.553180000000000121e+02	2.552259999999999991e+02
1.000000000000000000e+00	2.194979999999999905e+02	1.990360000000000014e+02	1.794660000000000082e+02	1.630780000000000030e+02	1.481550000000000011e+02	1.362299999999999898e+02	1.275789999999999935e+02	1.203229999999999933e+02	1.143949999999999960e+02	1.090619999999999976e+02	1.052860000000000014e+02	1.015090000000000003e+02	9.912900000000000489e+01	9.663400000000000034e+01	9.457399999999999807e+01	9.221599999999999397e+01	8.985899999999999466e+01	8.791400000000000148e+01	8.509799999999999898e+01	8.326699999999999591e+01	8.173399999999999466e+01	7.994799999999999329e+01	7.850600000000000023e+01	7.724800000000000466e+01	7.607999999999999829e+01	7.527899999999999636e+01	7.489000000000000057e+01	7.390600000000000591e+01	7.381399999999999295e+01	7.294499999999999318e+01	7.287600000000000477e+01	7.218899999999999295e+01	7.216599999999999682e+01	7.189199999999999591e+01	7.152599999999999625e+01	7.148000000000000398e+01	7.141100000000000136e+01	7.129699999999999704e+01	7.125100000000000477e+01	7.120499999999999829e+01	7.111400000000000432e+01	7.109099999999999397e+01	7.127400000000000091e+01	7.131999999999999318e+01	7.173199999999999932e+01	7.182299999999999329e+01	7.205200000000000671e+01	7.248699999999999477e+01	7.255599999999999739e+01	7.276200000000000045e+01	7.292199999999999704e+01	7.370000000000000284e+01	7.347100000000000364e+01	7.388299999999999557e+01	7.401999999999999602e+01	7.447799999999999443e+01	7.514199999999999591e+01	7.569100000000000250e+01	7.699599999999999511e+01	7.697299999999999898e+01	7.722499999999999432e+01	7.752200000000000557e+01	7.818600000000000705e+01	7.827800000000000580e+01	7.862099999999999511e+01	7.891800000000000637e+01	7.930800000000000693e+01	7.990300000000000580e+01	8.045199999999999818e+01	8.125300000000000011e+01	8.182500000000000284e+01	8.278700000000000614e+01	8.331300000000000239e+01	8.429699999999999704e+01	8.530400000000000205e+01	8.642600000000000193e+01	8.736400000000000432e+01	8.864600000000000080e+01	9.006499999999999773e+01	9.120900000000000318e+01	9.251399999999999579e+01	9.423099999999999454e+01	9.606199999999999761e+01	9.816700000000000159e+01	1.004789999999999992e+02	1.027219999999999942e+02	1.054000000000000057e+02	1.080550000000000068e+02	1.106640000000000015e+02	1.132740000000000009e+02	1.160660000000000025e+02	1.193160000000000025e+02	1.224749999999999943e+02	1.254039999999999964e+02	1.278760000000000048e+02	1.308750000000000000e+02	1.332549999999999955e+02	1.360240000000000009e+02	1.382450000000000045e+02	1.402129999999999939e+02	1.425480000000000018e+02	1.446080000000000041e+02	1.463700000000000045e+02	1.482239999999999895e+02	1.495289999999999964e+02	1.512450000000000045e+02	1.526870000000000118e+02	1.542429999999999950e+02	1.556169999999999902e+02	1.568760000000000048e+02	1.580660000000000025e+02	1.591189999999999998e+02	1.610180000000000007e+02	1.617740000000000009e+02	1.626889999999999930e+02	1.633530000000000086e+02	1.637649999999999864e+02	1.651839999999999975e+02	1.659159999999999968e+02	1.663280000000000030e+02	1.668779999999999859e+02	1.674499999999999886e+02	1.679989999999999952e+02	1.694180000000000064e+02	1.706310000000000002e+02	1.708369999999999891e+02	1.730800000000000125e+02	1.734010000000000105e+02	1.740649999999999977e+02	1.745449999999999875e+02	1.750490000000000066e+02	1.754149999999999920e+02	1.758499999999999943e+02	1.764219999999999970e+02	1.759869999999999948e+02	1.765140000000000100e+02	1.768340000000000032e+02	1.774060000000000059e+02	1.780469999999999970e+02	1.788249999999999886e+02	1.788940000000000055e+02	1.793979999999999961e+02	1.798549999999999898e+02	1.802899999999999920e+02	1.805649999999999977e+02	1.809310000000000116e+02	1.813660000000000139e+02	1.817090000000000032e+02	1.821899999999999977e+02	1.830140000000000100e+02	1.832659999999999911e+02	1.834259999999999877e+02	1.837920000000000016e+02	1.840670000000000073e+02	1.843870000000000005e+02	1.848220000000000027e+02	1.850049999999999955e+02	1.853710000000000093e+02	1.856459999999999866e+02	1.858979999999999961e+02	1.860809999999999889e+02	1.863100000000000023e+02	1.864929999999999950e+02	1.867450000000000045e+02	1.870649999999999977e+02	1.875459999999999923e+02	1.877290000000000134e+02	1.879809999999999945e+02	1.882319999999999993e+02	1.888729999999999905e+02	1.889879999999999995e+02	1.891250000000000000e+02	1.896510000000000105e+02	1.899029999999999916e+02	1.901779999999999973e+02	1.903839999999999861e+02	1.908189999999999884e+02	1.910929999999999893e+02	1.915279999999999916e+02	1.921009999999999991e+02	1.923979999999999961e+02	1.927189999999999941e+02	1.929240000000000066e+02	1.932220000000000084e+02	1.935879999999999939e+02	1.937709999999999866e+02	1.940920000000000130e+02	1.944809999999999945e+02	1.946870000000000118e+02
0.000000000000000000e+00	5.211409999999999627e+02	4.645160000000000196e+02	4.165880000000000223e+02	3.695299999999999727e+02	3.334809999999999945e+02	3.028790000000000191e+02	2.769929999999999950e+02	2.549509999999999934e+02	2.376020000000000039e+02	2.221069999999999993e+02	2.086260000000000048e+02	1.985780000000000030e+02	1.876829999999999927e+02	1.797410000000000139e+02	1.717069999999999936e+02	1.646579999999999870e+02	1.576539999999999964e+02	1.500320000000000107e+02	1.435780000000000030e+02	1.382899999999999920e+02	1.333919999999999959e+02	1.298449999999999989e+02	1.273499999999999943e+02	1.243059999999999974e+02	1.221310000000000002e+02	1.205289999999999964e+02	1.189729999999999990e+02	1.175079999999999956e+02	1.162720000000000056e+02	1.151280000000000001e+02	1.140750000000000028e+02	1.133190000000000026e+02	1.124729999999999990e+02	1.118089999999999975e+02	1.111449999999999960e+02	1.103670000000000044e+02	1.101380000000000052e+02	1.098400000000000034e+02	1.094279999999999973e+02	1.093370000000000033e+02	1.094969999999999999e+02	1.094509999999999934e+02	1.090390000000000015e+02	1.091080000000000041e+02	1.089020000000000010e+02	1.086959999999999980e+02	1.084899999999999949e+02	1.086730000000000018e+02	1.090160000000000053e+02	1.090390000000000015e+02	1.089710000000000036e+02	1.092680000000000007e+02	1.091080000000000041e+02	1.090619999999999976e+02	1.095889999999999986e+02	1.094509999999999934e+02	1.095199999999999960e+02	1.097030000000000030e+02	1.096340000000000003e+02	1.100010000000000048e+02	1.108250000000000028e+02	1.113739999999999952e+02	1.117169999999999987e+02	1.112819999999999965e+02	1.117630000000000052e+02	1.121059999999999945e+02	1.121520000000000010e+02	1.121290000000000049e+02	1.132740000000000009e+02	1.133190000000000026e+02	1.141659999999999968e+02	1.139369999999999976e+02	1.138460000000000036e+02	1.140060000000000002e+02	1.143259999999999934e+02	1.150819999999999936e+02	1.156770000000000067e+02	1.166380000000000052e+02	1.165919999999999987e+02	1.167069999999999936e+02	1.170040000000000049e+02	1.173930000000000007e+02	1.174159999999999968e+02	1.176910000000000025e+02	1.183780000000000001e+02	1.183780000000000001e+02	1.186749999999999972e+02	1.187900000000000063e+02	1.194080000000000013e+02	1.193619999999999948e+02	1.198430000000000035e+02	1.200490000000000066e+02	1.206209999999999951e+02	1.206670000000000016e+02	1.215819999999999936e+02	1.221310000000000002e+02	1.225199999999999960e+02	1.221770000000000067e+02	1.225199999999999960e+02	1.234129999999999967e+02	1.232530000000000001e+02	1.232069999999999936e+02	1.232069999999999936e+02	1.253130000000000024e+02	1.257480000000000047e+02	1.255420000000000016e+02	1.256790000000000020e+02	1.258619999999999948e+02	1.264800000000000040e+02	1.265259999999999962e+02	1.264110000000000014e+02	1.268919999999999959e+02	1.269380000000000024e+02	1.278080000000000069e+02	1.275100000000000051e+02	1.280589999999999975e+02	1.308060000000000116e+02	1.304399999999999977e+02	1.304629999999999939e+02	1.305540000000000020e+02	1.304399999999999977e+02	1.303710000000000093e+02	1.305080000000000098e+02	1.308290000000000077e+02	1.309890000000000043e+02	1.311719999999999970e+02	1.318360000000000127e+02	1.324310000000000116e+02	1.331409999999999911e+02	1.331630000000000109e+02	1.332090000000000032e+02	1.336670000000000016e+02	1.339190000000000111e+02	1.343309999999999889e+02	1.345829999999999984e+02	1.347429999999999950e+02	1.347659999999999911e+02	1.347659999999999911e+02	1.347659999999999911e+02	1.348110000000000070e+02	1.346510000000000105e+02	1.345370000000000061e+02	1.348569999999999993e+02	1.352230000000000132e+02	1.352009999999999934e+02	1.350860000000000127e+02	1.351320000000000050e+02	1.353149999999999977e+02	1.356349999999999909e+02	1.360240000000000009e+02	1.363909999999999911e+02	1.365279999999999916e+02	1.365740000000000123e+02	1.363220000000000027e+02	1.362760000000000105e+02	1.364139999999999873e+02	1.364360000000000070e+02	1.365509999999999877e+02	1.365970000000000084e+02	1.365740000000000123e+02	1.365740000000000123e+02	1.371690000000000111e+02	1.379010000000000105e+02	1.379929999999999950e+02	1.381069999999999993e+02	1.381299999999999955e+02	1.382680000000000007e+02	1.383360000000000127e+02	1.377640000000000100e+02	1.377179999999999893e+02	1.377179999999999893e+02	1.376949999999999932e+02	1.378100000000000023e+02	1.381069999999999993e+02	1.380389999999999873e+02	1.380389999999999873e+02	1.380389999999999873e+02	1.384960000000000093e+02	1.384960000000000093e+02	1.390229999999999961e+02	1.391370000000000005e+02	1.391140000000000043e+02	1.391829999999999927e+02	1.395029999999999859e+02	1.396409999999999911e+02	1.396179999999999950e+02	1.397090000000000032e+02	1.400529999999999973e+02	1.400070000000000050e+02
1.000000000000000000e+00	5.186689999999999827e+02	4.666440000000000055e+02	4.231569999999999823e+02	3.844990000000000236e+02	3.516309999999999718e+02	3.227230000000000132e+02	2.947309999999999945e+02	2.756879999999999882e+02	2.568969999999999914e+02	2.432560000000000002e+02	2.326349999999999909e+02	2.242810000000000059e+02	2.171860000000000070e+02	2.109379999999999882e+02	2.066570000000000107e+02	2.034070000000000107e+02	1.996990000000000123e+02	1.962429999999999950e+02	1.934509999999999934e+02	1.918489999999999895e+02	1.892170000000000130e+02	1.869509999999999934e+02	1.849139999999999873e+02	1.828079999999999927e+02	1.812520000000000095e+02	1.792829999999999870e+02	1.776119999999999948e+02	1.757810000000000059e+02	1.739960000000000093e+02	1.720279999999999916e+02	1.707920000000000016e+02	1.694639999999999986e+02	1.685939999999999941e+02	1.676560000000000059e+02	1.669240000000000066e+02	1.664430000000000121e+02	1.662139999999999986e+02	1.660769999999999982e+02	1.661220000000000141e+02	1.663509999999999991e+02	1.661680000000000064e+02	1.665120000000000005e+02	1.671069999999999993e+02	1.676560000000000059e+02	1.685709999999999980e+02	1.696699999999999875e+02	1.703340000000000032e+02	1.711579999999999870e+02	1.718899999999999864e+02	1.724619999999999891e+02	1.730579999999999927e+02	1.736759999999999877e+02	1.741790000000000020e+02	1.745449999999999875e+02	1.749799999999999898e+02	1.750260000000000105e+02	1.753919999999999959e+02	1.757580000000000098e+02	1.755289999999999964e+02	1.755070000000000050e+02	1.758959999999999866e+02	1.760099999999999909e+02	1.761699999999999875e+02	1.765370000000000061e+02	1.764449999999999932e+02	1.765589999999999975e+02	1.769490000000000123e+02	1.771550000000000011e+02	1.772690000000000055e+02	1.775209999999999866e+02	1.776579999999999870e+02	1.778640000000000043e+02	1.785049999999999955e+02	1.785279999999999916e+02	1.785740000000000123e+02	1.788710000000000093e+02	1.789170000000000016e+02	1.791229999999999905e+02	1.794660000000000082e+02	1.796949999999999932e+02	1.797870000000000061e+02	1.800840000000000032e+02	1.802220000000000084e+02	1.804960000000000093e+02	1.806560000000000059e+02	1.809540000000000077e+02	1.812290000000000134e+02	1.814120000000000061e+02	1.814350000000000023e+02	1.815949999999999989e+02	1.817779999999999916e+02	1.819840000000000089e+02	1.820300000000000011e+02	1.823499999999999943e+02	1.823959999999999866e+02	1.825099999999999909e+02	1.827390000000000043e+02	1.829219999999999970e+02	1.829449999999999932e+02	1.832429999999999950e+02	1.832889999999999873e+02	1.834259999999999877e+02	1.836320000000000050e+02	1.836090000000000089e+02	1.836090000000000089e+02	1.838149999999999977e+02	1.837230000000000132e+02	1.838609999999999900e+02	1.841810000000000116e+02	1.840900000000000034e+02	1.843870000000000005e+02	1.846390000000000100e+02	1.846850000000000023e+02	1.848679999999999950e+02	1.852340000000000089e+02	1.853489999999999895e+02	1.857379999999999995e+02	1.863779999999999859e+02	1.863329999999999984e+02	1.864010000000000105e+02	1.865840000000000032e+02	1.866529999999999916e+02	1.869279999999999973e+02	1.873859999999999957e+02	1.875000000000000000e+02	1.881179999999999950e+02	1.887820000000000107e+02	1.892849999999999966e+02	1.899950000000000045e+02	1.908870000000000005e+02	1.916889999999999930e+02	1.928100000000000023e+02	1.942059999999999889e+02	1.957860000000000014e+02	1.975020000000000095e+02	1.996990000000000123e+02	2.020109999999999957e+02	2.044139999999999873e+02	2.077100000000000080e+02	2.113720000000000141e+02	2.151719999999999970e+02	2.198640000000000043e+02	2.246479999999999961e+02	2.295680000000000121e+02	2.348559999999999945e+02	2.403489999999999895e+02	2.463230000000000075e+02	2.525480000000000018e+02	2.587740000000000009e+02	2.650910000000000082e+02	2.714309999999999832e+02	2.777250000000000227e+02	2.844769999999999754e+02	2.903369999999999891e+02	2.959669999999999845e+02	3.014139999999999873e+02	3.069309999999999832e+02	3.120120000000000005e+02	3.165439999999999827e+02	3.209839999999999804e+02	3.253559999999999945e+02	3.301159999999999854e+02	3.334580000000000268e+02	3.371429999999999723e+02	3.399119999999999777e+02	3.429569999999999936e+02	3.459089999999999918e+02	3.483809999999999718e+02	3.506929999999999836e+02	3.529820000000000277e+02	3.549039999999999964e+02	3.567350000000000136e+02	3.584750000000000227e+02	3.597339999999999804e+02	3.612440000000000282e+02	3.626630000000000109e+02	3.637850000000000250e+02	3.649060000000000059e+02	3.660960000000000036e+02	3.670350000000000250e+02	3.680419999999999732e+02	3.687970000000000255e+02	3.696669999999999732e+02	3.704449999999999932e+02	3.712919999999999732e+02	3.717500000000000000e+02	3.723910000000000196e+02	3.727339999999999804e+02	3.730090000000000146e+02
0.000000000000000000e+00	2.509000000000000057e+02	2.284699999999999989e+02	2.085339999999999918e+02	1.912539999999999907e+02	1.760099999999999909e+02	1.627810000000000059e+02	1.509929999999999950e+02	1.408540000000000134e+02	1.325910000000000082e+02	1.259539999999999935e+02	1.200709999999999980e+02	1.152879999999999967e+02	1.107560000000000002e+02	1.061779999999999973e+02	1.015090000000000003e+02	9.768699999999999761e+01	9.448199999999999932e+01	9.182699999999999818e+01	8.905800000000000693e+01	8.667799999999999727e+01	8.466299999999999670e+01	8.274099999999999966e+01	8.077200000000000557e+01	7.932999999999999829e+01	7.798000000000000398e+01	7.697299999999999898e+01	7.585099999999999909e+01	7.495900000000000318e+01	7.388299999999999557e+01	7.294499999999999318e+01	7.202899999999999636e+01	7.099899999999999523e+01	7.040399999999999636e+01	6.973999999999999488e+01	6.928300000000000125e+01	6.905400000000000205e+01	6.891599999999999682e+01	6.875600000000000023e+01	6.843600000000000705e+01	6.823000000000000398e+01	6.774899999999999523e+01	6.770300000000000296e+01	6.772599999999999909e+01	6.754300000000000637e+01	6.735999999999999943e+01	6.729099999999999682e+01	6.720000000000000284e+01	6.731399999999999295e+01	6.729099999999999682e+01	6.582599999999999341e+01	6.566599999999999682e+01	6.566599999999999682e+01	6.559799999999999898e+01	6.545999999999999375e+01	6.527700000000000102e+01	6.504800000000000182e+01	6.507099999999999795e+01	6.509399999999999409e+01	6.539199999999999591e+01	6.545999999999999375e+01	6.541400000000000148e+01	6.550600000000000023e+01	6.566599999999999682e+01	6.566599999999999682e+01	6.566599999999999682e+01	6.584900000000000375e+01	6.557500000000000284e+01	6.548300000000000409e+01	6.564300000000000068e+01	6.564300000000000068e+01	6.562000000000000455e+01	6.552899999999999636e+01	6.635299999999999443e+01	6.692499999999999716e+01	6.683299999999999841e+01	6.710800000000000409e+01	6.710800000000000409e+01	6.681100000000000705e+01	6.667300000000000182e+01	6.658199999999999363e+01	6.648999999999999488e+01	6.646699999999999875e+01	6.646699999999999875e+01	6.648999999999999488e+01	6.639900000000000091e+01	6.651300000000000523e+01	6.667300000000000182e+01	6.703900000000000148e+01	6.699399999999999977e+01	6.687900000000000489e+01	6.681100000000000705e+01	6.648999999999999488e+01	6.701699999999999591e+01	6.701699999999999591e+01	6.683299999999999841e+01	6.681100000000000705e+01	6.699399999999999977e+01	6.676500000000000057e+01	6.690200000000000102e+01	6.708499999999999375e+01	6.701699999999999591e+01	6.745099999999999341e+01	6.772599999999999909e+01	6.770300000000000296e+01	6.818399999999999750e+01	6.802400000000000091e+01	6.772599999999999909e+01	6.802400000000000091e+01	6.806900000000000261e+01	6.816100000000000136e+01	6.809199999999999875e+01	6.818399999999999750e+01	6.809199999999999875e+01	6.836700000000000443e+01	6.861899999999999977e+01	6.990099999999999625e+01	6.990099999999999625e+01	7.054099999999999682e+01	7.054099999999999682e+01	7.056399999999999295e+01	7.067900000000000205e+01	7.067900000000000205e+01	7.093000000000000682e+01	7.118200000000000216e+01	7.136499999999999488e+01	7.152599999999999625e+01	7.166299999999999670e+01	7.349399999999999977e+01	7.388299999999999557e+01	7.418099999999999739e+01	7.443200000000000216e+01	7.498199999999999932e+01	7.527899999999999636e+01	7.569100000000000250e+01	7.653799999999999670e+01	7.697299999999999898e+01	7.754500000000000171e+01	7.825499999999999545e+01	7.894100000000000250e+01	7.962800000000000011e+01	8.047499999999999432e+01	8.125300000000000011e+01	8.191700000000000159e+01	8.546399999999999864e+01	8.601399999999999579e+01	8.658599999999999852e+01	8.740999999999999659e+01	8.825700000000000500e+01	8.848600000000000421e+01	8.937800000000000011e+01	9.024800000000000466e+01	9.091200000000000614e+01	9.171299999999999386e+01	9.258299999999999841e+01	9.324599999999999511e+01	9.416200000000000614e+01	9.480299999999999727e+01	9.528400000000000603e+01	9.592400000000000659e+01	9.651900000000000546e+01	9.395600000000000307e+01	9.471099999999999852e+01	9.519199999999999307e+01	9.578700000000000614e+01	9.656499999999999773e+01	9.725199999999999534e+01	9.759499999999999886e+01	9.807599999999999341e+01	9.862500000000000000e+01	9.928900000000000148e+01	9.979200000000000159e+01	1.000210000000000008e+02	1.009140000000000015e+02	1.016460000000000008e+02	1.017840000000000060e+02	1.022870000000000061e+02	1.040040000000000049e+02	1.043469999999999942e+02	1.044620000000000033e+02	1.055600000000000023e+02	1.056520000000000010e+02	1.059719999999999942e+02	1.071400000000000006e+02	1.069339999999999975e+02	1.067279999999999944e+02	1.075289999999999964e+02	1.091080000000000041e+02	1.089479999999999933e+02	1.090619999999999976e+02
0.000000000000000000e+00	2.332529999999999859e+02	2.102740000000000009e+02	1.913449999999999989e+02	1.742940000000000111e+02	1.583629999999999995e+02	1.447909999999999968e+02	1.331860000000000070e+02	1.221310000000000002e+02	1.127699999999999960e+02	1.059039999999999964e+02	9.873999999999999488e+01	9.228499999999999659e+01	8.676900000000000546e+01	8.168800000000000239e+01	7.706499999999999773e+01	7.244100000000000250e+01	6.861899999999999977e+01	6.518600000000000705e+01	6.223299999999999699e+01	5.964699999999999847e+01	5.772399999999999665e+01	5.564099999999999824e+01	5.410799999999999699e+01	5.243699999999999761e+01	5.127000000000000313e+01	5.012500000000000000e+01	4.916400000000000148e+01	4.843099999999999739e+01	4.756199999999999761e+01	4.685199999999999676e+01	4.630299999999999727e+01	4.577600000000000335e+01	4.545600000000000307e+01	4.540999999999999659e+01	4.518099999999999739e+01	4.490699999999999648e+01	4.474600000000000222e+01	4.465500000000000114e+01	4.463199999999999790e+01	4.460900000000000176e+01	4.449499999999999744e+01	4.419700000000000273e+01	4.401400000000000290e+01	4.417399999999999949e+01	4.417399999999999949e+01	4.406000000000000227e+01	4.394500000000000028e+01	4.412800000000000011e+01	4.401400000000000290e+01	4.417399999999999949e+01	4.440299999999999869e+01	4.426599999999999824e+01	4.426599999999999824e+01	4.419700000000000273e+01	4.442600000000000193e+01	4.435699999999999932e+01	4.458599999999999852e+01	4.467799999999999727e+01	4.492999999999999972e+01	4.492999999999999972e+01	4.490699999999999648e+01	4.486099999999999710e+01	4.509000000000000341e+01	4.525000000000000000e+01	4.509000000000000341e+01	4.504399999999999693e+01	4.506700000000000017e+01	4.490699999999999648e+01	4.527300000000000324e+01	4.527300000000000324e+01	4.525000000000000000e+01	4.525000000000000000e+01	4.582200000000000273e+01	4.577600000000000335e+01	4.579899999999999949e+01	4.579899999999999949e+01	4.568500000000000227e+01	4.579899999999999949e+01	4.579899999999999949e+01	4.618800000000000239e+01	4.602799999999999869e+01	4.602799999999999869e+01	4.602799999999999869e+01	4.618800000000000239e+01	4.616499999999999915e+01	4.630299999999999727e+01	4.618800000000000239e+01	4.632600000000000051e+01	4.678300000000000125e+01	4.714999999999999858e+01	4.714999999999999858e+01	4.735600000000000165e+01	4.767600000000000193e+01	4.769899999999999807e+01	4.772200000000000131e+01	4.776800000000000068e+01	4.790500000000000114e+01	4.783599999999999852e+01	4.797399999999999665e+01	4.829399999999999693e+01	4.856900000000000261e+01	4.861500000000000199e+01	4.872899999999999920e+01	4.902600000000000335e+01	4.895799999999999841e+01	4.893500000000000227e+01	4.886599999999999966e+01	4.882000000000000028e+01	4.888900000000000290e+01	4.882000000000000028e+01	4.914099999999999824e+01	4.909499999999999886e+01	4.904899999999999949e+01	4.927799999999999869e+01	4.934700000000000131e+01	4.939300000000000068e+01	4.982800000000000296e+01	4.987299999999999756e+01	4.987299999999999756e+01	4.989600000000000080e+01	4.991899999999999693e+01	4.989600000000000080e+01	5.037700000000000244e+01	5.051400000000000290e+01	5.062899999999999778e+01	5.065200000000000102e+01	5.062899999999999778e+01	5.062899999999999778e+01	5.060600000000000165e+01	5.060600000000000165e+01	5.069700000000000273e+01	5.081199999999999761e+01	5.099499999999999744e+01	5.099499999999999744e+01	5.106400000000000006e+01	5.122399999999999665e+01	5.122399999999999665e+01	5.127000000000000313e+01	5.129200000000000159e+01	5.136099999999999710e+01	5.177300000000000324e+01	5.216199999999999903e+01	5.186500000000000199e+01	5.193299999999999983e+01	5.220799999999999841e+01	5.220799999999999841e+01	5.225399999999999778e+01	5.239099999999999824e+01	5.250500000000000256e+01	5.261999999999999744e+01	5.266599999999999682e+01	5.300900000000000034e+01	5.300900000000000034e+01	5.300900000000000034e+01	5.312299999999999756e+01	5.316899999999999693e+01	5.319200000000000017e+01	5.342099999999999937e+01	5.369599999999999795e+01	5.390200000000000102e+01	5.390200000000000102e+01	5.406199999999999761e+01	5.431400000000000006e+01	5.435900000000000176e+01	5.435900000000000176e+01	5.447399999999999665e+01	5.458800000000000097e+01	5.472599999999999909e+01	5.481700000000000017e+01	5.486299999999999955e+01	5.500000000000000000e+01	5.506900000000000261e+01	5.506900000000000261e+01	5.511500000000000199e+01	5.518299999999999983e+01	5.536699999999999733e+01	5.557300000000000040e+01	5.552700000000000102e+01	5.559499999999999886e+01	5.561800000000000210e+01	5.577900000000000347e+01	5.582399999999999807e+01	5.580100000000000193e+01	5.596200000000000330e+01	5.596200000000000330e+01	5.603000000000000114e+01	5.607600000000000051e+01	5.644200000000000017e+01	5.639600000000000080e+01
1.000000000000000000e+00	2.134550000000000125e+02	1.968609999999999900e+02	1.807249999999999943e+02	1.668779999999999859e+02	1.548839999999999861e+02	1.442870000000000061e+02	1.348799999999999955e+02	1.270750000000000028e+02	1.196359999999999957e+02	1.132049999999999983e+02	1.077800000000000011e+02	1.023559999999999945e+02	9.796099999999999852e+01	9.413899999999999579e+01	9.109499999999999886e+01	8.880599999999999739e+01	8.649399999999999977e+01	8.454900000000000659e+01	8.276399999999999579e+01	8.129900000000000659e+01	8.013200000000000500e+01	7.937600000000000477e+01	7.889600000000000080e+01	7.829999999999999716e+01	7.786599999999999966e+01	7.724800000000000466e+01	7.717900000000000205e+01	7.722499999999999432e+01	7.715600000000000591e+01	7.717900000000000205e+01	7.708700000000000330e+01	7.724800000000000466e+01	7.729300000000000637e+01	7.752200000000000557e+01	7.772799999999999443e+01	7.795699999999999363e+01	7.820900000000000318e+01	7.848399999999999466e+01	7.857500000000000284e+01	7.857500000000000284e+01	7.928499999999999659e+01	7.955899999999999750e+01	7.990300000000000580e+01	8.024599999999999511e+01	8.068099999999999739e+01	8.104699999999999704e+01	8.134499999999999886e+01	8.173399999999999466e+01	8.226000000000000512e+01	8.269499999999999318e+01	8.315300000000000580e+01	8.365600000000000591e+01	8.411400000000000432e+01	8.452599999999999625e+01	8.484600000000000364e+01	8.525799999999999557e+01	8.571599999999999397e+01	8.621999999999999886e+01	8.651699999999999591e+01	8.688400000000000034e+01	8.729600000000000648e+01	8.770799999999999841e+01	8.814199999999999591e+01	8.830299999999999727e+01	8.905800000000000693e+01	8.969899999999999807e+01	9.013400000000000034e+01	9.065999999999999659e+01	9.116400000000000148e+01	9.168999999999999773e+01	9.219400000000000261e+01	9.278900000000000148e+01	9.345199999999999818e+01	9.418500000000000227e+01	9.491700000000000159e+01	9.567300000000000182e+01	9.649699999999999989e+01	9.734300000000000352e+01	9.830500000000000682e+01	9.910599999999999454e+01	1.006620000000000061e+02	1.020130000000000052e+02	1.034320000000000022e+02	1.050570000000000022e+02	1.064989999999999952e+02	1.087650000000000006e+02	1.109389999999999930e+02	1.132279999999999944e+02	1.157680000000000007e+02	1.185379999999999967e+02	1.214899999999999949e+02	1.253820000000000050e+02	1.287690000000000055e+02	1.324079999999999870e+02	1.360929999999999893e+02	1.399840000000000089e+02	1.440579999999999927e+02	1.481550000000000011e+02	1.522520000000000095e+02	1.563259999999999934e+02	1.603779999999999859e+02	1.644290000000000020e+02	1.679079999999999870e+02	1.720500000000000114e+02	1.761250000000000000e+02	1.797640000000000100e+02	1.831510000000000105e+02	1.863329999999999984e+02	1.891709999999999923e+02	1.921690000000000111e+02	1.948700000000000045e+02	1.978230000000000075e+02	2.000430000000000064e+02	2.023319999999999936e+02	2.042539999999999907e+02	2.059019999999999868e+02	2.077100000000000080e+02	2.093350000000000080e+02	2.108689999999999998e+02	2.124250000000000114e+02	2.135699999999999932e+02	2.150120000000000005e+02	2.162700000000000102e+02	2.171630000000000109e+02	2.183079999999999927e+02	2.192690000000000055e+02	2.201160000000000139e+02	2.211229999999999905e+02	2.221299999999999955e+02	2.229540000000000077e+02	2.239610000000000127e+02	2.247849999999999966e+02	2.257230000000000132e+02	2.265020000000000095e+02	2.274399999999999977e+02	2.281490000000000009e+02	2.290190000000000055e+02	2.297059999999999889e+02	2.304610000000000127e+02	2.310560000000000116e+02	2.318799999999999955e+02	2.326129999999999995e+02	2.331850000000000023e+02	2.338489999999999895e+02	2.343750000000000000e+02	2.349470000000000027e+02	2.353590000000000089e+02	2.357249999999999943e+02	2.361829999999999927e+02	2.365720000000000027e+02	2.368930000000000007e+02	2.371220000000000141e+02	2.373959999999999866e+02	2.376250000000000000e+02	2.379230000000000018e+02	2.381059999999999945e+02	2.383120000000000118e+02	2.385180000000000007e+02	2.385860000000000127e+02	2.386779999999999973e+02	2.386779999999999973e+02	2.387470000000000141e+02	2.388379999999999939e+02	2.388379999999999939e+02	2.388149999999999977e+02	2.387700000000000102e+02	2.386779999999999973e+02	2.384950000000000045e+02	2.385180000000000007e+02	2.384720000000000084e+02	2.384490000000000123e+02	2.382889999999999873e+02	2.383350000000000080e+02	2.382889999999999873e+02	2.382889999999999873e+02	2.381970000000000027e+02	2.381519999999999868e+02	2.381970000000000027e+02	2.381970000000000027e+02	2.381059999999999945e+02	2.381289999999999907e+02	2.384259999999999877e+02	2.385639999999999930e+02	2.385639999999999930e+02	2.386320000000000050e+02	2.386090000000000089e+02	2.386550000000000011e+02	2.385180000000000007e+02	2.385409999999999968e+02
0.000000000000000000e+00	4.996490000000000009e+02	4.340520000000000209e+02	3.801499999999999773e+02	3.342819999999999823e+02	2.919159999999999968e+02	2.546080000000000041e+02	2.270740000000000123e+02	2.075730000000000075e+02	1.930389999999999873e+02	1.815490000000000066e+02	1.734470000000000027e+02	1.660999999999999943e+02	1.600569999999999879e+02	1.549070000000000107e+02	1.506959999999999980e+02	1.473540000000000134e+02	1.446299999999999955e+02	1.424790000000000134e+02	1.404650000000000034e+02	1.388629999999999995e+02	1.372150000000000034e+02	1.356810000000000116e+02	1.345829999999999984e+02	1.335300000000000011e+02	1.324770000000000039e+02	1.332090000000000032e+02	1.325680000000000121e+02	1.318360000000000127e+02	1.316759999999999877e+02	1.313319999999999936e+02	1.316529999999999916e+02	1.317439999999999998e+02	1.319050000000000011e+02	1.317439999999999998e+02	1.326140000000000043e+02	1.326829999999999927e+02	1.330949999999999989e+02	1.331409999999999911e+02	1.340790000000000077e+02	1.361390000000000100e+02	1.365509999999999877e+02	1.372150000000000034e+02	1.376040000000000134e+02	1.379929999999999950e+02	1.383129999999999882e+02	1.387479999999999905e+02	1.372829999999999870e+02	1.379470000000000027e+02	1.390000000000000000e+02	1.394579999999999984e+02	1.406939999999999884e+02	1.410370000000000061e+02	1.415629999999999882e+02	1.425699999999999932e+02	1.421359999999999957e+02	1.427990000000000066e+02	1.430279999999999916e+02	1.433720000000000141e+02	1.433720000000000141e+02	1.439900000000000091e+02	1.443559999999999945e+02	1.445850000000000080e+02	1.447909999999999968e+02	1.452479999999999905e+02	1.456150000000000091e+02	1.472630000000000052e+02	1.484759999999999991e+02	1.487729999999999961e+02	1.491169999999999902e+02	1.495970000000000084e+02	1.498259999999999934e+02	1.499629999999999939e+02	1.500780000000000030e+02	1.504670000000000130e+02	1.508329999999999984e+02	1.511310000000000002e+02	1.515200000000000102e+02	1.517030000000000030e+02	1.518629999999999995e+02	1.540829999999999984e+02	1.546330000000000098e+02	1.548160000000000025e+02	1.550900000000000034e+02	1.552280000000000086e+02	1.558689999999999998e+02	1.561659999999999968e+02	1.564180000000000064e+02	1.566239999999999952e+02	1.568979999999999961e+02	1.572649999999999864e+02	1.576539999999999964e+02	1.578139999999999930e+02	1.580660000000000025e+02	1.582489999999999952e+02	1.585010000000000048e+02	1.588899999999999864e+02	1.583400000000000034e+02	1.581119999999999948e+02	1.580889999999999986e+02	1.588439999999999941e+02	1.589360000000000070e+02	1.632609999999999957e+02	1.635589999999999975e+02	1.635589999999999975e+02	1.636730000000000018e+02	1.642230000000000132e+02	1.641769999999999925e+02	1.655730000000000075e+02	1.658249999999999886e+02	1.658480000000000132e+02	1.659850000000000136e+02	1.660999999999999943e+02	1.660540000000000020e+02	1.675639999999999930e+02	1.672899999999999920e+02	1.671069999999999993e+02	1.671069999999999993e+02	1.673129999999999882e+02	1.674269999999999925e+02	1.674269999999999925e+02	1.675420000000000016e+02	1.677700000000000102e+02	1.706090000000000089e+02	1.707230000000000132e+02	1.708369999999999891e+02	1.708830000000000098e+02	1.761020000000000039e+02	1.757810000000000059e+02	1.767649999999999864e+02	1.771090000000000089e+02	1.789859999999999900e+02	1.788940000000000055e+02	1.785049999999999955e+02	1.783220000000000027e+02	1.782069999999999936e+02	1.782299999999999898e+02	1.776579999999999870e+02	1.775440000000000111e+02	1.774979999999999905e+02	1.774519999999999982e+02	1.780240000000000009e+02	1.783220000000000027e+02	1.782069999999999936e+02	1.782069999999999936e+02	1.782529999999999859e+02	1.815720000000000027e+02	1.817549999999999955e+02	1.819379999999999882e+02	1.822810000000000059e+02	1.823040000000000020e+02	1.828990000000000009e+02	1.830600000000000023e+02	1.828540000000000134e+02	1.828079999999999927e+02	1.826479999999999961e+02	1.827849999999999966e+02	1.827390000000000043e+02	1.827620000000000005e+02	1.828770000000000095e+02	1.830370000000000061e+02	1.823729999999999905e+02	1.822359999999999900e+02	1.826250000000000000e+02	1.826250000000000000e+02	1.823729999999999905e+02	1.823040000000000020e+02	1.822359999999999900e+02	1.823959999999999866e+02	1.823269999999999982e+02	1.822359999999999900e+02	1.823729999999999905e+02	1.825560000000000116e+02	1.824650000000000034e+02	1.842040000000000077e+02	1.839749999999999943e+02	1.839290000000000020e+02	1.838379999999999939e+02	1.843189999999999884e+02	1.843640000000000043e+02	1.844329999999999927e+02	1.845020000000000095e+02	1.844329999999999927e+02	1.842270000000000039e+02	1.842270000000000039e+02	1.842500000000000000e+02	1.841810000000000116e+02	1.841129999999999995e+02	1.841810000000000116e+02	1.840440000000000111e+02
1.000000000000000000e+00	1.820529999999999973e+02	1.681819999999999879e+02	1.555020000000000095e+02	1.442179999999999893e+02	1.349490000000000123e+02	1.248089999999999975e+02	1.162259999999999991e+02	1.093139999999999930e+02	1.029279999999999973e+02	9.738899999999999579e+01	9.278900000000000148e+01	8.853100000000000591e+01	8.484600000000000364e+01	8.113899999999999579e+01	7.754500000000000171e+01	7.399699999999999989e+01	7.102200000000000557e+01	6.839000000000000057e+01	6.630700000000000216e+01	6.449899999999999523e+01	6.303399999999999892e+01	6.195799999999999841e+01	6.102000000000000313e+01	6.028699999999999903e+01	5.966899999999999693e+01	5.909700000000000131e+01	5.861699999999999733e+01	5.820499999999999829e+01	5.786099999999999710e+01	5.747200000000000131e+01	5.708299999999999841e+01	5.687700000000000244e+01	5.669400000000000261e+01	5.660199999999999676e+01	5.646500000000000341e+01	5.639600000000000080e+01	5.616799999999999926e+01	5.598400000000000176e+01	5.584700000000000131e+01	5.589300000000000068e+01	5.557300000000000040e+01	5.564099999999999824e+01	5.561800000000000210e+01	5.543500000000000227e+01	5.557300000000000040e+01	5.536699999999999733e+01	5.538900000000000290e+01	5.550399999999999778e+01	5.561800000000000210e+01	5.566400000000000148e+01	5.577900000000000347e+01	5.573299999999999699e+01	5.571000000000000085e+01	5.580100000000000193e+01	5.568699999999999761e+01	5.552700000000000102e+01	5.564099999999999824e+01	5.571000000000000085e+01	5.586999999999999744e+01	5.646500000000000341e+01	5.648799999999999955e+01	5.680799999999999983e+01	5.692300000000000182e+01	5.706000000000000227e+01	5.710600000000000165e+01	5.728900000000000148e+01	5.710600000000000165e+01	5.689999999999999858e+01	5.712899999999999778e+01	5.758700000000000330e+01	5.751800000000000068e+01	5.786099999999999710e+01	5.779299999999999926e+01	5.822800000000000153e+01	5.829599999999999937e+01	5.857099999999999795e+01	5.866199999999999903e+01	5.886800000000000210e+01	5.900600000000000023e+01	5.948599999999999710e+01	5.987500000000000000e+01	5.987500000000000000e+01	5.966899999999999693e+01	5.960099999999999909e+01	5.964699999999999847e+01	5.982999999999999829e+01	5.976100000000000279e+01	6.019599999999999795e+01	6.056199999999999761e+01	6.083700000000000330e+01	6.076800000000000068e+01	6.131700000000000017e+01	6.161500000000000199e+01	6.177499999999999858e+01	6.189000000000000057e+01	6.202700000000000102e+01	6.253099999999999881e+01	6.294299999999999784e+01	6.285099999999999909e+01	6.294299999999999784e+01	6.392699999999999960e+01	6.431600000000000250e+01	6.479600000000000648e+01	6.545999999999999375e+01	6.619299999999999784e+01	6.676500000000000057e+01	6.751999999999999602e+01	6.843600000000000705e+01	6.969499999999999318e+01	7.104500000000000171e+01	7.253300000000000125e+01	7.452400000000000091e+01	7.692700000000000671e+01	7.884999999999999432e+01	8.086400000000000432e+01	8.338200000000000500e+01	8.585399999999999920e+01	8.809699999999999420e+01	9.278900000000000148e+01	9.583299999999999841e+01	9.803000000000000114e+01	1.008910000000000053e+02	1.025160000000000053e+02	1.041869999999999976e+02	1.058580000000000041e+02	1.072309999999999945e+02	1.102980000000000018e+02	1.110529999999999973e+02	1.158829999999999956e+02	1.170499999999999972e+02	1.175990000000000038e+02	1.184009999999999962e+02	1.194989999999999952e+02	1.203460000000000036e+02	1.222459999999999951e+02	1.222920000000000016e+02	1.225430000000000064e+02	1.229549999999999983e+02	1.235960000000000036e+02	1.241910000000000025e+02	1.247860000000000014e+02	1.254270000000000067e+02	1.257019999999999982e+02	1.259080000000000013e+02	1.261140000000000043e+02	1.265030000000000001e+02	1.267090000000000032e+02	1.265949999999999989e+02	1.270289999999999964e+02	1.272349999999999994e+02	1.278080000000000069e+02	1.276929999999999978e+02	1.280140000000000100e+02	1.279449999999999932e+02	1.281049999999999898e+02	1.281510000000000105e+02	1.277390000000000043e+02	1.283340000000000032e+02	1.289060000000000059e+02	1.291119999999999948e+02	1.290440000000000111e+02	1.291349999999999909e+02	1.289749999999999943e+02	1.289749999999999943e+02	1.293180000000000121e+02	1.294780000000000086e+02	1.295240000000000009e+02	1.294329999999999927e+02	1.297529999999999859e+02	1.300509999999999877e+02	1.300960000000000036e+02	1.315840000000000032e+02	1.312410000000000139e+02	1.312640000000000100e+02	1.314470000000000027e+02	1.312179999999999893e+02	1.314929999999999950e+02	1.308750000000000000e+02	1.319050000000000011e+02	1.316990000000000123e+02	1.318820000000000050e+02	1.319050000000000011e+02	1.325680000000000121e+02	1.344910000000000139e+02	1.370540000000000020e+02	1.371229999999999905e+02	1.368480000000000132e+02	1.377640000000000100e+02	1.376040000000000134e+02
0.000000000000000000e+00	2.299579999999999984e+02	2.181239999999999952e+02	2.081450000000000102e+02	1.967239999999999895e+02	1.869050000000000011e+02	1.782990000000000066e+02	1.707230000000000132e+02	1.642460000000000093e+02	1.611790000000000020e+02	1.562350000000000136e+02	1.527100000000000080e+02	1.510389999999999873e+02	1.469650000000000034e+02	1.434859999999999900e+02	1.403499999999999943e+02	1.387479999999999905e+02	1.353839999999999861e+02	1.305540000000000020e+02	1.278080000000000069e+02	1.237789999999999964e+02	1.202999999999999972e+02	1.169360000000000070e+02	1.140520000000000067e+02	1.115340000000000060e+02	1.094969999999999999e+02	1.074830000000000041e+02	1.055600000000000023e+02	1.037750000000000057e+02	1.029969999999999999e+02	1.022639999999999958e+02	1.014860000000000042e+02	1.009830000000000041e+02	1.001590000000000060e+02	9.937999999999999545e+01	9.906000000000000227e+01	9.844199999999999307e+01	9.805299999999999727e+01	9.780100000000000193e+01	9.745799999999999841e+01	9.738899999999999579e+01	9.674800000000000466e+01	9.700000000000000000e+01	9.663400000000000034e+01	9.635899999999999466e+01	9.596999999999999886e+01	9.585599999999999454e+01	9.590099999999999625e+01	9.553499999999999659e+01	9.571800000000000352e+01	9.599299999999999500e+01	9.603900000000000148e+01	9.567300000000000182e+01	9.562699999999999534e+01	9.581000000000000227e+01	9.574099999999999966e+01	9.622199999999999420e+01	9.624500000000000455e+01	9.638200000000000500e+01	9.700000000000000000e+01	9.720600000000000307e+01	9.715999999999999659e+01	9.704600000000000648e+01	9.654200000000000159e+01	9.647400000000000375e+01	9.651900000000000546e+01	9.686299999999999955e+01	9.665699999999999648e+01	9.649699999999999989e+01	9.642799999999999727e+01	9.647400000000000375e+01	9.638200000000000500e+01	9.649699999999999989e+01	9.686299999999999955e+01	9.715999999999999659e+01	9.750400000000000489e+01	9.764100000000000534e+01	9.748099999999999454e+01	9.764100000000000534e+01	9.787000000000000455e+01	9.784699999999999420e+01	9.809900000000000375e+01	9.818999999999999773e+01	9.862500000000000000e+01	9.846500000000000341e+01	9.880800000000000693e+01	9.933499999999999375e+01	9.928900000000000148e+01	9.926600000000000534e+01	9.995300000000000296e+01	9.981499999999999773e+01	9.974699999999999989e+01	1.001590000000000060e+02	1.000439999999999969e+02	9.990699999999999648e+01	1.003419999999999987e+02	1.006389999999999958e+02	1.003649999999999949e+02	1.006850000000000023e+02	1.009599999999999937e+02	1.010280000000000058e+02	1.008679999999999950e+02	1.008910000000000053e+02	1.007999999999999972e+02	1.008449999999999989e+02	1.011200000000000045e+02	1.009369999999999976e+02	1.011889999999999930e+02	1.011430000000000007e+02	1.011889999999999930e+02	1.012120000000000033e+02	1.015780000000000030e+02	1.017150000000000034e+02	1.016460000000000008e+02	1.018299999999999983e+02	1.018979999999999961e+02	1.018979999999999961e+02	1.018070000000000022e+02	1.017150000000000034e+02	1.016919999999999931e+02	1.013719999999999999e+02	1.013490000000000038e+02	1.015550000000000068e+02	1.016689999999999969e+02	1.019899999999999949e+02	1.020580000000000069e+02	1.021500000000000057e+02	1.020580000000000069e+02	1.022189999999999941e+02	1.025390000000000015e+02	1.024020000000000010e+02	1.024249999999999972e+02	1.025849999999999937e+02	1.026760000000000019e+02	1.027909999999999968e+02	1.028589999999999947e+02	1.034320000000000022e+02	1.035229999999999961e+02	1.035919999999999987e+02	1.037750000000000057e+02	1.037519999999999953e+02	1.043469999999999942e+02	1.044159999999999968e+02	1.044159999999999968e+02	1.046910000000000025e+02	1.049189999999999969e+02	1.049650000000000034e+02	1.049650000000000034e+02	1.049650000000000034e+02	1.050799999999999983e+02	1.051940000000000026e+02	1.051710000000000065e+02	1.052630000000000052e+02	1.052860000000000014e+02	1.054000000000000057e+02	1.056979999999999933e+02	1.058580000000000041e+02	1.058810000000000002e+02	1.065220000000000056e+02	1.065900000000000034e+02	1.066820000000000022e+02	1.067960000000000065e+02	1.069560000000000031e+02	1.072999999999999972e+02	1.074140000000000015e+02	1.077349999999999994e+02	1.077579999999999956e+02	1.078259999999999934e+02	1.078949999999999960e+02	1.078719999999999999e+02	1.079410000000000025e+02	1.079860000000000042e+02	1.081919999999999931e+02	1.082840000000000060e+02	1.084669999999999987e+02	1.085819999999999936e+02	1.085589999999999975e+02	1.087420000000000044e+02	1.088559999999999945e+02	1.087879999999999967e+02	1.092450000000000045e+02	1.092219999999999942e+02	1.093370000000000033e+02	1.094509999999999934e+02	1.108020000000000067e+02	1.109389999999999930e+02	1.107560000000000002e+02	1.110310000000000059e+02	1.109389999999999930e+02	1.110990000000000038e+02
1.000000000000000000e+00	2.502820000000000107e+02	2.262729999999999961e+02	2.049410000000000025e+02	1.876829999999999927e+02	1.696009999999999991e+02	1.555480000000000018e+02	1.483839999999999861e+02	1.369399999999999977e+02	1.309430000000000121e+02	1.230930000000000035e+02	1.181490000000000009e+02	1.131129999999999995e+02	1.084669999999999987e+02	1.051710000000000065e+02	1.021730000000000018e+02	1.000439999999999969e+02	9.805299999999999727e+01	9.686299999999999955e+01	9.402500000000000568e+01	9.139300000000000068e+01	8.825700000000000500e+01	8.587600000000000477e+01	8.367900000000000205e+01	8.166500000000000625e+01	7.985699999999999932e+01	7.848399999999999466e+01	7.717900000000000205e+01	7.617199999999999704e+01	7.539400000000000546e+01	7.461499999999999488e+01	7.392900000000000205e+01	7.372299999999999898e+01	7.324200000000000443e+01	7.296800000000000352e+01	7.262399999999999523e+01	7.228100000000000591e+01	7.244100000000000250e+01	7.214400000000000546e+01	7.230400000000000205e+01	7.225799999999999557e+01	7.209799999999999898e+01	7.202899999999999636e+01	7.209799999999999898e+01	7.244100000000000250e+01	7.244100000000000250e+01	7.253300000000000125e+01	7.253300000000000125e+01	7.264700000000000557e+01	7.317400000000000659e+01	7.312800000000000011e+01	7.315099999999999625e+01	7.349399999999999977e+01	7.351699999999999591e+01	7.427200000000000557e+01	7.445499999999999829e+01	7.456999999999999318e+01	7.486700000000000443e+01	7.539400000000000546e+01	7.532500000000000284e+01	7.589700000000000557e+01	7.598900000000000432e+01	7.612600000000000477e+01	7.653799999999999670e+01	7.754500000000000171e+01	7.843800000000000239e+01	7.832299999999999329e+01	7.839199999999999591e+01	7.878100000000000591e+01	7.882699999999999818e+01	7.901000000000000512e+01	7.946800000000000352e+01	7.969700000000000273e+01	7.999399999999999977e+01	8.035999999999999943e+01	8.063500000000000512e+01	8.106999999999999318e+01	8.166500000000000625e+01	8.221399999999999864e+01	8.253499999999999659e+01	8.287800000000000011e+01	8.338200000000000500e+01	8.411400000000000432e+01	8.448000000000000398e+01	8.642600000000000193e+01	8.651699999999999591e+01	8.674599999999999511e+01	8.729600000000000648e+01	8.795900000000000318e+01	8.859999999999999432e+01	8.981300000000000239e+01	9.056900000000000261e+01	9.166700000000000159e+01	9.290300000000000580e+01	9.592400000000000659e+01	9.681699999999999307e+01	9.807599999999999341e+01	9.949500000000000455e+01	1.011200000000000045e+02	1.029050000000000011e+02	1.048739999999999952e+02	1.074369999999999976e+02	1.099090000000000060e+02	1.126329999999999956e+02	1.155169999999999959e+02	1.185150000000000006e+02	1.216740000000000066e+02	1.251069999999999993e+02	1.285399999999999920e+02	1.320420000000000016e+02	1.355900000000000034e+02	1.395029999999999859e+02	1.431200000000000045e+02	1.467129999999999939e+02	1.501690000000000111e+02	1.540149999999999864e+02	1.573559999999999945e+02	1.605380000000000109e+02	1.641999999999999886e+02	1.669459999999999980e+02	1.696930000000000121e+02	1.722110000000000127e+02	1.745449999999999875e+02	1.771320000000000050e+02	1.793750000000000000e+02	1.814120000000000061e+02	1.837690000000000055e+02	1.856459999999999866e+02	1.887820000000000107e+02	1.900180000000000007e+02	1.919399999999999977e+02	1.934050000000000011e+02	1.948700000000000045e+02	1.966320000000000050e+02	1.982119999999999891e+02	1.993329999999999984e+02	2.009579999999999984e+02	2.020800000000000125e+02	2.031330000000000098e+02	2.039339999999999975e+02	2.048259999999999934e+02	2.057419999999999902e+02	2.066570000000000107e+02	2.078249999999999886e+02	2.085109999999999957e+02	2.093350000000000080e+02	2.103880000000000052e+02	2.110980000000000132e+02	2.119900000000000091e+02	2.126999999999999886e+02	2.133410000000000082e+02	2.141419999999999959e+02	2.148280000000000030e+02	2.155610000000000070e+02	2.164759999999999991e+02	2.174149999999999920e+02	2.183530000000000086e+02	2.191769999999999925e+02	2.201390000000000100e+02	2.207570000000000050e+02	2.215120000000000005e+02	2.224730000000000132e+02	2.231599999999999966e+02	2.240070000000000050e+02	2.246699999999999875e+02	2.255629999999999882e+02	2.268909999999999911e+02	2.280809999999999889e+02	2.286990000000000123e+02	2.295459999999999923e+02	2.302549999999999955e+02	2.310790000000000077e+02	2.320399999999999920e+02	2.328189999999999884e+02	2.335279999999999916e+02	2.343520000000000039e+02	2.351069999999999993e+02	2.358859999999999957e+02	2.368930000000000007e+02	2.376479999999999961e+02	2.388149999999999977e+02	2.393880000000000052e+02	2.403950000000000102e+02	2.409900000000000091e+02	2.417680000000000007e+02	2.426380000000000052e+02	2.430730000000000075e+02	2.437129999999999939e+02	2.442860000000000014e+02	2.446750000000000114e+02
1.000000000000000000e+00	1.796949999999999932e+02	1.668779999999999859e+02	1.560519999999999925e+02	1.465759999999999934e+02	1.384050000000000011e+02	1.313779999999999859e+02	1.253810000000000002e+02	1.197969999999999970e+02	1.146929999999999978e+02	1.103670000000000044e+02	1.062699999999999960e+02	1.023790000000000049e+02	9.924299999999999500e+01	9.686299999999999955e+01	9.471099999999999852e+01	9.306300000000000239e+01	9.175900000000000034e+01	9.059099999999999397e+01	8.956100000000000705e+01	8.859999999999999432e+01	8.800499999999999545e+01	8.702100000000000080e+01	8.644899999999999807e+01	8.592199999999999704e+01	8.562500000000000000e+01	8.544199999999999307e+01	8.516700000000000159e+01	8.525799999999999557e+01	8.505200000000000671e+01	8.503000000000000114e+01	8.521299999999999386e+01	8.553300000000000125e+01	8.683799999999999386e+01	8.599099999999999966e+01	8.571599999999999397e+01	8.596800000000000352e+01	8.626600000000000534e+01	8.672299999999999898e+01	8.702100000000000080e+01	8.722700000000000387e+01	8.731799999999999784e+01	8.752400000000000091e+01	8.773000000000000398e+01	8.894299999999999784e+01	8.807399999999999807e+01	8.841700000000000159e+01	8.857699999999999818e+01	8.866899999999999693e+01	8.880599999999999739e+01	8.892100000000000648e+01	8.910399999999999920e+01	8.937800000000000011e+01	8.969899999999999807e+01	8.983599999999999852e+01	9.029399999999999693e+01	9.052299999999999613e+01	9.070600000000000307e+01	9.104900000000000659e+01	9.134699999999999420e+01	9.153000000000000114e+01	9.203300000000000125e+01	9.223900000000000432e+01	9.258299999999999841e+01	9.290300000000000580e+01	9.322400000000000375e+01	9.336100000000000421e+01	9.363599999999999568e+01	9.395600000000000307e+01	9.413899999999999579e+01	9.441400000000000148e+01	9.471099999999999852e+01	9.482599999999999341e+01	9.514600000000000080e+01	9.571800000000000352e+01	9.585599999999999454e+01	9.617600000000000193e+01	9.638200000000000500e+01	9.661100000000000421e+01	9.681699999999999307e+01	9.711499999999999488e+01	9.736599999999999966e+01	9.770999999999999375e+01	9.766400000000000148e+01	9.814499999999999602e+01	9.828199999999999648e+01	9.860200000000000387e+01	9.857899999999999352e+01	9.864799999999999613e+01	9.912900000000000489e+01	9.933499999999999375e+01	9.970099999999999341e+01	9.981499999999999773e+01	1.000210000000000008e+02	1.003190000000000026e+02	1.006389999999999958e+02	1.010060000000000002e+02	1.013029999999999973e+02	1.016689999999999969e+02	1.018750000000000000e+02	1.020360000000000014e+02	1.026080000000000041e+02	1.029969999999999999e+02	1.035000000000000000e+02	1.039350000000000023e+02	1.042099999999999937e+02	1.048280000000000030e+02	1.054230000000000018e+02	1.059270000000000067e+02	1.066359999999999957e+02	1.074599999999999937e+02	1.091539999999999964e+02	1.101149999999999949e+02	1.111680000000000064e+02	1.120829999999999984e+02	1.134339999999999975e+02	1.146929999999999978e+02	1.161580000000000013e+02	1.178280000000000030e+02	1.195450000000000017e+02	1.213760000000000048e+02	1.234819999999999993e+02	1.256560000000000059e+02	1.277620000000000005e+02	1.302110000000000127e+02	1.326140000000000043e+02	1.352230000000000132e+02	1.379929999999999950e+02	1.408309999999999889e+02	1.434629999999999939e+02	1.463240000000000123e+02	1.491850000000000023e+02	1.525960000000000036e+02	1.551589999999999918e+02	1.576999999999999886e+02	1.601719999999999970e+02	1.626889999999999930e+02	1.649319999999999879e+02	1.669010000000000105e+02	1.690519999999999925e+02	1.710430000000000064e+02	1.725080000000000098e+02	1.743849999999999909e+02	1.759190000000000111e+02	1.772460000000000093e+02	1.787800000000000011e+02	1.799699999999999989e+02	1.810229999999999961e+02	1.822810000000000059e+02	1.833340000000000032e+02	1.842959999999999923e+02	1.852800000000000011e+02	1.863559999999999945e+02	1.869960000000000093e+02	1.879350000000000023e+02	1.886220000000000141e+02	1.891250000000000000e+02	1.896970000000000027e+02	1.902690000000000055e+02	1.907959999999999923e+02	1.913449999999999989e+02	1.918259999999999934e+02	1.919629999999999939e+02	1.925349999999999966e+02	1.928100000000000023e+02	1.931759999999999877e+02	1.935200000000000102e+02	1.940000000000000000e+02	1.945039999999999907e+02	1.948009999999999877e+02	1.950989999999999895e+02	1.952589999999999861e+02	1.953959999999999866e+02	1.957400000000000091e+02	1.958540000000000134e+02	1.961059999999999945e+02	1.964950000000000045e+02	1.965409999999999968e+02	1.968609999999999900e+02	1.970440000000000111e+02	1.970900000000000034e+02	1.975480000000000018e+02	1.975250000000000057e+02	1.975709999999999980e+02	1.978000000000000114e+02	1.978230000000000075e+02	1.982570000000000050e+02	1.986009999999999991e+02	1.987609999999999957e+02	1.987839999999999918e+02
0.000000000000000000e+00	3.415600000000000023e+02	3.055799999999999841e+02	2.751619999999999777e+02	2.486339999999999861e+02	2.257230000000000132e+02	2.057649999999999864e+02	1.889879999999999995e+02	1.743389999999999986e+02	1.612700000000000102e+02	1.494830000000000041e+02	1.390000000000000000e+02	1.290440000000000111e+02	1.205289999999999964e+02	1.117630000000000052e+02	1.043469999999999942e+02	1.001129999999999995e+02	9.507800000000000296e+01	9.061400000000000432e+01	8.711199999999999477e+01	8.484600000000000364e+01	8.166500000000000625e+01	7.949099999999999966e+01	7.596599999999999397e+01	7.456999999999999318e+01	7.257800000000000296e+01	7.152599999999999625e+01	7.033499999999999375e+01	6.909900000000000375e+01	6.971699999999999875e+01	6.827500000000000568e+01	6.754300000000000637e+01	6.749699999999999989e+01	6.720000000000000284e+01	6.740600000000000591e+01	6.726800000000000068e+01	6.708499999999999375e+01	6.699399999999999977e+01	6.683299999999999841e+01	6.772599999999999909e+01	6.733700000000000330e+01	6.717700000000000671e+01	6.751999999999999602e+01	6.726800000000000068e+01	6.722299999999999898e+01	6.802400000000000091e+01	6.816100000000000136e+01	6.823000000000000398e+01	6.825300000000000011e+01	6.859600000000000364e+01	6.813800000000000523e+01	6.850400000000000489e+01	6.932800000000000296e+01	6.813800000000000523e+01	6.946599999999999397e+01	7.031199999999999761e+01	7.019799999999999329e+01	7.012900000000000489e+01	6.916800000000000637e+01	6.916800000000000637e+01	6.880200000000000671e+01	6.944299999999999784e+01	6.834399999999999409e+01	6.896200000000000330e+01	6.857299999999999329e+01	6.861899999999999977e+01	6.845900000000000318e+01	6.829800000000000182e+01	6.829800000000000182e+01	6.845900000000000318e+01	6.859600000000000364e+01	6.859600000000000364e+01	6.864199999999999591e+01	6.854999999999999716e+01	6.877899999999999636e+01	6.873300000000000409e+01	6.884799999999999898e+01	6.928300000000000125e+01	6.935099999999999909e+01	6.987800000000000011e+01	6.939700000000000557e+01	6.889300000000000068e+01	6.859600000000000364e+01	6.836700000000000443e+01	6.806900000000000261e+01	6.877899999999999636e+01	6.916800000000000637e+01	6.866500000000000625e+01	6.845900000000000318e+01	6.841299999999999670e+01	6.811499999999999488e+01	6.781799999999999784e+01	6.768000000000000682e+01	6.751999999999999602e+01	6.724500000000000455e+01	6.745099999999999341e+01	6.777200000000000557e+01	6.751999999999999602e+01	6.713100000000000023e+01	6.731399999999999295e+01	6.694799999999999329e+01	6.667300000000000182e+01	6.637600000000000477e+01	6.607800000000000296e+01	6.648999999999999488e+01	6.614700000000000557e+01	6.596399999999999864e+01	6.580400000000000205e+01	6.614700000000000557e+01	6.655899999999999750e+01	6.660500000000000398e+01	6.669599999999999795e+01	6.621599999999999397e+01	6.601000000000000512e+01	6.607800000000000296e+01	6.591800000000000637e+01	6.580400000000000205e+01	6.536899999999999977e+01	6.552899999999999636e+01	6.520799999999999841e+01	6.500199999999999534e+01	6.479600000000000648e+01	6.456799999999999784e+01	6.463599999999999568e+01	6.449899999999999523e+01	6.433899999999999864e+01	6.431600000000000250e+01	6.436199999999999477e+01	6.511700000000000443e+01	6.500199999999999534e+01	6.509399999999999409e+01	6.527700000000000102e+01	6.635299999999999443e+01	6.603199999999999648e+01	6.552899999999999636e+01	6.523099999999999454e+01	6.511700000000000443e+01	6.477400000000000091e+01	6.571200000000000330e+01	6.552899999999999636e+01	6.529999999999999716e+01	6.516299999999999670e+01	6.516299999999999670e+01	6.580400000000000205e+01	6.541400000000000148e+01	6.518600000000000705e+01	6.504800000000000182e+01	6.500199999999999534e+01	6.470499999999999829e+01	6.447599999999999909e+01	6.443000000000000682e+01	6.454500000000000171e+01	6.431600000000000250e+01	6.424699999999999989e+01	6.406399999999999295e+01	6.438400000000000034e+01	6.591800000000000637e+01	6.580400000000000205e+01	6.541400000000000148e+01	6.543699999999999761e+01	6.514000000000000057e+01	6.495699999999999363e+01	6.498000000000000398e+01	6.491100000000000136e+01	6.493399999999999750e+01	6.470499999999999829e+01	6.401800000000000068e+01	6.523099999999999454e+01	6.500199999999999534e+01	6.477400000000000091e+01	6.488800000000000523e+01	6.479600000000000648e+01	6.479600000000000648e+01	6.465900000000000603e+01	6.456799999999999784e+01	6.452200000000000557e+01	6.440699999999999648e+01	6.500199999999999534e+01	6.486499999999999488e+01	6.465900000000000603e+01	6.449899999999999523e+01	6.424699999999999989e+01	6.422400000000000375e+01	6.360600000000000165e+01	6.374399999999999977e+01	6.356000000000000227e+01	6.365200000000000102e+01	6.374399999999999977e+01	6.351500000000000057e+01	6.351500000000000057e+01
0.000000000000000000e+00	2.466889999999999930e+02	2.264329999999999927e+02	2.070010000000000048e+02	1.895600000000000023e+02	1.734919999999999902e+02	1.604000000000000057e+02	1.476750000000000114e+02	1.377179999999999893e+02	1.302340000000000089e+02	1.249689999999999941e+02	1.209410000000000025e+02	1.175990000000000038e+02	1.148070000000000022e+02	1.124270000000000067e+02	1.106410000000000053e+02	1.090160000000000053e+02	1.072079999999999984e+02	1.058810000000000002e+02	1.041410000000000053e+02	1.026989999999999981e+02	1.008679999999999950e+02	9.876300000000000523e+01	9.658799999999999386e+01	9.457399999999999807e+01	9.258299999999999841e+01	9.107200000000000273e+01	8.969899999999999807e+01	8.855400000000000205e+01	8.766200000000000614e+01	8.702100000000000080e+01	8.676900000000000546e+01	8.690600000000000591e+01	8.695199999999999818e+01	8.635699999999999932e+01	8.603700000000000614e+01	8.551000000000000512e+01	8.528100000000000591e+01	8.486899999999999977e+01	8.461799999999999500e+01	8.438899999999999579e+01	8.415999999999999659e+01	8.505200000000000671e+01	8.489199999999999591e+01	8.486899999999999977e+01	8.482399999999999807e+01	8.491500000000000625e+01	8.567000000000000171e+01	8.548699999999999477e+01	8.534999999999999432e+01	8.569299999999999784e+01	8.573900000000000432e+01	8.576200000000000045e+01	8.615099999999999625e+01	8.706699999999999307e+01	8.908100000000000307e+01	8.896599999999999397e+01	8.882899999999999352e+01	8.903499999999999659e+01	8.985899999999999466e+01	9.015699999999999648e+01	9.022499999999999432e+01	9.075199999999999534e+01	9.139300000000000068e+01	9.168999999999999773e+01	9.249099999999999966e+01	9.317799999999999727e+01	9.333799999999999386e+01	9.361299999999999955e+01	9.388700000000000045e+01	9.484900000000000375e+01	9.555800000000000693e+01	9.599299999999999500e+01	9.622199999999999420e+01	9.711499999999999488e+01	9.720600000000000307e+01	9.743500000000000227e+01	9.839600000000000080e+01	9.919700000000000273e+01	9.990699999999999648e+01	1.002960000000000065e+02	1.021959999999999980e+02	1.039579999999999984e+02	1.043239999999999981e+02	1.049419999999999931e+02	1.050799999999999983e+02	1.055370000000000061e+02	1.060409999999999968e+02	1.059719999999999942e+02	1.059950000000000045e+02	1.059039999999999964e+02	1.060639999999999930e+02	1.068419999999999987e+02	1.072540000000000049e+02	1.075520000000000067e+02	1.082609999999999957e+02	1.085130000000000052e+02	1.087650000000000006e+02	1.092680000000000007e+02	1.095660000000000025e+02	1.098859999999999957e+02	1.115799999999999983e+02	1.118089999999999975e+02	1.129530000000000030e+02	1.132279999999999944e+02	1.137770000000000010e+02	1.142579999999999956e+02	1.147840000000000060e+02	1.151500000000000057e+02	1.154479999999999933e+02	1.157909999999999968e+02	1.163640000000000043e+02	1.166839999999999975e+02	1.171189999999999998e+02	1.173930000000000007e+02	1.175540000000000020e+02	1.179200000000000017e+02	1.182630000000000052e+02	1.185840000000000032e+02	1.188130000000000024e+02	1.193160000000000025e+02	1.196140000000000043e+02	1.200259999999999962e+02	1.204609999999999985e+02	1.207579999999999956e+02	1.210780000000000030e+02	1.213760000000000048e+02	1.216959999999999980e+02	1.223139999999999930e+02	1.228179999999999978e+02	1.230240000000000009e+02	1.235049999999999955e+02	1.239170000000000016e+02	1.242600000000000051e+02	1.248319999999999936e+02	1.251299999999999955e+02	1.254500000000000028e+02	1.259309999999999974e+02	1.263199999999999932e+02	1.265949999999999989e+02	1.267780000000000058e+02	1.270979999999999990e+02	1.273040000000000020e+02	1.276929999999999978e+02	1.276700000000000017e+02	1.277849999999999966e+02	1.279449999999999932e+02	1.283340000000000032e+02	1.282880000000000109e+02	1.284480000000000075e+02	1.286769999999999925e+02	1.289749999999999943e+02	1.293410000000000082e+02	1.295929999999999893e+02	1.303710000000000093e+02	1.307829999999999870e+02	1.309199999999999875e+02	1.308979999999999961e+02	1.310809999999999889e+02	1.313319999999999936e+02	1.313779999999999859e+02	1.314010000000000105e+02	1.314699999999999989e+02	1.316990000000000123e+02	1.318129999999999882e+02	1.319050000000000011e+02	1.319499999999999886e+02	1.321330000000000098e+02	1.322479999999999905e+02	1.323619999999999948e+02	1.325229999999999961e+02	1.326599999999999966e+02	1.329799999999999898e+02	1.330490000000000066e+02	1.331630000000000109e+02	1.333470000000000084e+02	1.334379999999999882e+02	1.335529999999999973e+02	1.336440000000000055e+02	1.337589999999999861e+02	1.339420000000000073e+02	1.341930000000000121e+02	1.342849999999999966e+02	1.343540000000000134e+02	1.343309999999999889e+02	1.344910000000000139e+02	1.345370000000000061e+02	1.344219999999999970e+02	1.344219999999999970e+02	1.344219999999999970e+02
0.000000000000000000e+00	3.622509999999999764e+02	3.217850000000000250e+02	2.863999999999999773e+02	2.594830000000000041e+02	2.351990000000000123e+02	2.151719999999999970e+02	1.987379999999999995e+02	1.856920000000000073e+02	1.752319999999999993e+02	1.663060000000000116e+02	1.587520000000000095e+02	1.543580000000000041e+02	1.506270000000000095e+02	1.468509999999999991e+02	1.432110000000000127e+02	1.397779999999999916e+02	1.352920000000000016e+02	1.305999999999999943e+02	1.274410000000000025e+02	1.235729999999999933e+02	1.203229999999999933e+02	1.180109999999999957e+02	1.156539999999999964e+02	1.139369999999999976e+02	1.125409999999999968e+02	1.113280000000000030e+02	1.104350000000000023e+02	1.098859999999999957e+02	1.091310000000000002e+02	1.085819999999999936e+02	1.082379999999999995e+02	1.078490000000000038e+02	1.073460000000000036e+02	1.068190000000000026e+02	1.075289999999999964e+02	1.080319999999999965e+02	1.082609999999999957e+02	1.083529999999999944e+02	1.096340000000000003e+02	1.095430000000000064e+02	1.097720000000000056e+02	1.097950000000000017e+02	1.095660000000000025e+02	1.095199999999999960e+02	1.096340000000000003e+02	1.097259999999999991e+02	1.097489999999999952e+02	1.097030000000000030e+02	1.100919999999999987e+02	1.100460000000000065e+02	1.102980000000000018e+02	1.106869999999999976e+02	1.105499999999999972e+02	1.103209999999999980e+02	1.102980000000000018e+02	1.105499999999999972e+02	1.107789999999999964e+02	1.114879999999999995e+02	1.121979999999999933e+02	1.130450000000000017e+02	1.128619999999999948e+02	1.130220000000000056e+02	1.131129999999999995e+02	1.136860000000000070e+02	1.137309999999999945e+02	1.143259999999999934e+02	1.147379999999999995e+02	1.166380000000000052e+02	1.168670000000000044e+02	1.168209999999999980e+02	1.169360000000000070e+02	1.170499999999999972e+02	1.173250000000000028e+02	1.179200000000000017e+02	1.192699999999999960e+02	1.199339999999999975e+02	1.200709999999999980e+02	1.203460000000000036e+02	1.203229999999999933e+02	1.207349999999999994e+02	1.207579999999999956e+02	1.212390000000000043e+02	1.211700000000000017e+02	1.208040000000000020e+02	1.203689999999999998e+02	1.201400000000000006e+02	1.204830000000000041e+02	1.207579999999999956e+02	1.207810000000000059e+02	1.209410000000000025e+02	1.216959999999999980e+02	1.220859999999999985e+02	1.222690000000000055e+02	1.232300000000000040e+02	1.239620000000000033e+02	1.244200000000000017e+02	1.246260000000000048e+02	1.249689999999999941e+02	1.258619999999999948e+02	1.262279999999999944e+02	1.264569999999999936e+02	1.268919999999999959e+02	1.273499999999999943e+02	1.274639999999999986e+02	1.279449999999999932e+02	1.281279999999999859e+02	1.284029999999999916e+02	1.287460000000000093e+02	1.289979999999999905e+02	1.293180000000000121e+02	1.295469999999999970e+02	1.298679999999999950e+02	1.300279999999999916e+02	1.303249999999999886e+02	1.305310000000000059e+02	1.314010000000000105e+02	1.321330000000000098e+02	1.323170000000000073e+02	1.323849999999999909e+02	1.325449999999999875e+02	1.327059999999999889e+02	1.329569999999999936e+02	1.336670000000000016e+02	1.336440000000000055e+02	1.340560000000000116e+02	1.342390000000000043e+02	1.345140000000000100e+02	1.347199999999999989e+02	1.350169999999999959e+02	1.350860000000000127e+02	1.352009999999999934e+02	1.354060000000000059e+02	1.356810000000000116e+02	1.358180000000000121e+02	1.360469999999999970e+02	1.362079999999999984e+02	1.362990000000000066e+02	1.364360000000000070e+02	1.366419999999999959e+02	1.377870000000000061e+02	1.382680000000000007e+02	1.383360000000000127e+02	1.384960000000000093e+02	1.388849999999999909e+02	1.391140000000000043e+02	1.391829999999999927e+02	1.394809999999999945e+02	1.395029999999999859e+02	1.397319999999999993e+02	1.398009999999999877e+02	1.398700000000000045e+02	1.400759999999999934e+02	1.403050000000000068e+02	1.404879999999999995e+02	1.406020000000000039e+02	1.407170000000000130e+02	1.422500000000000000e+02	1.421810000000000116e+02	1.422959999999999923e+02	1.424790000000000134e+02	1.426390000000000100e+02	1.427539999999999907e+02	1.428909999999999911e+02	1.431430000000000007e+02	1.433720000000000141e+02	1.434629999999999939e+02	1.437150000000000034e+02	1.439670000000000130e+02	1.440349999999999966e+02	1.441730000000000018e+02	1.443329999999999984e+02	1.444470000000000027e+02	1.444929999999999950e+02	1.448590000000000089e+02	1.449970000000000141e+02	1.451339999999999861e+02	1.453170000000000073e+02	1.456599999999999966e+02	1.457290000000000134e+02	1.459579999999999984e+02	1.462100000000000080e+02	1.463470000000000084e+02	1.465529999999999973e+02	1.466899999999999977e+02	1.467359999999999900e+02	1.469420000000000073e+02	1.470339999999999918e+02	1.472170000000000130e+02	1.474459999999999980e+02
1.000000000000000000e+00	3.757099999999999795e+02	3.418349999999999795e+02	3.072970000000000255e+02	2.786179999999999950e+02	2.551119999999999948e+02	2.339629999999999939e+02	2.141419999999999959e+02	1.972959999999999923e+02	1.831740000000000066e+02	1.719590000000000032e+02	1.620709999999999980e+02	1.539230000000000018e+02	1.477429999999999950e+02	1.421810000000000116e+02	1.371459999999999866e+02	1.330260000000000105e+02	1.293870000000000005e+02	1.257710000000000008e+02	1.203229999999999933e+02	1.148529999999999944e+02	1.117169999999999987e+02	1.088790000000000049e+02	1.055370000000000061e+02	1.022420000000000044e+02	9.947199999999999420e+01	9.697700000000000387e+01	9.509999999999999432e+01	9.441400000000000148e+01	9.317799999999999727e+01	9.194199999999999307e+01	9.114100000000000534e+01	9.001900000000000546e+01	8.951600000000000534e+01	8.871500000000000341e+01	8.828000000000000114e+01	8.818800000000000239e+01	8.759300000000000352e+01	8.779900000000000659e+01	8.743300000000000693e+01	8.734099999999999397e+01	8.679200000000000159e+01	8.670000000000000284e+01	8.713500000000000512e+01	8.681499999999999773e+01	8.697499999999999432e+01	8.736400000000000432e+01	8.734099999999999397e+01	8.699800000000000466e+01	8.651699999999999591e+01	8.649399999999999977e+01	8.692900000000000205e+01	8.704399999999999693e+01	8.709000000000000341e+01	8.651699999999999591e+01	8.656300000000000239e+01	8.626600000000000534e+01	8.715800000000000125e+01	8.683799999999999386e+01	8.699800000000000466e+01	8.750199999999999534e+01	8.768500000000000227e+01	8.802800000000000580e+01	8.832599999999999341e+01	8.896599999999999397e+01	8.919499999999999318e+01	9.011100000000000421e+01	9.143800000000000239e+01	9.127800000000000580e+01	9.173600000000000421e+01	9.345199999999999818e+01	9.336100000000000421e+01	9.326900000000000546e+01	9.379600000000000648e+01	9.361299999999999955e+01	9.434499999999999886e+01	9.439100000000000534e+01	9.450499999999999545e+01	9.537500000000000000e+01	9.555800000000000693e+01	9.562699999999999534e+01	9.807599999999999341e+01	9.860200000000000387e+01	9.876300000000000523e+01	9.869400000000000261e+01	9.947199999999999420e+01	9.954099999999999682e+01	9.903700000000000614e+01	9.999800000000000466e+01	1.007770000000000010e+02	1.011430000000000007e+02	1.016239999999999952e+02	1.016460000000000008e+02	1.026310000000000002e+02	1.030430000000000064e+02	1.040270000000000010e+02	1.060180000000000007e+02	1.063160000000000025e+02	1.062699999999999960e+02	1.066359999999999957e+02	1.075289999999999964e+02	1.079180000000000064e+02	1.080550000000000068e+02	1.085589999999999975e+02	1.107789999999999964e+02	1.110759999999999934e+02	1.125180000000000007e+02	1.129069999999999965e+02	1.133649999999999949e+02	1.138689999999999998e+02	1.151730000000000018e+02	1.182860000000000014e+02	1.186749999999999972e+02	1.197279999999999944e+02	1.204830000000000041e+02	1.225199999999999960e+02	1.234360000000000070e+02	1.243059999999999974e+02	1.254959999999999951e+02	1.271670000000000016e+02	1.279449999999999932e+02	1.293180000000000121e+02	1.306459999999999866e+02	1.316529999999999916e+02	1.330260000000000105e+02	1.344910000000000139e+02	1.357040000000000077e+02	1.370320000000000107e+02	1.385879999999999939e+02	1.401210000000000093e+02	1.419749999999999943e+02	1.441959999999999980e+02	1.461639999999999873e+02	1.494370000000000118e+02	1.511310000000000002e+02	1.533280000000000030e+02	1.561430000000000007e+02	1.581339999999999861e+02	1.602860000000000014e+02	1.647489999999999952e+02	1.674039999999999964e+02	1.702419999999999902e+02	1.727369999999999948e+02	1.756670000000000016e+02	1.782299999999999898e+02	1.814350000000000023e+02	1.841129999999999995e+02	1.849139999999999873e+02	1.876599999999999966e+02	1.907500000000000000e+02	1.924900000000000091e+02	1.959919999999999902e+02	1.985089999999999861e+02	2.013930000000000007e+02	2.041169999999999902e+02	2.064739999999999895e+02	2.083509999999999991e+02	2.106399999999999864e+02	2.133410000000000082e+02	2.155840000000000032e+02	2.175980000000000132e+02	2.204130000000000109e+02	2.220149999999999864e+02	2.238689999999999998e+02	2.360459999999999923e+02	2.385860000000000127e+02	2.400279999999999916e+02	2.418820000000000050e+02	2.443540000000000134e+02	2.449950000000000045e+02	2.469410000000000025e+02	2.482680000000000007e+02	2.500759999999999934e+02	2.516779999999999973e+02	2.533720000000000141e+02	2.545169999999999959e+02	2.551119999999999948e+02	2.563249999999999886e+02	2.579730000000000132e+02	2.593690000000000282e+02	2.604680000000000177e+02	2.619320000000000164e+02	2.635570000000000164e+02	2.647479999999999905e+02	2.646100000000000136e+02	2.660520000000000209e+02	2.672649999999999864e+02	2.692789999999999964e+02	2.702180000000000177e+02	2.712939999999999827e+02
0.000000000000000000e+00	3.973389999999999986e+02	3.617710000000000150e+02	3.304139999999999873e+02	3.005450000000000159e+02	2.753450000000000273e+02	2.548369999999999891e+02	2.388379999999999939e+02	2.248760000000000048e+02	2.138209999999999980e+02	2.052379999999999995e+02	1.978230000000000075e+02	1.917800000000000011e+02	1.866759999999999877e+02	1.830600000000000023e+02	1.794890000000000043e+02	1.761020000000000039e+02	1.695099999999999909e+02	1.619799999999999898e+02	1.547009999999999934e+02	1.488189999999999884e+02	1.441959999999999980e+02	1.401210000000000093e+02	1.370540000000000020e+02	1.344679999999999893e+02	1.321109999999999900e+02	1.304399999999999977e+02	1.289290000000000020e+02	1.276700000000000017e+02	1.267780000000000058e+02	1.256099999999999994e+02	1.249009999999999962e+02	1.243059999999999974e+02	1.237109999999999985e+02	1.235499999999999972e+02	1.239399999999999977e+02	1.238709999999999951e+02	1.238479999999999990e+02	1.240540000000000020e+02	1.250610000000000070e+02	1.252669999999999959e+02	1.257480000000000047e+02	1.261370000000000005e+02	1.266629999999999967e+02	1.270750000000000028e+02	1.276929999999999978e+02	1.281510000000000105e+02	1.285860000000000127e+02	1.292040000000000077e+02	1.295699999999999932e+02	1.301879999999999882e+02	1.309660000000000082e+02	1.314929999999999950e+02	1.322709999999999866e+02	1.327290000000000134e+02	1.332549999999999955e+02	1.339190000000000111e+02	1.345829999999999984e+02	1.356810000000000116e+02	1.364139999999999873e+02	1.369629999999999939e+02	1.378100000000000023e+02	1.386570000000000107e+02	1.397549999999999955e+02	1.405560000000000116e+02	1.415409999999999968e+02	1.424790000000000134e+02	1.433720000000000141e+02	1.443559999999999945e+02	1.453400000000000034e+02	1.464389999999999930e+02	1.477199999999999989e+02	1.487270000000000039e+02	1.500780000000000030e+02	1.511990000000000123e+02	1.524350000000000023e+02	1.540829999999999984e+02	1.553650000000000091e+02	1.567839999999999918e+02	1.588209999999999980e+02	1.598969999999999914e+02	1.614530000000000030e+02	1.630780000000000030e+02	1.644519999999999982e+02	1.658940000000000055e+02	1.673580000000000041e+02	1.686630000000000109e+02	1.698760000000000048e+02	1.709519999999999982e+02	1.713640000000000043e+02	1.715010000000000048e+02	1.717990000000000066e+02	1.718439999999999941e+02	1.719130000000000109e+02	1.722110000000000127e+02	1.722340000000000089e+02	1.724399999999999977e+02	1.725540000000000020e+02	1.723710000000000093e+02	1.725080000000000098e+02	1.727139999999999986e+02	1.727139999999999986e+02	1.728739999999999952e+02	1.730120000000000005e+02	1.732179999999999893e+02	1.734919999999999902e+02	1.736759999999999877e+02	1.737439999999999998e+02	1.739960000000000093e+02	1.742249999999999943e+02	1.743389999999999986e+02	1.742249999999999943e+02	1.745449999999999875e+02	1.747510000000000048e+02	1.747740000000000009e+02	1.749799999999999898e+02	1.749799999999999898e+02	1.750720000000000027e+02	1.751860000000000070e+02	1.752090000000000032e+02	1.753230000000000075e+02	1.756210000000000093e+02	1.755519999999999925e+02	1.755519999999999925e+02	1.757810000000000059e+02	1.757129999999999939e+02	1.757580000000000098e+02	1.758959999999999866e+02	1.761699999999999875e+02	1.762620000000000005e+02	1.763530000000000086e+02	1.762849999999999966e+02	1.765140000000000100e+02	1.765370000000000061e+02	1.766510000000000105e+02	1.766970000000000027e+02	1.767649999999999864e+02	1.767880000000000109e+02	1.767649999999999864e+02	1.769939999999999998e+02	1.769490000000000123e+02	1.770169999999999959e+02	1.771769999999999925e+02	1.769939999999999998e+02	1.769939999999999998e+02	1.770169999999999959e+02	1.770399999999999920e+02	1.770860000000000127e+02	1.772460000000000093e+02	1.780929999999999893e+02	1.780699999999999932e+02	1.781390000000000100e+02	1.781160000000000139e+02	1.781620000000000061e+02	1.782299999999999898e+02	1.780929999999999893e+02	1.782299999999999898e+02	1.782069999999999936e+02	1.780699999999999932e+02	1.780929999999999893e+02	1.781620000000000061e+02	1.781620000000000061e+02	1.783449999999999989e+02	1.783679999999999950e+02	1.782529999999999859e+02	1.781620000000000061e+02	1.783449999999999989e+02	1.783220000000000027e+02	1.781620000000000061e+02	1.783449999999999989e+02	1.782529999999999859e+02	1.782299999999999898e+02	1.783679999999999950e+02	1.783220000000000027e+02	1.780929999999999893e+02	1.782529999999999859e+02	1.782760000000000105e+02	1.783220000000000027e+02	1.783449999999999989e+02	1.780010000000000048e+02	1.780469999999999970e+02	1.781620000000000061e+02	1.777949999999999875e+02	1.780929999999999893e+02	1.781850000000000023e+02	1.780699999999999932e+02	1.780010000000000048e+02	1.780240000000000009e+02	1.779329999999999927e+02	1.777949999999999875e+02
0.000000000000000000e+00	1.948009999999999877e+02	1.793290000000000077e+02	1.627119999999999891e+02	1.465300000000000011e+02	1.315610000000000070e+02	1.180799999999999983e+02	1.085589999999999975e+02	1.011200000000000045e+02	9.484900000000000375e+01	9.052299999999999613e+01	8.651699999999999591e+01	8.335899999999999466e+01	8.081799999999999784e+01	7.891800000000000637e+01	7.720199999999999818e+01	7.569100000000000250e+01	7.392900000000000205e+01	7.198300000000000409e+01	6.884799999999999898e+01	6.658199999999999363e+01	6.481900000000000261e+01	6.330899999999999750e+01	6.204999999999999716e+01	6.053900000000000148e+01	5.944100000000000250e+01	5.854800000000000182e+01	5.777000000000000313e+01	5.708299999999999841e+01	5.637400000000000233e+01	5.571000000000000085e+01	5.541199999999999903e+01	5.474900000000000233e+01	5.470300000000000296e+01	5.429099999999999682e+01	5.376400000000000290e+01	5.344400000000000261e+01	5.326100000000000279e+01	5.287199999999999989e+01	5.268900000000000006e+01	5.232200000000000273e+01	5.216199999999999903e+01	5.202499999999999858e+01	5.181900000000000261e+01	5.172699999999999676e+01	5.170400000000000063e+01	5.190999999999999659e+01	5.181900000000000261e+01	5.175000000000000000e+01	5.149799999999999756e+01	5.159000000000000341e+01	5.179599999999999937e+01	5.177300000000000324e+01	5.190999999999999659e+01	5.170400000000000063e+01	5.159000000000000341e+01	5.145300000000000296e+01	5.140699999999999648e+01	5.149799999999999756e+01	5.142999999999999972e+01	5.188799999999999812e+01	5.195600000000000307e+01	5.207099999999999795e+01	5.216199999999999903e+01	5.236800000000000210e+01	5.266599999999999682e+01	5.300900000000000034e+01	5.291700000000000159e+01	5.305499999999999972e+01	5.332900000000000063e+01	5.332900000000000063e+01	5.342099999999999937e+01	5.355799999999999983e+01	5.353499999999999659e+01	5.364999999999999858e+01	5.413100000000000023e+01	5.429099999999999682e+01	5.426800000000000068e+01	5.452000000000000313e+01	5.461099999999999710e+01	5.520600000000000307e+01	5.561800000000000210e+01	5.552700000000000102e+01	5.580100000000000193e+01	5.582399999999999807e+01	5.589300000000000068e+01	5.600699999999999790e+01	5.598400000000000176e+01	5.621300000000000097e+01	5.623599999999999710e+01	5.625900000000000034e+01	5.644200000000000017e+01	5.671699999999999875e+01	5.740400000000000347e+01	5.756400000000000006e+01	5.760999999999999943e+01	5.786099999999999710e+01	5.811299999999999955e+01	5.818200000000000216e+01	5.868500000000000227e+01	5.875399999999999778e+01	5.882300000000000040e+01	5.911999999999999744e+01	5.925800000000000267e+01	5.957800000000000296e+01	6.008100000000000307e+01	6.042499999999999716e+01	6.079099999999999682e+01	6.145499999999999829e+01	6.200399999999999778e+01	6.255299999999999727e+01	6.324000000000000199e+01	6.463599999999999568e+01	6.603199999999999648e+01	6.738299999999999557e+01	6.875600000000000023e+01	7.035800000000000409e+01	7.296800000000000352e+01	7.463800000000000523e+01	7.637800000000000011e+01	7.834600000000000364e+01	8.015399999999999636e+01	8.173399999999999466e+01	8.335899999999999466e+01	8.470900000000000318e+01	8.807399999999999807e+01	8.924099999999999966e+01	9.043099999999999739e+01	9.123199999999999932e+01	9.233100000000000307e+01	9.354399999999999693e+01	9.443699999999999761e+01	9.509999999999999432e+01	9.569499999999999318e+01	9.656499999999999773e+01	9.784699999999999420e+01	9.807599999999999341e+01	9.780100000000000193e+01	9.809900000000000375e+01	9.812199999999999989e+01	9.876300000000000523e+01	9.915200000000000102e+01	9.940300000000000580e+01	9.972400000000000375e+01	1.002039999999999935e+02	1.006159999999999997e+02	1.007309999999999945e+02	1.009830000000000041e+02	1.010739999999999981e+02	1.014629999999999939e+02	1.016460000000000008e+02	1.020580000000000069e+02	1.022420000000000044e+02	1.022189999999999941e+02	1.023329999999999984e+02	1.025849999999999937e+02	1.028589999999999947e+02	1.100010000000000048e+02	1.099549999999999983e+02	1.100460000000000065e+02	1.100919999999999987e+02	1.100229999999999961e+02	1.100460000000000065e+02	1.101380000000000052e+02	1.101839999999999975e+02	1.103209999999999980e+02	1.103439999999999941e+02	1.105729999999999933e+02	1.106189999999999998e+02	1.105960000000000036e+02	1.108020000000000067e+02	1.111219999999999999e+02	1.112139999999999986e+02	1.112139999999999986e+02	1.113739999999999952e+02	1.116490000000000009e+02	1.119000000000000057e+02	1.120610000000000070e+02	1.121290000000000049e+02	1.125639999999999930e+02	1.125870000000000033e+02	1.126790000000000020e+02	1.126099999999999994e+02	1.120829999999999984e+02	1.119689999999999941e+02	1.120379999999999967e+02	1.121979999999999933e+02	1.122439999999999998e+02	1.125180000000000007e+02	1.126790000000000020e+02
